timestamp,accuracy,error,in_latency_window,retrain_active,deploy_active
0,1.0000,0.0000,True,True,False
1,0.0000,1.0000,True,True,False
2,0.0000,1.0000,True,True,False
3,1.0000,0.0000,True,True,False
4,0.0000,1.0000,True,True,False
5,1.0000,0.0000,True,True,False
6,1.0000,0.0000,True,True,False
7,1.0000,0.0000,True,True,False
8,0.0000,1.0000,True,True,False
9,0.0000,1.0000,True,True,False
10,0.0000,1.0000,True,False,True
11,1.0000,0.0000,False,False,False
12,0.0000,1.0000,False,False,False
13,1.0000,0.0000,False,False,False
14,1.0000,0.0000,False,False,False
15,1.0000,0.0000,False,False,False
16,1.0000,0.0000,False,False,False
17,1.0000,0.0000,False,False,False
18,0.0000,1.0000,False,False,False
19,0.0000,1.0000,False,False,False
20,1.0000,0.0000,False,False,False
21,1.0000,0.0000,False,False,False
22,1.0000,0.0000,False,False,False
23,1.0000,0.0000,False,False,False
24,1.0000,0.0000,False,False,False
25,0.0000,1.0000,False,False,False
26,1.0000,0.0000,False,False,False
27,1.0000,0.0000,False,False,False
28,1.0000,0.0000,False,False,False
29,1.0000,0.0000,False,False,False
30,1.0000,0.0000,False,False,False
31,1.0000,0.0000,False,False,False
32,1.0000,0.0000,False,False,False
33,0.0000,1.0000,False,False,False
34,0.0000,1.0000,False,False,False
35,1.0000,0.0000,False,False,False
36,1.0000,0.0000,False,False,False
37,1.0000,0.0000,False,False,False
38,1.0000,0.0000,False,False,False
39,1.0000,0.0000,False,False,False
40,1.0000,0.0000,False,False,False
41,1.0000,0.0000,False,False,False
42,0.0000,1.0000,False,False,False
43,0.0000,1.0000,False,False,False
44,0.0000,1.0000,False,False,False
45,1.0000,0.0000,False,False,False
46,1.0000,0.0000,False,False,False
47,1.0000,0.0000,False,False,False
48,1.0000,0.0000,False,False,False
49,0.0000,1.0000,False,False,False
50,1.0000,0.0000,False,False,False
51,1.0000,0.0000,False,False,False
52,1.0000,0.0000,False,False,False
53,1.0000,0.0000,False,False,False
54,0.0000,1.0000,False,False,False
55,1.0000,0.0000,False,False,False
56,1.0000,0.0000,False,False,False
57,1.0000,0.0000,False,False,False
58,0.0000,1.0000,False,False,False
59,0.0000,1.0000,False,False,False
60,1.0000,0.0000,False,False,False
61,1.0000,0.0000,False,False,False
62,1.0000,0.0000,False,False,False
63,1.0000,0.0000,False,False,False
64,0.0000,1.0000,False,False,False
65,0.0000,1.0000,False,False,False
66,1.0000,0.0000,False,False,False
67,1.0000,0.0000,False,False,False
68,0.0000,1.0000,False,False,False
69,1.0000,0.0000,False,False,False
70,0.0000,1.0000,False,False,False
71,0.0000,1.0000,False,False,False
72,0.0000,1.0000,False,False,False
73,0.0000,1.0000,False,False,False
74,0.0000,1.0000,False,False,False
75,0.0000,1.0000,False,False,False
76,1.0000,0.0000,False,False,False
77,0.0000,1.0000,False,False,False
78,1.0000,0.0000,False,False,False
79,0.0000,1.0000,False,False,False
80,0.0000,1.0000,False,False,False
81,1.0000,0.0000,False,False,False
82,1.0000,0.0000,False,False,False
83,0.0000,1.0000,False,False,False
84,1.0000,0.0000,False,False,False
85,1.0000,0.0000,False,False,False
86,1.0000,0.0000,False,False,False
87,1.0000,0.0000,False,False,False
88,1.0000,0.0000,False,False,False
89,1.0000,0.0000,False,False,False
90,1.0000,0.0000,False,False,False
91,0.0000,1.0000,False,False,False
92,0.0000,1.0000,False,False,False
93,1.0000,0.0000,False,False,False
94,1.0000,0.0000,False,False,False
95,1.0000,0.0000,False,False,False
96,0.0000,1.0000,False,False,False
97,1.0000,0.0000,False,False,False
98,0.0000,1.0000,False,False,False
99,1.0000,0.0000,False,False,False
100,1.0000,0.0000,False,False,False
101,1.0000,0.0000,False,False,False
102,1.0000,0.0000,False,False,False
103,1.0000,0.0000,False,False,False
104,1.0000,0.0000,False,False,False
105,1.0000,0.0000,False,False,False
106,1.0000,0.0000,False,False,False
107,1.0000,0.0000,False,False,False
108,0.0000,1.0000,False,False,False
109,1.0000,0.0000,False,False,False
110,1.0000,0.0000,False,False,False
111,1.0000,0.0000,False,False,False
112,0.0000,1.0000,False,False,False
113,1.0000,0.0000,False,False,False
114,1.0000,0.0000,False,False,False
115,0.0000,1.0000,False,False,False
116,1.0000,0.0000,False,False,False
117,1.0000,0.0000,False,False,False
118,0.0000,1.0000,False,False,False
119,1.0000,0.0000,False,False,False
120,1.0000,0.0000,False,False,False
121,1.0000,0.0000,False,False,False
122,1.0000,0.0000,False,False,False
123,1.0000,0.0000,False,False,False
124,0.0000,1.0000,False,False,False
125,1.0000,0.0000,False,False,False
126,0.0000,1.0000,False,False,False
127,1.0000,0.0000,False,False,False
128,1.0000,0.0000,False,False,False
129,0.0000,1.0000,False,False,False
130,1.0000,0.0000,False,False,False
131,1.0000,0.0000,False,False,False
132,0.0000,1.0000,False,False,False
133,1.0000,0.0000,False,False,False
134,1.0000,0.0000,False,False,False
135,1.0000,0.0000,False,False,False
136,1.0000,0.0000,False,False,False
137,1.0000,0.0000,False,False,False
138,1.0000,0.0000,False,False,False
139,1.0000,0.0000,False,False,False
140,1.0000,0.0000,False,False,False
141,0.0000,1.0000,False,False,False
142,1.0000,0.0000,False,False,False
143,1.0000,0.0000,False,False,False
144,1.0000,0.0000,False,False,False
145,0.0000,1.0000,False,False,False
146,1.0000,0.0000,False,False,False
147,1.0000,0.0000,False,False,False
148,1.0000,0.0000,False,False,False
149,0.0000,1.0000,False,False,False
150,1.0000,0.0000,False,False,False
151,1.0000,0.0000,False,False,False
152,1.0000,0.0000,False,False,False
153,0.0000,1.0000,False,False,False
154,0.0000,1.0000,False,False,False
155,1.0000,0.0000,False,False,False
156,1.0000,0.0000,False,False,False
157,1.0000,0.0000,False,False,False
158,1.0000,0.0000,False,False,False
159,0.0000,1.0000,False,False,False
160,1.0000,0.0000,False,False,False
161,0.0000,1.0000,False,False,False
162,0.0000,1.0000,False,False,False
163,1.0000,0.0000,False,False,False
164,0.0000,1.0000,False,False,False
165,1.0000,0.0000,False,False,False
166,1.0000,0.0000,False,False,False
167,1.0000,0.0000,False,False,False
168,1.0000,0.0000,False,False,False
169,1.0000,0.0000,False,False,False
170,0.0000,1.0000,False,False,False
171,1.0000,0.0000,False,False,False
172,1.0000,0.0000,False,False,False
173,1.0000,0.0000,False,False,False
174,1.0000,0.0000,False,False,False
175,1.0000,0.0000,False,False,False
176,1.0000,0.0000,False,False,False
177,0.0000,1.0000,False,False,False
178,0.0000,1.0000,False,False,False
179,1.0000,0.0000,False,False,False
180,1.0000,0.0000,False,False,False
181,1.0000,0.0000,False,False,False
182,0.0000,1.0000,False,False,False
183,1.0000,0.0000,False,False,False
184,1.0000,0.0000,False,False,False
185,1.0000,0.0000,False,False,False
186,1.0000,0.0000,False,False,False
187,1.0000,0.0000,False,False,False
188,1.0000,0.0000,False,False,False
189,1.0000,0.0000,False,False,False
190,0.0000,1.0000,False,False,False
191,0.0000,1.0000,False,False,False
192,1.0000,0.0000,False,False,False
193,1.0000,0.0000,False,False,False
194,1.0000,0.0000,False,False,False
195,1.0000,0.0000,False,False,False
196,1.0000,0.0000,False,False,False
197,1.0000,0.0000,False,False,False
198,1.0000,0.0000,False,False,False
199,0.0000,1.0000,False,False,False
200,1.0000,0.0000,False,False,False
201,0.0000,1.0000,False,False,False
202,1.0000,0.0000,False,False,False
203,0.0000,1.0000,False,False,False
204,1.0000,0.0000,False,False,False
205,1.0000,0.0000,False,False,False
206,1.0000,0.0000,False,False,False
207,1.0000,0.0000,False,False,False
208,1.0000,0.0000,False,False,False
209,1.0000,0.0000,False,False,False
210,1.0000,0.0000,False,False,False
211,1.0000,0.0000,False,False,False
212,1.0000,0.0000,False,False,False
213,1.0000,0.0000,False,False,False
214,1.0000,0.0000,False,False,False
215,1.0000,0.0000,False,False,False
216,0.0000,1.0000,False,False,False
217,1.0000,0.0000,False,False,False
218,0.0000,1.0000,False,False,False
219,1.0000,0.0000,False,False,False
220,1.0000,0.0000,False,False,False
221,1.0000,0.0000,False,False,False
222,1.0000,0.0000,False,False,False
223,1.0000,0.0000,False,False,False
224,1.0000,0.0000,False,False,False
225,0.0000,1.0000,False,False,False
226,1.0000,0.0000,False,False,False
227,1.0000,0.0000,False,False,False
228,1.0000,0.0000,False,False,False
229,1.0000,0.0000,False,False,False
230,1.0000,0.0000,False,False,False
231,1.0000,0.0000,False,False,False
232,1.0000,0.0000,False,False,False
233,1.0000,0.0000,False,False,False
234,1.0000,0.0000,False,False,False
235,1.0000,0.0000,False,False,False
236,1.0000,0.0000,False,False,False
237,0.0000,1.0000,False,False,False
238,1.0000,0.0000,False,False,False
239,1.0000,0.0000,False,False,False
240,1.0000,0.0000,False,False,False
241,1.0000,0.0000,False,False,False
242,1.0000,0.0000,False,False,False
243,1.0000,0.0000,False,False,False
244,0.0000,1.0000,False,False,False
245,1.0000,0.0000,False,False,False
246,1.0000,0.0000,False,False,False
247,1.0000,0.0000,False,False,False
248,1.0000,0.0000,False,False,False
249,0.0000,1.0000,False,False,False
250,1.0000,0.0000,False,False,False
251,1.0000,0.0000,False,False,False
252,0.0000,1.0000,False,False,False
253,1.0000,0.0000,False,False,False
254,0.0000,1.0000,False,False,False
255,1.0000,0.0000,False,False,False
256,0.0000,1.0000,False,False,False
257,1.0000,0.0000,False,False,False
258,0.0000,1.0000,False,False,False
259,1.0000,0.0000,False,False,False
260,1.0000,0.0000,False,False,False
261,0.0000,1.0000,False,False,False
262,1.0000,0.0000,False,False,False
263,1.0000,0.0000,False,False,False
264,1.0000,0.0000,False,False,False
265,1.0000,0.0000,False,False,False
266,0.0000,1.0000,False,False,False
267,1.0000,0.0000,False,False,False
268,0.0000,1.0000,False,False,False
269,1.0000,0.0000,False,False,False
270,1.0000,0.0000,False,False,False
271,0.0000,1.0000,False,False,False
272,0.0000,1.0000,False,False,False
273,1.0000,0.0000,False,False,False
274,1.0000,0.0000,False,False,False
275,1.0000,0.0000,False,False,False
276,0.0000,1.0000,False,False,False
277,1.0000,0.0000,False,False,False
278,0.0000,1.0000,False,False,False
279,0.0000,1.0000,False,False,False
280,1.0000,0.0000,False,False,False
281,1.0000,0.0000,False,False,False
282,1.0000,0.0000,False,False,False
283,1.0000,0.0000,False,False,False
284,1.0000,0.0000,False,False,False
285,1.0000,0.0000,False,False,False
286,1.0000,0.0000,False,False,False
287,1.0000,0.0000,False,False,False
288,1.0000,0.0000,False,False,False
289,0.0000,1.0000,False,False,False
290,1.0000,0.0000,False,False,False
291,1.0000,0.0000,False,False,False
292,1.0000,0.0000,False,False,False
293,0.0000,1.0000,False,False,False
294,0.0000,1.0000,False,False,False
295,1.0000,0.0000,False,False,False
296,1.0000,0.0000,False,False,False
297,1.0000,0.0000,False,False,False
298,1.0000,0.0000,False,False,False
299,1.0000,0.0000,False,False,False
300,1.0000,0.0000,False,False,False
301,1.0000,0.0000,False,False,False
302,0.0000,1.0000,False,False,False
303,1.0000,0.0000,False,False,False
304,1.0000,0.0000,False,False,False
305,1.0000,0.0000,False,False,False
306,1.0000,0.0000,False,False,False
307,1.0000,0.0000,False,False,False
308,1.0000,0.0000,False,False,False
309,1.0000,0.0000,False,False,False
310,1.0000,0.0000,False,False,False
311,1.0000,0.0000,False,False,False
312,0.0000,1.0000,False,False,False
313,1.0000,0.0000,False,False,False
314,0.0000,1.0000,False,False,False
315,1.0000,0.0000,False,False,False
316,1.0000,0.0000,False,False,False
317,1.0000,0.0000,False,False,False
318,1.0000,0.0000,False,False,False
319,0.0000,1.0000,False,False,False
320,1.0000,0.0000,False,False,False
321,0.0000,1.0000,False,False,False
322,1.0000,0.0000,False,False,False
323,1.0000,0.0000,False,False,False
324,0.0000,1.0000,False,False,False
325,1.0000,0.0000,False,False,False
326,1.0000,0.0000,False,False,False
327,0.0000,1.0000,False,False,False
328,1.0000,0.0000,False,False,False
329,1.0000,0.0000,False,False,False
330,1.0000,0.0000,False,False,False
331,0.0000,1.0000,False,False,False
332,0.0000,1.0000,False,False,False
333,0.0000,1.0000,False,False,False
334,1.0000,0.0000,False,False,False
335,0.0000,1.0000,False,False,False
336,1.0000,0.0000,False,False,False
337,1.0000,0.0000,False,False,False
338,1.0000,0.0000,False,False,False
339,0.0000,1.0000,False,False,False
340,1.0000,0.0000,False,False,False
341,1.0000,0.0000,False,False,False
342,1.0000,0.0000,False,False,False
343,0.0000,1.0000,False,False,False
344,1.0000,0.0000,False,False,False
345,1.0000,0.0000,False,False,False
346,1.0000,0.0000,False,False,False
347,1.0000,0.0000,False,False,False
348,1.0000,0.0000,False,False,False
349,0.0000,1.0000,False,False,False
350,1.0000,0.0000,False,False,False
351,1.0000,0.0000,False,False,False
352,0.0000,1.0000,False,False,False
353,1.0000,0.0000,False,False,False
354,0.0000,1.0000,False,False,False
355,0.0000,1.0000,False,False,False
356,1.0000,0.0000,False,False,False
357,1.0000,0.0000,False,False,False
358,0.0000,1.0000,False,False,False
359,1.0000,0.0000,False,False,False
360,1.0000,0.0000,False,False,False
361,1.0000,0.0000,False,False,False
362,0.0000,1.0000,False,False,False
363,1.0000,0.0000,False,False,False
364,1.0000,0.0000,False,False,False
365,1.0000,0.0000,False,False,False
366,1.0000,0.0000,False,False,False
367,1.0000,0.0000,False,False,False
368,1.0000,0.0000,False,False,False
369,0.0000,1.0000,False,False,False
370,1.0000,0.0000,False,False,False
371,1.0000,0.0000,False,False,False
372,1.0000,0.0000,False,False,False
373,1.0000,0.0000,False,False,False
374,1.0000,0.0000,False,False,False
375,1.0000,0.0000,False,False,False
376,1.0000,0.0000,False,False,False
377,0.0000,1.0000,False,False,False
378,1.0000,0.0000,False,False,False
379,1.0000,0.0000,False,False,False
380,0.0000,1.0000,False,False,False
381,1.0000,0.0000,False,False,False
382,1.0000,0.0000,False,False,False
383,1.0000,0.0000,False,False,False
384,1.0000,0.0000,False,False,False
385,1.0000,0.0000,False,False,False
386,1.0000,0.0000,False,False,False
387,1.0000,0.0000,False,False,False
388,1.0000,0.0000,False,False,False
389,0.0000,1.0000,False,False,False
390,1.0000,0.0000,False,False,False
391,0.0000,1.0000,False,False,False
392,1.0000,0.0000,False,False,False
393,0.0000,1.0000,False,False,False
394,0.0000,1.0000,False,False,False
395,1.0000,0.0000,False,False,False
396,1.0000,0.0000,False,False,False
397,0.0000,1.0000,False,False,False
398,0.0000,1.0000,False,False,False
399,1.0000,0.0000,False,False,False
400,1.0000,0.0000,False,False,False
401,1.0000,0.0000,False,False,False
402,1.0000,0.0000,False,False,False
403,1.0000,0.0000,False,False,False
404,1.0000,0.0000,False,False,False
405,1.0000,0.0000,False,False,False
406,1.0000,0.0000,False,False,False
407,0.0000,1.0000,False,False,False
408,1.0000,0.0000,False,False,False
409,1.0000,0.0000,False,False,False
410,1.0000,0.0000,False,False,False
411,1.0000,0.0000,False,False,False
412,1.0000,0.0000,False,False,False
413,1.0000,0.0000,False,False,False
414,0.0000,1.0000,False,False,False
415,1.0000,0.0000,False,False,False
416,1.0000,0.0000,False,False,False
417,0.0000,1.0000,False,False,False
418,1.0000,0.0000,False,False,False
419,1.0000,0.0000,False,False,False
420,1.0000,0.0000,False,False,False
421,1.0000,0.0000,False,False,False
422,1.0000,0.0000,False,False,False
423,1.0000,0.0000,False,False,False
424,1.0000,0.0000,False,False,False
425,1.0000,0.0000,False,False,False
426,1.0000,0.0000,False,False,False
427,0.0000,1.0000,False,False,False
428,0.0000,1.0000,False,False,False
429,1.0000,0.0000,False,False,False
430,0.0000,1.0000,False,False,False
431,1.0000,0.0000,False,False,False
432,1.0000,0.0000,False,False,False
433,1.0000,0.0000,False,False,False
434,1.0000,0.0000,False,False,False
435,1.0000,0.0000,False,False,False
436,1.0000,0.0000,False,False,False
437,0.0000,1.0000,False,False,False
438,1.0000,0.0000,False,False,False
439,1.0000,0.0000,False,False,False
440,1.0000,0.0000,False,False,False
441,1.0000,0.0000,False,False,False
442,1.0000,0.0000,False,False,False
443,1.0000,0.0000,False,False,False
444,1.0000,0.0000,False,False,False
445,0.0000,1.0000,False,False,False
446,0.0000,1.0000,False,False,False
447,1.0000,0.0000,False,False,False
448,1.0000,0.0000,False,False,False
449,1.0000,0.0000,False,False,False
450,1.0000,0.0000,False,False,False
451,1.0000,0.0000,False,False,False
452,0.0000,1.0000,False,False,False
453,0.0000,1.0000,False,False,False
454,1.0000,0.0000,False,False,False
455,0.0000,1.0000,False,False,False
456,1.0000,0.0000,False,False,False
457,0.0000,1.0000,False,False,False
458,0.0000,1.0000,False,False,False
459,1.0000,0.0000,False,False,False
460,0.0000,1.0000,False,False,False
461,1.0000,0.0000,False,False,False
462,0.0000,1.0000,False,False,False
463,0.0000,1.0000,False,False,False
464,1.0000,0.0000,False,False,False
465,0.0000,1.0000,False,False,False
466,1.0000,0.0000,False,False,False
467,1.0000,0.0000,False,False,False
468,1.0000,0.0000,False,False,False
469,1.0000,0.0000,False,False,False
470,0.0000,1.0000,False,False,False
471,1.0000,0.0000,False,False,False
472,1.0000,0.0000,False,False,False
473,1.0000,0.0000,False,False,False
474,0.0000,1.0000,False,False,False
475,1.0000,0.0000,False,False,False
476,1.0000,0.0000,False,False,False
477,1.0000,0.0000,False,False,False
478,1.0000,0.0000,False,False,False
479,1.0000,0.0000,False,False,False
480,0.0000,1.0000,False,False,False
481,1.0000,0.0000,False,False,False
482,0.0000,1.0000,False,False,False
483,1.0000,0.0000,False,False,False
484,1.0000,0.0000,False,False,False
485,1.0000,0.0000,False,False,False
486,1.0000,0.0000,False,False,False
487,1.0000,0.0000,False,False,False
488,0.0000,1.0000,False,False,False
489,0.0000,1.0000,False,False,False
490,1.0000,0.0000,False,False,False
491,1.0000,0.0000,False,False,False
492,1.0000,0.0000,False,False,False
493,1.0000,0.0000,False,False,False
494,1.0000,0.0000,False,False,False
495,1.0000,0.0000,False,False,False
496,1.0000,0.0000,False,False,False
497,1.0000,0.0000,False,False,False
498,1.0000,0.0000,False,False,False
499,1.0000,0.0000,False,False,False
500,1.0000,0.0000,False,False,False
501,1.0000,0.0000,False,False,False
502,0.0000,1.0000,False,False,False
503,1.0000,0.0000,False,False,False
504,0.0000,1.0000,False,False,False
505,1.0000,0.0000,False,False,False
506,0.0000,1.0000,False,False,False
507,1.0000,0.0000,False,False,False
508,1.0000,0.0000,False,False,False
509,0.0000,1.0000,False,False,False
510,0.0000,1.0000,False,False,False
511,0.0000,1.0000,False,False,False
512,1.0000,0.0000,False,False,False
513,1.0000,0.0000,False,False,False
514,1.0000,0.0000,False,False,False
515,1.0000,0.0000,False,False,False
516,1.0000,0.0000,False,False,False
517,1.0000,0.0000,False,False,False
518,1.0000,0.0000,False,False,False
519,1.0000,0.0000,False,False,False
520,1.0000,0.0000,False,False,False
521,0.0000,1.0000,False,False,False
522,1.0000,0.0000,False,False,False
523,1.0000,0.0000,False,False,False
524,1.0000,0.0000,False,False,False
525,1.0000,0.0000,False,False,False
526,1.0000,0.0000,False,False,False
527,0.0000,1.0000,False,False,False
528,0.0000,1.0000,False,False,False
529,0.0000,1.0000,False,False,False
530,0.0000,1.0000,False,False,False
531,1.0000,0.0000,False,False,False
532,1.0000,0.0000,False,False,False
533,1.0000,0.0000,False,False,False
534,1.0000,0.0000,False,False,False
535,1.0000,0.0000,False,False,False
536,0.0000,1.0000,False,False,False
537,0.0000,1.0000,False,False,False
538,1.0000,0.0000,False,False,False
539,1.0000,0.0000,False,False,False
540,1.0000,0.0000,False,False,False
541,0.0000,1.0000,False,False,False
542,0.0000,1.0000,False,False,False
543,1.0000,0.0000,False,False,False
544,1.0000,0.0000,False,False,False
545,0.0000,1.0000,False,False,False
546,1.0000,0.0000,False,False,False
547,1.0000,0.0000,False,False,False
548,1.0000,0.0000,False,False,False
549,1.0000,0.0000,False,False,False
550,0.0000,1.0000,False,False,False
551,1.0000,0.0000,False,False,False
552,1.0000,0.0000,False,False,False
553,0.0000,1.0000,False,False,False
554,0.0000,1.0000,False,False,False
555,1.0000,0.0000,False,False,False
556,0.0000,1.0000,False,False,False
557,0.0000,1.0000,False,False,False
558,1.0000,0.0000,False,False,False
559,1.0000,0.0000,False,False,False
560,1.0000,0.0000,False,False,False
561,1.0000,0.0000,False,False,False
562,1.0000,0.0000,False,False,False
563,0.0000,1.0000,False,False,False
564,1.0000,0.0000,False,False,False
565,0.0000,1.0000,False,False,False
566,1.0000,0.0000,False,False,False
567,0.0000,1.0000,False,False,False
568,1.0000,0.0000,False,False,False
569,1.0000,0.0000,False,False,False
570,1.0000,0.0000,False,False,False
571,1.0000,0.0000,False,False,False
572,1.0000,0.0000,False,False,False
573,0.0000,1.0000,False,False,False
574,1.0000,0.0000,False,False,False
575,0.0000,1.0000,False,False,False
576,1.0000,0.0000,False,False,False
577,1.0000,0.0000,False,False,False
578,0.0000,1.0000,False,False,False
579,1.0000,0.0000,False,False,False
580,0.0000,1.0000,False,False,False
581,1.0000,0.0000,False,False,False
582,1.0000,0.0000,False,False,False
583,1.0000,0.0000,False,False,False
584,1.0000,0.0000,False,False,False
585,0.0000,1.0000,False,False,False
586,1.0000,0.0000,False,False,False
587,1.0000,0.0000,False,False,False
588,1.0000,0.0000,False,False,False
589,1.0000,0.0000,False,False,False
590,1.0000,0.0000,False,False,False
591,1.0000,0.0000,False,False,False
592,1.0000,0.0000,False,False,False
593,0.0000,1.0000,False,False,False
594,1.0000,0.0000,False,False,False
595,0.0000,1.0000,False,False,False
596,1.0000,0.0000,False,False,False
597,1.0000,0.0000,False,False,False
598,1.0000,0.0000,False,False,False
599,0.0000,1.0000,False,False,False
600,1.0000,0.0000,False,False,False
601,1.0000,0.0000,False,False,False
602,1.0000,0.0000,False,False,False
603,1.0000,0.0000,False,False,False
604,1.0000,0.0000,False,False,False
605,0.0000,1.0000,False,False,False
606,1.0000,0.0000,False,False,False
607,1.0000,0.0000,False,False,False
608,1.0000,0.0000,False,False,False
609,1.0000,0.0000,False,False,False
610,1.0000,0.0000,False,False,False
611,0.0000,1.0000,False,False,False
612,1.0000,0.0000,False,False,False
613,1.0000,0.0000,False,False,False
614,1.0000,0.0000,False,False,False
615,1.0000,0.0000,False,False,False
616,0.0000,1.0000,False,False,False
617,1.0000,0.0000,False,False,False
618,1.0000,0.0000,False,False,False
619,1.0000,0.0000,False,False,False
620,1.0000,0.0000,False,False,False
621,1.0000,0.0000,False,False,False
622,1.0000,0.0000,False,False,False
623,0.0000,1.0000,False,False,False
624,1.0000,0.0000,False,False,False
625,1.0000,0.0000,False,False,False
626,1.0000,0.0000,False,False,False
627,1.0000,0.0000,False,False,False
628,1.0000,0.0000,False,False,False
629,1.0000,0.0000,False,False,False
630,0.0000,1.0000,False,False,False
631,0.0000,1.0000,False,False,False
632,0.0000,1.0000,False,False,False
633,0.0000,1.0000,False,False,False
634,1.0000,0.0000,False,False,False
635,1.0000,0.0000,False,False,False
636,1.0000,0.0000,False,False,False
637,1.0000,0.0000,False,False,False
638,0.0000,1.0000,False,False,False
639,1.0000,0.0000,False,False,False
640,0.0000,1.0000,False,False,False
641,0.0000,1.0000,False,False,False
642,0.0000,1.0000,False,False,False
643,1.0000,0.0000,False,False,False
644,1.0000,0.0000,False,False,False
645,0.0000,1.0000,False,False,False
646,1.0000,0.0000,False,False,False
647,1.0000,0.0000,False,False,False
648,1.0000,0.0000,False,False,False
649,1.0000,0.0000,False,False,False
650,0.0000,1.0000,False,False,False
651,1.0000,0.0000,False,False,False
652,1.0000,0.0000,False,False,False
653,1.0000,0.0000,False,False,False
654,1.0000,0.0000,False,False,False
655,1.0000,0.0000,False,False,False
656,0.0000,1.0000,False,False,False
657,0.0000,1.0000,False,False,False
658,0.0000,1.0000,False,False,False
659,1.0000,0.0000,False,False,False
660,0.0000,1.0000,False,False,False
661,1.0000,0.0000,False,False,False
662,1.0000,0.0000,False,False,False
663,1.0000,0.0000,False,False,False
664,1.0000,0.0000,False,False,False
665,0.0000,1.0000,False,False,False
666,0.0000,1.0000,False,False,False
667,0.0000,1.0000,False,False,False
668,0.0000,1.0000,False,False,False
669,1.0000,0.0000,False,False,False
670,1.0000,0.0000,False,False,False
671,0.0000,1.0000,False,False,False
672,1.0000,0.0000,False,False,False
673,1.0000,0.0000,False,False,False
674,0.0000,1.0000,False,False,False
675,1.0000,0.0000,False,False,False
676,1.0000,0.0000,False,False,False
677,0.0000,1.0000,False,False,False
678,1.0000,0.0000,False,False,False
679,0.0000,1.0000,False,False,False
680,1.0000,0.0000,False,False,False
681,1.0000,0.0000,False,False,False
682,1.0000,0.0000,False,False,False
683,1.0000,0.0000,False,False,False
684,1.0000,0.0000,False,False,False
685,0.0000,1.0000,False,False,False
686,1.0000,0.0000,False,False,False
687,1.0000,0.0000,False,False,False
688,0.0000,1.0000,False,False,False
689,1.0000,0.0000,False,False,False
690,1.0000,0.0000,False,False,False
691,1.0000,0.0000,False,False,False
692,0.0000,1.0000,False,False,False
693,0.0000,1.0000,False,False,False
694,1.0000,0.0000,False,False,False
695,0.0000,1.0000,False,False,False
696,1.0000,0.0000,False,False,False
697,1.0000,0.0000,False,False,False
698,1.0000,0.0000,False,False,False
699,1.0000,0.0000,False,False,False
700,1.0000,0.0000,False,False,False
701,1.0000,0.0000,False,False,False
702,1.0000,0.0000,False,False,False
703,1.0000,0.0000,False,False,False
704,1.0000,0.0000,False,False,False
705,1.0000,0.0000,False,False,False
706,1.0000,0.0000,False,False,False
707,1.0000,0.0000,False,False,False
708,1.0000,0.0000,False,False,False
709,1.0000,0.0000,False,False,False
710,1.0000,0.0000,False,False,False
711,1.0000,0.0000,False,False,False
712,1.0000,0.0000,False,False,False
713,1.0000,0.0000,False,False,False
714,0.0000,1.0000,False,False,False
715,0.0000,1.0000,False,False,False
716,0.0000,1.0000,False,False,False
717,1.0000,0.0000,False,False,False
718,1.0000,0.0000,False,False,False
719,1.0000,0.0000,False,False,False
720,1.0000,0.0000,False,False,False
721,1.0000,0.0000,False,False,False
722,1.0000,0.0000,False,False,False
723,0.0000,1.0000,False,False,False
724,1.0000,0.0000,False,False,False
725,1.0000,0.0000,False,False,False
726,1.0000,0.0000,False,False,False
727,1.0000,0.0000,False,False,False
728,1.0000,0.0000,False,False,False
729,1.0000,0.0000,False,False,False
730,1.0000,0.0000,False,False,False
731,0.0000,1.0000,False,False,False
732,1.0000,0.0000,False,False,False
733,1.0000,0.0000,False,False,False
734,1.0000,0.0000,False,False,False
735,1.0000,0.0000,False,False,False
736,1.0000,0.0000,False,False,False
737,1.0000,0.0000,False,False,False
738,0.0000,1.0000,False,False,False
739,1.0000,0.0000,False,False,False
740,1.0000,0.0000,False,False,False
741,1.0000,0.0000,False,False,False
742,1.0000,0.0000,False,False,False
743,1.0000,0.0000,False,False,False
744,1.0000,0.0000,False,False,False
745,1.0000,0.0000,False,False,False
746,1.0000,0.0000,False,False,False
747,0.0000,1.0000,False,False,False
748,1.0000,0.0000,False,False,False
749,1.0000,0.0000,False,False,False
750,1.0000,0.0000,False,False,False
751,1.0000,0.0000,False,False,False
752,1.0000,0.0000,False,False,False
753,1.0000,0.0000,False,False,False
754,1.0000,0.0000,False,False,False
755,1.0000,0.0000,False,False,False
756,1.0000,0.0000,False,False,False
757,1.0000,0.0000,False,False,False
758,1.0000,0.0000,False,False,False
759,0.0000,1.0000,False,False,False
760,1.0000,0.0000,False,False,False
761,0.0000,1.0000,False,False,False
762,1.0000,0.0000,False,False,False
763,1.0000,0.0000,False,False,False
764,1.0000,0.0000,False,False,False
765,0.0000,1.0000,False,False,False
766,1.0000,0.0000,False,False,False
767,1.0000,0.0000,False,False,False
768,1.0000,0.0000,False,False,False
769,1.0000,0.0000,False,False,False
770,1.0000,0.0000,False,False,False
771,1.0000,0.0000,False,False,False
772,1.0000,0.0000,False,False,False
773,1.0000,0.0000,False,False,False
774,1.0000,0.0000,False,False,False
775,1.0000,0.0000,False,False,False
776,1.0000,0.0000,False,False,False
777,1.0000,0.0000,False,False,False
778,1.0000,0.0000,False,False,False
779,1.0000,0.0000,False,False,False
780,0.0000,1.0000,False,False,False
781,0.0000,1.0000,False,False,False
782,1.0000,0.0000,False,False,False
783,1.0000,0.0000,False,False,False
784,1.0000,0.0000,False,False,False
785,1.0000,0.0000,False,False,False
786,1.0000,0.0000,False,False,False
787,1.0000,0.0000,False,False,False
788,1.0000,0.0000,False,False,False
789,1.0000,0.0000,False,False,False
790,1.0000,0.0000,False,False,False
791,1.0000,0.0000,False,False,False
792,1.0000,0.0000,False,False,False
793,0.0000,1.0000,False,False,False
794,1.0000,0.0000,False,False,False
795,1.0000,0.0000,False,False,False
796,1.0000,0.0000,False,False,False
797,1.0000,0.0000,False,False,False
798,1.0000,0.0000,False,False,False
799,1.0000,0.0000,False,False,False
800,0.0000,1.0000,False,False,False
801,1.0000,0.0000,False,False,False
802,1.0000,0.0000,False,False,False
803,1.0000,0.0000,False,False,False
804,1.0000,0.0000,False,False,False
805,0.0000,1.0000,False,False,False
806,1.0000,0.0000,False,False,False
807,1.0000,0.0000,False,False,False
808,0.0000,1.0000,False,False,False
809,1.0000,0.0000,False,False,False
810,0.0000,1.0000,False,False,False
811,1.0000,0.0000,False,False,False
812,1.0000,0.0000,False,False,False
813,1.0000,0.0000,False,False,False
814,0.0000,1.0000,False,False,False
815,1.0000,0.0000,False,False,False
816,1.0000,0.0000,False,False,False
817,1.0000,0.0000,False,False,False
818,1.0000,0.0000,False,False,False
819,1.0000,0.0000,False,False,False
820,1.0000,0.0000,False,False,False
821,1.0000,0.0000,False,False,False
822,0.0000,1.0000,False,False,False
823,0.0000,1.0000,False,False,False
824,1.0000,0.0000,False,False,False
825,0.0000,1.0000,False,False,False
826,1.0000,0.0000,False,False,False
827,0.0000,1.0000,False,False,False
828,0.0000,1.0000,False,False,False
829,1.0000,0.0000,False,False,False
830,0.0000,1.0000,False,False,False
831,1.0000,0.0000,False,False,False
832,0.0000,1.0000,False,False,False
833,1.0000,0.0000,False,False,False
834,1.0000,0.0000,False,False,False
835,1.0000,0.0000,False,False,False
836,1.0000,0.0000,False,False,False
837,1.0000,0.0000,False,False,False
838,1.0000,0.0000,False,False,False
839,1.0000,0.0000,False,False,False
840,1.0000,0.0000,False,False,False
841,1.0000,0.0000,False,False,False
842,0.0000,1.0000,False,False,False
843,0.0000,1.0000,False,False,False
844,0.0000,1.0000,False,False,False
845,1.0000,0.0000,False,False,False
846,1.0000,0.0000,False,False,False
847,1.0000,0.0000,False,False,False
848,0.0000,1.0000,False,False,False
849,0.0000,1.0000,False,False,False
850,1.0000,0.0000,False,False,False
851,1.0000,0.0000,False,False,False
852,1.0000,0.0000,False,False,False
853,0.0000,1.0000,False,False,False
854,1.0000,0.0000,False,False,False
855,0.0000,1.0000,False,False,False
856,1.0000,0.0000,False,False,False
857,1.0000,0.0000,False,False,False
858,1.0000,0.0000,False,False,False
859,1.0000,0.0000,False,False,False
860,0.0000,1.0000,False,False,False
861,1.0000,0.0000,False,False,False
862,1.0000,0.0000,False,False,False
863,1.0000,0.0000,False,False,False
864,1.0000,0.0000,False,False,False
865,1.0000,0.0000,False,False,False
866,1.0000,0.0000,False,False,False
867,1.0000,0.0000,False,False,False
868,0.0000,1.0000,False,False,False
869,0.0000,1.0000,False,False,False
870,1.0000,0.0000,False,False,False
871,1.0000,0.0000,False,False,False
872,0.0000,1.0000,False,False,False
873,1.0000,0.0000,False,False,False
874,1.0000,0.0000,False,False,False
875,1.0000,0.0000,False,False,False
876,1.0000,0.0000,False,False,False
877,1.0000,0.0000,False,False,False
878,1.0000,0.0000,False,False,False
879,1.0000,0.0000,False,False,False
880,1.0000,0.0000,False,False,False
881,0.0000,1.0000,False,False,False
882,1.0000,0.0000,False,False,False
883,0.0000,1.0000,False,False,False
884,1.0000,0.0000,False,False,False
885,1.0000,0.0000,False,False,False
886,1.0000,0.0000,False,False,False
887,1.0000,0.0000,False,False,False
888,0.0000,1.0000,False,False,False
889,0.0000,1.0000,False,False,False
890,0.0000,1.0000,False,False,False
891,1.0000,0.0000,False,False,False
892,0.0000,1.0000,False,False,False
893,1.0000,0.0000,False,False,False
894,1.0000,0.0000,False,False,False
895,1.0000,0.0000,False,False,False
896,1.0000,0.0000,False,False,False
897,1.0000,0.0000,False,False,False
898,1.0000,0.0000,False,False,False
899,1.0000,0.0000,False,False,False
900,0.0000,1.0000,False,False,False
901,1.0000,0.0000,False,False,False
902,1.0000,0.0000,False,False,False
903,0.0000,1.0000,False,False,False
904,1.0000,0.0000,False,False,False
905,0.0000,1.0000,False,False,False
906,1.0000,0.0000,False,False,False
907,1.0000,0.0000,False,False,False
908,1.0000,0.0000,False,False,False
909,1.0000,0.0000,False,False,False
910,1.0000,0.0000,False,False,False
911,1.0000,0.0000,False,False,False
912,1.0000,0.0000,False,False,False
913,1.0000,0.0000,False,False,False
914,0.0000,1.0000,False,False,False
915,1.0000,0.0000,False,False,False
916,1.0000,0.0000,False,False,False
917,1.0000,0.0000,False,False,False
918,0.0000,1.0000,False,False,False
919,0.0000,1.0000,False,False,False
920,1.0000,0.0000,False,False,False
921,1.0000,0.0000,False,False,False
922,1.0000,0.0000,False,False,False
923,1.0000,0.0000,False,False,False
924,1.0000,0.0000,False,False,False
925,1.0000,0.0000,False,False,False
926,1.0000,0.0000,False,False,False
927,1.0000,0.0000,False,False,False
928,1.0000,0.0000,False,False,False
929,1.0000,0.0000,False,False,False
930,1.0000,0.0000,False,False,False
931,0.0000,1.0000,False,False,False
932,0.0000,1.0000,False,False,False
933,1.0000,0.0000,False,False,False
934,1.0000,0.0000,False,False,False
935,1.0000,0.0000,False,False,False
936,1.0000,0.0000,False,False,False
937,1.0000,0.0000,False,False,False
938,1.0000,0.0000,False,False,False
939,1.0000,0.0000,False,False,False
940,1.0000,0.0000,False,False,False
941,1.0000,0.0000,False,False,False
942,1.0000,0.0000,False,False,False
943,0.0000,1.0000,False,False,False
944,1.0000,0.0000,False,False,False
945,0.0000,1.0000,False,False,False
946,1.0000,0.0000,False,False,False
947,1.0000,0.0000,False,False,False
948,0.0000,1.0000,False,False,False
949,1.0000,0.0000,False,False,False
950,1.0000,0.0000,False,False,False
951,1.0000,0.0000,False,False,False
952,0.0000,1.0000,False,False,False
953,1.0000,0.0000,False,False,False
954,1.0000,0.0000,False,False,False
955,1.0000,0.0000,False,False,False
956,1.0000,0.0000,False,False,False
957,1.0000,0.0000,False,False,False
958,1.0000,0.0000,False,False,False
959,1.0000,0.0000,False,False,False
960,1.0000,0.0000,False,False,False
961,1.0000,0.0000,False,False,False
962,1.0000,0.0000,False,False,False
963,0.0000,1.0000,False,False,False
964,0.0000,1.0000,False,False,False
965,1.0000,0.0000,False,False,False
966,1.0000,0.0000,False,False,False
967,1.0000,0.0000,False,False,False
968,1.0000,0.0000,False,False,False
969,1.0000,0.0000,False,False,False
970,1.0000,0.0000,False,False,False
971,1.0000,0.0000,False,False,False
972,1.0000,0.0000,False,False,False
973,1.0000,0.0000,False,False,False
974,0.0000,1.0000,False,False,False
975,0.0000,1.0000,False,False,False
976,1.0000,0.0000,False,False,False
977,0.0000,1.0000,False,False,False
978,1.0000,0.0000,False,False,False
979,1.0000,0.0000,False,False,False
980,1.0000,0.0000,False,False,False
981,1.0000,0.0000,False,False,False
982,1.0000,0.0000,False,False,False
983,1.0000,0.0000,False,False,False
984,1.0000,0.0000,False,False,False
985,1.0000,0.0000,False,False,False
986,0.0000,1.0000,False,False,False
987,1.0000,0.0000,False,False,False
988,1.0000,0.0000,False,False,False
989,0.0000,1.0000,False,False,False
990,1.0000,0.0000,False,False,False
991,1.0000,0.0000,False,False,False
992,1.0000,0.0000,False,False,False
993,1.0000,0.0000,False,False,False
994,1.0000,0.0000,False,False,False
995,0.0000,1.0000,False,False,False
996,0.0000,1.0000,False,False,False
997,1.0000,0.0000,False,False,False
998,1.0000,0.0000,False,False,False
999,0.0000,1.0000,False,False,False
1000,1.0000,0.0000,False,False,False
1001,1.0000,0.0000,False,False,False
1002,1.0000,0.0000,False,False,False
1003,1.0000,0.0000,False,False,False
1004,1.0000,0.0000,False,False,False
1005,0.0000,1.0000,False,False,False
1006,1.0000,0.0000,False,False,False
1007,1.0000,0.0000,False,False,False
1008,1.0000,0.0000,False,False,False
1009,0.0000,1.0000,False,False,False
1010,1.0000,0.0000,False,False,False
1011,0.0000,1.0000,False,False,False
1012,1.0000,0.0000,False,False,False
1013,0.0000,1.0000,False,False,False
1014,1.0000,0.0000,False,False,False
1015,1.0000,0.0000,False,False,False
1016,1.0000,0.0000,False,False,False
1017,1.0000,0.0000,False,False,False
1018,1.0000,0.0000,False,False,False
1019,1.0000,0.0000,False,False,False
1020,1.0000,0.0000,False,False,False
1021,1.0000,0.0000,False,False,False
1022,0.0000,1.0000,False,False,False
1023,0.0000,1.0000,False,False,False
1024,1.0000,0.0000,False,False,False
1025,0.0000,1.0000,False,False,False
1026,1.0000,0.0000,False,False,False
1027,1.0000,0.0000,False,False,False
1028,1.0000,0.0000,False,False,False
1029,1.0000,0.0000,False,False,False
1030,0.0000,1.0000,False,False,False
1031,0.0000,1.0000,False,False,False
1032,1.0000,0.0000,False,False,False
1033,1.0000,0.0000,False,False,False
1034,0.0000,1.0000,False,False,False
1035,0.0000,1.0000,False,False,False
1036,1.0000,0.0000,False,False,False
1037,0.0000,1.0000,False,False,False
1038,1.0000,0.0000,False,False,False
1039,1.0000,0.0000,False,False,False
1040,1.0000,0.0000,False,False,False
1041,1.0000,0.0000,False,False,False
1042,1.0000,0.0000,False,False,False
1043,0.0000,1.0000,False,False,False
1044,1.0000,0.0000,False,False,False
1045,1.0000,0.0000,False,False,False
1046,1.0000,0.0000,False,False,False
1047,1.0000,0.0000,False,False,False
1048,1.0000,0.0000,False,False,False
1049,1.0000,0.0000,False,False,False
1050,0.0000,1.0000,False,False,False
1051,1.0000,0.0000,False,False,False
1052,1.0000,0.0000,False,False,False
1053,1.0000,0.0000,False,False,False
1054,0.0000,1.0000,False,False,False
1055,0.0000,1.0000,False,False,False
1056,1.0000,0.0000,False,False,False
1057,1.0000,0.0000,False,False,False
1058,1.0000,0.0000,False,False,False
1059,1.0000,0.0000,False,False,False
1060,1.0000,0.0000,False,False,False
1061,0.0000,1.0000,False,False,False
1062,1.0000,0.0000,False,False,False
1063,1.0000,0.0000,False,False,False
1064,1.0000,0.0000,False,False,False
1065,0.0000,1.0000,False,False,False
1066,1.0000,0.0000,False,False,False
1067,1.0000,0.0000,False,False,False
1068,0.0000,1.0000,False,False,False
1069,0.0000,1.0000,False,False,False
1070,0.0000,1.0000,False,False,False
1071,1.0000,0.0000,False,False,False
1072,1.0000,0.0000,False,False,False
1073,1.0000,0.0000,False,False,False
1074,1.0000,0.0000,False,False,False
1075,1.0000,0.0000,False,False,False
1076,1.0000,0.0000,False,False,False
1077,1.0000,0.0000,False,False,False
1078,0.0000,1.0000,False,False,False
1079,0.0000,1.0000,False,False,False
1080,1.0000,0.0000,False,False,False
1081,1.0000,0.0000,False,False,False
1082,1.0000,0.0000,False,False,False
1083,1.0000,0.0000,False,False,False
1084,1.0000,0.0000,False,False,False
1085,1.0000,0.0000,False,False,False
1086,1.0000,0.0000,False,False,False
1087,1.0000,0.0000,False,False,False
1088,1.0000,0.0000,False,False,False
1089,1.0000,0.0000,False,False,False
1090,1.0000,0.0000,False,False,False
1091,0.0000,1.0000,False,False,False
1092,1.0000,0.0000,False,False,False
1093,0.0000,1.0000,False,False,False
1094,0.0000,1.0000,False,False,False
1095,1.0000,0.0000,False,False,False
1096,1.0000,0.0000,False,False,False
1097,1.0000,0.0000,False,False,False
1098,1.0000,0.0000,False,False,False
1099,0.0000,1.0000,False,False,False
1100,0.0000,1.0000,False,False,False
1101,0.0000,1.0000,False,False,False
1102,1.0000,0.0000,False,False,False
1103,1.0000,0.0000,False,False,False
1104,0.0000,1.0000,False,False,False
1105,1.0000,0.0000,False,False,False
1106,0.0000,1.0000,False,False,False
1107,0.0000,1.0000,False,False,False
1108,1.0000,0.0000,False,False,False
1109,0.0000,1.0000,False,False,False
1110,0.0000,1.0000,False,False,False
1111,1.0000,0.0000,False,False,False
1112,1.0000,0.0000,False,False,False
1113,1.0000,0.0000,False,False,False
1114,0.0000,1.0000,False,False,False
1115,1.0000,0.0000,False,False,False
1116,1.0000,0.0000,False,False,False
1117,1.0000,0.0000,False,False,False
1118,1.0000,0.0000,False,False,False
1119,1.0000,0.0000,False,False,False
1120,0.0000,1.0000,False,False,False
1121,1.0000,0.0000,False,False,False
1122,1.0000,0.0000,False,False,False
1123,1.0000,0.0000,False,False,False
1124,0.0000,1.0000,False,False,False
1125,1.0000,0.0000,False,False,False
1126,1.0000,0.0000,False,False,False
1127,1.0000,0.0000,False,False,False
1128,1.0000,0.0000,False,False,False
1129,1.0000,0.0000,False,False,False
1130,1.0000,0.0000,False,False,False
1131,1.0000,0.0000,False,False,False
1132,1.0000,0.0000,False,False,False
1133,0.0000,1.0000,False,False,False
1134,1.0000,0.0000,False,False,False
1135,1.0000,0.0000,False,False,False
1136,1.0000,0.0000,False,False,False
1137,1.0000,0.0000,False,False,False
1138,1.0000,0.0000,False,False,False
1139,1.0000,0.0000,False,False,False
1140,1.0000,0.0000,False,False,False
1141,1.0000,0.0000,False,False,False
1142,1.0000,0.0000,False,False,False
1143,0.0000,1.0000,False,False,False
1144,1.0000,0.0000,False,False,False
1145,0.0000,1.0000,False,False,False
1146,1.0000,0.0000,False,False,False
1147,0.0000,1.0000,False,False,False
1148,1.0000,0.0000,False,False,False
1149,1.0000,0.0000,False,False,False
1150,0.0000,1.0000,False,False,False
1151,1.0000,0.0000,False,False,False
1152,1.0000,0.0000,False,False,False
1153,1.0000,0.0000,False,False,False
1154,0.0000,1.0000,False,False,False
1155,1.0000,0.0000,False,False,False
1156,1.0000,0.0000,False,False,False
1157,1.0000,0.0000,False,False,False
1158,1.0000,0.0000,False,False,False
1159,1.0000,0.0000,False,False,False
1160,1.0000,0.0000,False,False,False
1161,1.0000,0.0000,False,False,False
1162,1.0000,0.0000,False,False,False
1163,1.0000,0.0000,False,False,False
1164,1.0000,0.0000,False,False,False
1165,1.0000,0.0000,False,False,False
1166,1.0000,0.0000,False,False,False
1167,1.0000,0.0000,False,False,False
1168,1.0000,0.0000,False,False,False
1169,1.0000,0.0000,False,False,False
1170,1.0000,0.0000,False,False,False
1171,1.0000,0.0000,False,False,False
1172,1.0000,0.0000,False,False,False
1173,0.0000,1.0000,False,False,False
1174,1.0000,0.0000,False,False,False
1175,0.0000,1.0000,False,False,False
1176,0.0000,1.0000,False,False,False
1177,1.0000,0.0000,False,False,False
1178,1.0000,0.0000,False,False,False
1179,1.0000,0.0000,False,False,False
1180,1.0000,0.0000,False,False,False
1181,1.0000,0.0000,False,False,False
1182,1.0000,0.0000,False,False,False
1183,0.0000,1.0000,False,False,False
1184,1.0000,0.0000,False,False,False
1185,0.0000,1.0000,False,False,False
1186,0.0000,1.0000,False,False,False
1187,1.0000,0.0000,False,False,False
1188,1.0000,0.0000,False,False,False
1189,0.0000,1.0000,False,False,False
1190,1.0000,0.0000,False,False,False
1191,1.0000,0.0000,False,False,False
1192,0.0000,1.0000,False,False,False
1193,1.0000,0.0000,False,False,False
1194,1.0000,0.0000,False,False,False
1195,1.0000,0.0000,False,False,False
1196,1.0000,0.0000,False,False,False
1197,1.0000,0.0000,False,False,False
1198,1.0000,0.0000,False,False,False
1199,1.0000,0.0000,False,False,False
1200,1.0000,0.0000,False,False,False
1201,1.0000,0.0000,False,False,False
1202,0.0000,1.0000,False,False,False
1203,1.0000,0.0000,False,False,False
1204,1.0000,0.0000,False,False,False
1205,0.0000,1.0000,False,False,False
1206,1.0000,0.0000,False,False,False
1207,0.0000,1.0000,False,False,False
1208,0.0000,1.0000,False,False,False
1209,1.0000,0.0000,False,False,False
1210,0.0000,1.0000,False,False,False
1211,1.0000,0.0000,False,False,False
1212,1.0000,0.0000,False,False,False
1213,1.0000,0.0000,False,False,False
1214,0.0000,1.0000,False,False,False
1215,1.0000,0.0000,False,False,False
1216,1.0000,0.0000,False,False,False
1217,1.0000,0.0000,False,False,False
1218,0.0000,1.0000,False,False,False
1219,1.0000,0.0000,False,False,False
1220,1.0000,0.0000,False,False,False
1221,1.0000,0.0000,False,False,False
1222,1.0000,0.0000,False,False,False
1223,1.0000,0.0000,False,False,False
1224,1.0000,0.0000,False,False,False
1225,1.0000,0.0000,False,False,False
1226,1.0000,0.0000,False,False,False
1227,1.0000,0.0000,False,False,False
1228,1.0000,0.0000,False,False,False
1229,1.0000,0.0000,False,False,False
1230,1.0000,0.0000,False,False,False
1231,0.0000,1.0000,False,False,False
1232,1.0000,0.0000,False,False,False
1233,1.0000,0.0000,False,False,False
1234,1.0000,0.0000,False,False,False
1235,1.0000,0.0000,False,False,False
1236,1.0000,0.0000,False,False,False
1237,1.0000,0.0000,False,False,False
1238,1.0000,0.0000,False,False,False
1239,1.0000,0.0000,False,False,False
1240,0.0000,1.0000,False,False,False
1241,1.0000,0.0000,False,False,False
1242,1.0000,0.0000,False,False,False
1243,1.0000,0.0000,False,False,False
1244,1.0000,0.0000,False,False,False
1245,1.0000,0.0000,False,False,False
1246,1.0000,0.0000,False,False,False
1247,1.0000,0.0000,False,False,False
1248,1.0000,0.0000,False,False,False
1249,1.0000,0.0000,False,False,False
1250,0.0000,1.0000,False,False,False
1251,1.0000,0.0000,False,False,False
1252,1.0000,0.0000,False,False,False
1253,1.0000,0.0000,False,False,False
1254,1.0000,0.0000,False,False,False
1255,1.0000,0.0000,False,False,False
1256,1.0000,0.0000,False,False,False
1257,1.0000,0.0000,False,False,False
1258,1.0000,0.0000,False,False,False
1259,1.0000,0.0000,False,False,False
1260,1.0000,0.0000,False,False,False
1261,1.0000,0.0000,False,False,False
1262,1.0000,0.0000,False,False,False
1263,1.0000,0.0000,False,False,False
1264,1.0000,0.0000,False,False,False
1265,1.0000,0.0000,False,False,False
1266,1.0000,0.0000,False,False,False
1267,1.0000,0.0000,False,False,False
1268,1.0000,0.0000,False,False,False
1269,0.0000,1.0000,False,False,False
1270,1.0000,0.0000,False,False,False
1271,1.0000,0.0000,False,False,False
1272,1.0000,0.0000,False,False,False
1273,1.0000,0.0000,False,False,False
1274,0.0000,1.0000,False,False,False
1275,1.0000,0.0000,False,False,False
1276,0.0000,1.0000,False,False,False
1277,1.0000,0.0000,False,False,False
1278,1.0000,0.0000,False,False,False
1279,1.0000,0.0000,False,False,False
1280,1.0000,0.0000,False,False,False
1281,1.0000,0.0000,False,False,False
1282,1.0000,0.0000,False,False,False
1283,1.0000,0.0000,False,False,False
1284,0.0000,1.0000,False,False,False
1285,1.0000,0.0000,False,False,False
1286,1.0000,0.0000,False,False,False
1287,1.0000,0.0000,False,False,False
1288,1.0000,0.0000,False,False,False
1289,1.0000,0.0000,False,False,False
1290,0.0000,1.0000,False,False,False
1291,1.0000,0.0000,False,False,False
1292,1.0000,0.0000,False,False,False
1293,0.0000,1.0000,False,False,False
1294,1.0000,0.0000,False,False,False
1295,1.0000,0.0000,False,False,False
1296,0.0000,1.0000,False,False,False
1297,1.0000,0.0000,False,False,False
1298,1.0000,0.0000,False,False,False
1299,1.0000,0.0000,False,False,False
1300,0.0000,1.0000,False,False,False
1301,1.0000,0.0000,False,False,False
1302,1.0000,0.0000,False,False,False
1303,1.0000,0.0000,False,False,False
1304,1.0000,0.0000,False,False,False
1305,1.0000,0.0000,False,False,False
1306,1.0000,0.0000,False,False,False
1307,1.0000,0.0000,False,False,False
1308,1.0000,0.0000,False,False,False
1309,1.0000,0.0000,False,False,False
1310,1.0000,0.0000,False,False,False
1311,1.0000,0.0000,False,False,False
1312,0.0000,1.0000,False,False,False
1313,1.0000,0.0000,False,False,False
1314,1.0000,0.0000,False,False,False
1315,1.0000,0.0000,False,False,False
1316,1.0000,0.0000,False,False,False
1317,1.0000,0.0000,False,False,False
1318,1.0000,0.0000,False,False,False
1319,1.0000,0.0000,False,False,False
1320,1.0000,0.0000,False,False,False
1321,1.0000,0.0000,False,False,False
1322,1.0000,0.0000,False,False,False
1323,1.0000,0.0000,False,False,False
1324,1.0000,0.0000,False,False,False
1325,0.0000,1.0000,False,False,False
1326,1.0000,0.0000,False,False,False
1327,1.0000,0.0000,False,False,False
1328,1.0000,0.0000,False,False,False
1329,1.0000,0.0000,False,False,False
1330,1.0000,0.0000,False,False,False
1331,0.0000,1.0000,False,False,False
1332,1.0000,0.0000,False,False,False
1333,0.0000,1.0000,False,False,False
1334,0.0000,1.0000,False,False,False
1335,1.0000,0.0000,False,False,False
1336,1.0000,0.0000,False,False,False
1337,1.0000,0.0000,False,False,False
1338,0.0000,1.0000,False,False,False
1339,1.0000,0.0000,False,False,False
1340,1.0000,0.0000,False,False,False
1341,1.0000,0.0000,False,False,False
1342,0.0000,1.0000,False,False,False
1343,1.0000,0.0000,False,False,False
1344,0.0000,1.0000,False,False,False
1345,0.0000,1.0000,False,False,False
1346,1.0000,0.0000,False,False,False
1347,1.0000,0.0000,False,False,False
1348,1.0000,0.0000,False,False,False
1349,1.0000,0.0000,False,False,False
1350,1.0000,0.0000,False,False,False
1351,1.0000,0.0000,False,False,False
1352,0.0000,1.0000,False,False,False
1353,1.0000,0.0000,False,False,False
1354,1.0000,0.0000,False,False,False
1355,1.0000,0.0000,False,False,False
1356,1.0000,0.0000,False,False,False
1357,1.0000,0.0000,False,False,False
1358,1.0000,0.0000,False,False,False
1359,1.0000,0.0000,False,False,False
1360,1.0000,0.0000,False,False,False
1361,1.0000,0.0000,False,False,False
1362,1.0000,0.0000,False,False,False
1363,1.0000,0.0000,False,False,False
1364,1.0000,0.0000,False,False,False
1365,1.0000,0.0000,False,False,False
1366,1.0000,0.0000,False,False,False
1367,1.0000,0.0000,False,False,False
1368,1.0000,0.0000,False,False,False
1369,0.0000,1.0000,False,False,False
1370,1.0000,0.0000,False,False,False
1371,1.0000,0.0000,False,False,False
1372,0.0000,1.0000,False,False,False
1373,1.0000,0.0000,False,False,False
1374,0.0000,1.0000,False,False,False
1375,0.0000,1.0000,False,False,False
1376,1.0000,0.0000,False,False,False
1377,1.0000,0.0000,False,False,False
1378,1.0000,0.0000,False,False,False
1379,0.0000,1.0000,False,False,False
1380,1.0000,0.0000,False,False,False
1381,1.0000,0.0000,False,False,False
1382,1.0000,0.0000,False,False,False
1383,1.0000,0.0000,False,False,False
1384,1.0000,0.0000,False,False,False
1385,1.0000,0.0000,False,False,False
1386,0.0000,1.0000,False,False,False
1387,1.0000,0.0000,False,False,False
1388,1.0000,0.0000,False,False,False
1389,1.0000,0.0000,False,False,False
1390,1.0000,0.0000,False,False,False
1391,1.0000,0.0000,False,False,False
1392,1.0000,0.0000,False,False,False
1393,1.0000,0.0000,False,False,False
1394,0.0000,1.0000,False,False,False
1395,1.0000,0.0000,False,False,False
1396,1.0000,0.0000,False,False,False
1397,0.0000,1.0000,False,False,False
1398,1.0000,0.0000,False,False,False
1399,1.0000,0.0000,False,False,False
1400,0.0000,1.0000,False,False,False
1401,1.0000,0.0000,False,False,False
1402,1.0000,0.0000,False,False,False
1403,0.0000,1.0000,False,False,False
1404,1.0000,0.0000,False,False,False
1405,1.0000,0.0000,False,False,False
1406,0.0000,1.0000,False,False,False
1407,1.0000,0.0000,False,False,False
1408,1.0000,0.0000,False,False,False
1409,1.0000,0.0000,False,False,False
1410,0.0000,1.0000,False,False,False
1411,0.0000,1.0000,False,False,False
1412,1.0000,0.0000,False,False,False
1413,1.0000,0.0000,False,False,False
1414,0.0000,1.0000,False,False,False
1415,0.0000,1.0000,False,False,False
1416,1.0000,0.0000,False,False,False
1417,1.0000,0.0000,False,False,False
1418,1.0000,0.0000,False,False,False
1419,1.0000,0.0000,False,False,False
1420,1.0000,0.0000,False,False,False
1421,1.0000,0.0000,False,False,False
1422,0.0000,1.0000,False,False,False
1423,1.0000,0.0000,False,False,False
1424,1.0000,0.0000,False,False,False
1425,1.0000,0.0000,False,False,False
1426,1.0000,0.0000,False,False,False
1427,0.0000,1.0000,False,False,False
1428,1.0000,0.0000,False,False,False
1429,1.0000,0.0000,False,False,False
1430,1.0000,0.0000,False,False,False
1431,1.0000,0.0000,False,False,False
1432,0.0000,1.0000,False,False,False
1433,1.0000,0.0000,False,False,False
1434,1.0000,0.0000,False,False,False
1435,1.0000,0.0000,False,False,False
1436,1.0000,0.0000,False,False,False
1437,1.0000,0.0000,False,False,False
1438,1.0000,0.0000,False,False,False
1439,1.0000,0.0000,False,False,False
1440,1.0000,0.0000,False,False,False
1441,1.0000,0.0000,False,False,False
1442,1.0000,0.0000,False,False,False
1443,1.0000,0.0000,False,False,False
1444,1.0000,0.0000,False,False,False
1445,1.0000,0.0000,False,False,False
1446,1.0000,0.0000,False,False,False
1447,1.0000,0.0000,False,False,False
1448,1.0000,0.0000,False,False,False
1449,1.0000,0.0000,False,False,False
1450,1.0000,0.0000,False,False,False
1451,1.0000,0.0000,False,False,False
1452,1.0000,0.0000,False,False,False
1453,1.0000,0.0000,False,False,False
1454,1.0000,0.0000,False,False,False
1455,1.0000,0.0000,False,False,False
1456,1.0000,0.0000,False,False,False
1457,1.0000,0.0000,False,False,False
1458,1.0000,0.0000,False,False,False
1459,1.0000,0.0000,False,False,False
1460,1.0000,0.0000,False,False,False
1461,1.0000,0.0000,False,False,False
1462,1.0000,0.0000,False,False,False
1463,1.0000,0.0000,False,False,False
1464,1.0000,0.0000,False,False,False
1465,1.0000,0.0000,False,False,False
1466,1.0000,0.0000,False,False,False
1467,1.0000,0.0000,False,False,False
1468,1.0000,0.0000,False,False,False
1469,1.0000,0.0000,False,False,False
1470,0.0000,1.0000,False,False,False
1471,1.0000,0.0000,False,False,False
1472,1.0000,0.0000,False,False,False
1473,1.0000,0.0000,False,False,False
1474,1.0000,0.0000,False,False,False
1475,1.0000,0.0000,False,False,False
1476,1.0000,0.0000,False,False,False
1477,0.0000,1.0000,False,False,False
1478,1.0000,0.0000,False,False,False
1479,1.0000,0.0000,False,False,False
1480,1.0000,0.0000,False,False,False
1481,0.0000,1.0000,False,False,False
1482,0.0000,1.0000,False,False,False
1483,1.0000,0.0000,False,False,False
1484,0.0000,1.0000,False,False,False
1485,1.0000,0.0000,False,False,False
1486,0.0000,1.0000,False,False,False
1487,0.0000,1.0000,False,False,False
1488,1.0000,0.0000,False,False,False
1489,1.0000,0.0000,False,False,False
1490,0.0000,1.0000,False,False,False
1491,1.0000,0.0000,False,False,False
1492,1.0000,0.0000,False,False,False
1493,1.0000,0.0000,False,False,False
1494,1.0000,0.0000,False,False,False
1495,1.0000,0.0000,False,False,False
1496,1.0000,0.0000,False,False,False
1497,0.0000,1.0000,False,False,False
1498,1.0000,0.0000,False,False,False
1499,0.0000,1.0000,False,False,False
1500,1.0000,0.0000,False,False,False
1501,0.0000,1.0000,False,False,False
1502,1.0000,0.0000,False,False,False
1503,1.0000,0.0000,False,False,False
1504,1.0000,0.0000,False,False,False
1505,1.0000,0.0000,False,False,False
1506,0.0000,1.0000,False,False,False
1507,1.0000,0.0000,False,False,False
1508,1.0000,0.0000,False,False,False
1509,1.0000,0.0000,False,False,False
1510,0.0000,1.0000,False,False,False
1511,0.0000,1.0000,False,False,False
1512,1.0000,0.0000,False,False,False
1513,1.0000,0.0000,False,False,False
1514,1.0000,0.0000,False,False,False
1515,1.0000,0.0000,False,False,False
1516,1.0000,0.0000,False,False,False
1517,1.0000,0.0000,False,False,False
1518,1.0000,0.0000,False,False,False
1519,1.0000,0.0000,False,False,False
1520,1.0000,0.0000,False,False,False
1521,1.0000,0.0000,False,False,False
1522,1.0000,0.0000,False,False,False
1523,1.0000,0.0000,False,False,False
1524,1.0000,0.0000,False,False,False
1525,1.0000,0.0000,False,False,False
1526,1.0000,0.0000,False,False,False
1527,1.0000,0.0000,False,False,False
1528,1.0000,0.0000,False,False,False
1529,1.0000,0.0000,False,False,False
1530,0.0000,1.0000,False,False,False
1531,1.0000,0.0000,False,False,False
1532,1.0000,0.0000,False,False,False
1533,0.0000,1.0000,False,False,False
1534,0.0000,1.0000,False,False,False
1535,0.0000,1.0000,False,False,False
1536,0.0000,1.0000,False,False,False
1537,0.0000,1.0000,False,False,False
1538,1.0000,0.0000,False,False,False
1539,1.0000,0.0000,False,False,False
1540,1.0000,0.0000,False,False,False
1541,1.0000,0.0000,False,False,False
1542,1.0000,0.0000,False,False,False
1543,1.0000,0.0000,False,False,False
1544,1.0000,0.0000,False,False,False
1545,1.0000,0.0000,False,False,False
1546,0.0000,1.0000,False,False,False
1547,1.0000,0.0000,False,False,False
1548,0.0000,1.0000,False,False,False
1549,1.0000,0.0000,False,False,False
1550,1.0000,0.0000,False,False,False
1551,0.0000,1.0000,False,False,False
1552,0.0000,1.0000,False,False,False
1553,1.0000,0.0000,False,False,False
1554,1.0000,0.0000,False,False,False
1555,1.0000,0.0000,False,False,False
1556,0.0000,1.0000,False,False,False
1557,1.0000,0.0000,False,False,False
1558,0.0000,1.0000,False,False,False
1559,0.0000,1.0000,False,False,False
1560,1.0000,0.0000,False,False,False
1561,1.0000,0.0000,False,False,False
1562,1.0000,0.0000,False,False,False
1563,1.0000,0.0000,False,False,False
1564,0.0000,1.0000,False,False,False
1565,1.0000,0.0000,False,False,False
1566,1.0000,0.0000,False,False,False
1567,1.0000,0.0000,False,False,False
1568,1.0000,0.0000,False,False,False
1569,0.0000,1.0000,False,False,False
1570,0.0000,1.0000,False,False,False
1571,1.0000,0.0000,False,False,False
1572,1.0000,0.0000,False,False,False
1573,1.0000,0.0000,False,False,False
1574,1.0000,0.0000,False,False,False
1575,0.0000,1.0000,False,False,False
1576,0.0000,1.0000,False,False,False
1577,1.0000,0.0000,False,False,False
1578,0.0000,1.0000,False,False,False
1579,1.0000,0.0000,False,False,False
1580,1.0000,0.0000,False,False,False
1581,1.0000,0.0000,False,False,False
1582,1.0000,0.0000,False,False,False
1583,1.0000,0.0000,False,False,False
1584,1.0000,0.0000,False,False,False
1585,1.0000,0.0000,False,False,False
1586,1.0000,0.0000,False,False,False
1587,1.0000,0.0000,False,False,False
1588,1.0000,0.0000,False,False,False
1589,1.0000,0.0000,False,False,False
1590,1.0000,0.0000,False,False,False
1591,1.0000,0.0000,False,False,False
1592,1.0000,0.0000,False,False,False
1593,1.0000,0.0000,False,False,False
1594,1.0000,0.0000,False,False,False
1595,1.0000,0.0000,False,False,False
1596,1.0000,0.0000,False,False,False
1597,1.0000,0.0000,False,False,False
1598,0.0000,1.0000,False,False,False
1599,1.0000,0.0000,False,False,False
1600,1.0000,0.0000,False,False,False
1601,1.0000,0.0000,False,False,False
1602,0.0000,1.0000,False,False,False
1603,1.0000,0.0000,False,False,False
1604,1.0000,0.0000,False,False,False
1605,1.0000,0.0000,False,False,False
1606,1.0000,0.0000,False,False,False
1607,1.0000,0.0000,False,False,False
1608,0.0000,1.0000,False,False,False
1609,1.0000,0.0000,False,False,False
1610,1.0000,0.0000,False,False,False
1611,1.0000,0.0000,False,False,False
1612,1.0000,0.0000,False,False,False
1613,1.0000,0.0000,False,False,False
1614,1.0000,0.0000,False,False,False
1615,1.0000,0.0000,False,False,False
1616,0.0000,1.0000,False,False,False
1617,1.0000,0.0000,False,False,False
1618,0.0000,1.0000,False,False,False
1619,0.0000,1.0000,False,False,False
1620,1.0000,0.0000,False,False,False
1621,1.0000,0.0000,False,False,False
1622,1.0000,0.0000,False,False,False
1623,0.0000,1.0000,False,False,False
1624,1.0000,0.0000,False,False,False
1625,1.0000,0.0000,False,False,False
1626,1.0000,0.0000,False,False,False
1627,1.0000,0.0000,False,False,False
1628,1.0000,0.0000,False,False,False
1629,1.0000,0.0000,False,False,False
1630,0.0000,1.0000,False,False,False
1631,0.0000,1.0000,False,False,False
1632,1.0000,0.0000,False,False,False
1633,0.0000,1.0000,False,False,False
1634,1.0000,0.0000,False,False,False
1635,1.0000,0.0000,False,False,False
1636,1.0000,0.0000,False,False,False
1637,1.0000,0.0000,False,False,False
1638,1.0000,0.0000,False,False,False
1639,0.0000,1.0000,False,False,False
1640,1.0000,0.0000,False,False,False
1641,1.0000,0.0000,False,False,False
1642,1.0000,0.0000,False,False,False
1643,1.0000,0.0000,False,False,False
1644,1.0000,0.0000,False,False,False
1645,1.0000,0.0000,False,False,False
1646,0.0000,1.0000,False,False,False
1647,1.0000,0.0000,False,False,False
1648,1.0000,0.0000,False,False,False
1649,1.0000,0.0000,False,False,False
1650,0.0000,1.0000,False,False,False
1651,1.0000,0.0000,False,False,False
1652,0.0000,1.0000,False,False,False
1653,1.0000,0.0000,False,False,False
1654,1.0000,0.0000,False,False,False
1655,0.0000,1.0000,False,False,False
1656,0.0000,1.0000,False,False,False
1657,1.0000,0.0000,False,False,False
1658,1.0000,0.0000,False,False,False
1659,1.0000,0.0000,False,False,False
1660,1.0000,0.0000,False,False,False
1661,1.0000,0.0000,False,False,False
1662,1.0000,0.0000,False,False,False
1663,1.0000,0.0000,False,False,False
1664,0.0000,1.0000,False,False,False
1665,1.0000,0.0000,False,False,False
1666,1.0000,0.0000,False,False,False
1667,0.0000,1.0000,False,False,False
1668,0.0000,1.0000,False,False,False
1669,1.0000,0.0000,False,False,False
1670,1.0000,0.0000,False,False,False
1671,1.0000,0.0000,False,False,False
1672,0.0000,1.0000,False,False,False
1673,0.0000,1.0000,False,False,False
1674,1.0000,0.0000,False,False,False
1675,1.0000,0.0000,False,False,False
1676,1.0000,0.0000,False,False,False
1677,0.0000,1.0000,False,False,False
1678,1.0000,0.0000,False,False,False
1679,0.0000,1.0000,False,False,False
1680,0.0000,1.0000,False,False,False
1681,0.0000,1.0000,False,False,False
1682,0.0000,1.0000,False,False,False
1683,1.0000,0.0000,False,False,False
1684,0.0000,1.0000,False,False,False
1685,1.0000,0.0000,False,False,False
1686,1.0000,0.0000,False,False,False
1687,1.0000,0.0000,False,False,False
1688,1.0000,0.0000,False,False,False
1689,1.0000,0.0000,False,False,False
1690,1.0000,0.0000,False,False,False
1691,0.0000,1.0000,False,False,False
1692,1.0000,0.0000,False,False,False
1693,1.0000,0.0000,False,False,False
1694,0.0000,1.0000,False,False,False
1695,1.0000,0.0000,False,False,False
1696,1.0000,0.0000,False,False,False
1697,1.0000,0.0000,False,False,False
1698,1.0000,0.0000,False,False,False
1699,1.0000,0.0000,False,False,False
1700,1.0000,0.0000,False,False,False
1701,1.0000,0.0000,False,False,False
1702,1.0000,0.0000,False,False,False
1703,1.0000,0.0000,False,False,False
1704,1.0000,0.0000,False,False,False
1705,1.0000,0.0000,False,False,False
1706,1.0000,0.0000,False,False,False
1707,1.0000,0.0000,False,False,False
1708,1.0000,0.0000,False,False,False
1709,0.0000,1.0000,False,False,False
1710,0.0000,1.0000,False,False,False
1711,1.0000,0.0000,False,False,False
1712,0.0000,1.0000,False,False,False
1713,1.0000,0.0000,False,False,False
1714,1.0000,0.0000,False,False,False
1715,1.0000,0.0000,False,False,False
1716,1.0000,0.0000,False,False,False
1717,0.0000,1.0000,False,False,False
1718,0.0000,1.0000,False,False,False
1719,1.0000,0.0000,False,False,False
1720,1.0000,0.0000,False,False,False
1721,1.0000,0.0000,False,False,False
1722,1.0000,0.0000,False,False,False
1723,1.0000,0.0000,False,False,False
1724,1.0000,0.0000,False,False,False
1725,1.0000,0.0000,False,False,False
1726,1.0000,0.0000,False,False,False
1727,0.0000,1.0000,False,False,False
1728,1.0000,0.0000,False,False,False
1729,1.0000,0.0000,False,False,False
1730,1.0000,0.0000,False,False,False
1731,1.0000,0.0000,False,False,False
1732,0.0000,1.0000,False,False,False
1733,1.0000,0.0000,False,False,False
1734,0.0000,1.0000,False,False,False
1735,1.0000,0.0000,False,False,False
1736,0.0000,1.0000,False,False,False
1737,1.0000,0.0000,False,False,False
1738,1.0000,0.0000,False,False,False
1739,1.0000,0.0000,False,False,False
1740,1.0000,0.0000,False,False,False
1741,1.0000,0.0000,False,False,False
1742,1.0000,0.0000,False,False,False
1743,1.0000,0.0000,False,False,False
1744,1.0000,0.0000,False,False,False
1745,0.0000,1.0000,False,False,False
1746,1.0000,0.0000,False,False,False
1747,0.0000,1.0000,False,False,False
1748,1.0000,0.0000,False,False,False
1749,1.0000,0.0000,False,False,False
1750,0.0000,1.0000,False,False,False
1751,1.0000,0.0000,False,False,False
1752,0.0000,1.0000,False,False,False
1753,1.0000,0.0000,False,False,False
1754,1.0000,0.0000,False,False,False
1755,1.0000,0.0000,False,False,False
1756,1.0000,0.0000,False,False,False
1757,1.0000,0.0000,False,False,False
1758,1.0000,0.0000,False,False,False
1759,1.0000,0.0000,False,False,False
1760,1.0000,0.0000,False,False,False
1761,1.0000,0.0000,False,False,False
1762,1.0000,0.0000,False,False,False
1763,1.0000,0.0000,False,False,False
1764,1.0000,0.0000,False,False,False
1765,1.0000,0.0000,False,False,False
1766,1.0000,0.0000,False,False,False
1767,0.0000,1.0000,False,False,False
1768,1.0000,0.0000,False,False,False
1769,1.0000,0.0000,False,False,False
1770,1.0000,0.0000,False,False,False
1771,0.0000,1.0000,False,False,False
1772,1.0000,0.0000,False,False,False
1773,0.0000,1.0000,False,False,False
1774,0.0000,1.0000,False,False,False
1775,1.0000,0.0000,False,False,False
1776,1.0000,0.0000,False,False,False
1777,0.0000,1.0000,False,False,False
1778,1.0000,0.0000,False,False,False
1779,1.0000,0.0000,False,False,False
1780,1.0000,0.0000,False,False,False
1781,0.0000,1.0000,False,False,False
1782,1.0000,0.0000,False,False,False
1783,1.0000,0.0000,False,False,False
1784,1.0000,0.0000,False,False,False
1785,1.0000,0.0000,False,False,False
1786,0.0000,1.0000,False,False,False
1787,1.0000,0.0000,False,False,False
1788,0.0000,1.0000,False,False,False
1789,1.0000,0.0000,False,False,False
1790,1.0000,0.0000,False,False,False
1791,0.0000,1.0000,False,False,False
1792,0.0000,1.0000,False,False,False
1793,0.0000,1.0000,False,False,False
1794,1.0000,0.0000,False,False,False
1795,0.0000,1.0000,False,False,False
1796,1.0000,0.0000,False,False,False
1797,1.0000,0.0000,False,False,False
1798,1.0000,0.0000,False,False,False
1799,0.0000,1.0000,False,False,False
1800,1.0000,0.0000,False,False,False
1801,1.0000,0.0000,False,False,False
1802,0.0000,1.0000,False,False,False
1803,1.0000,0.0000,False,False,False
1804,1.0000,0.0000,False,False,False
1805,1.0000,0.0000,False,False,False
1806,1.0000,0.0000,False,False,False
1807,0.0000,1.0000,False,False,False
1808,0.0000,1.0000,False,False,False
1809,1.0000,0.0000,False,False,False
1810,1.0000,0.0000,False,False,False
1811,0.0000,1.0000,False,False,False
1812,0.0000,1.0000,False,False,False
1813,0.0000,1.0000,False,False,False
1814,1.0000,0.0000,False,False,False
1815,1.0000,0.0000,False,False,False
1816,1.0000,0.0000,False,False,False
1817,0.0000,1.0000,False,False,False
1818,1.0000,0.0000,False,False,False
1819,1.0000,0.0000,False,False,False
1820,1.0000,0.0000,False,False,False
1821,1.0000,0.0000,False,False,False
1822,0.0000,1.0000,False,False,False
1823,0.0000,1.0000,False,False,False
1824,1.0000,0.0000,False,False,False
1825,1.0000,0.0000,False,False,False
1826,1.0000,0.0000,False,False,False
1827,0.0000,1.0000,False,False,False
1828,1.0000,0.0000,False,False,False
1829,1.0000,0.0000,False,False,False
1830,1.0000,0.0000,False,False,False
1831,1.0000,0.0000,False,False,False
1832,1.0000,0.0000,False,False,False
1833,1.0000,0.0000,False,False,False
1834,0.0000,1.0000,False,False,False
1835,1.0000,0.0000,False,False,False
1836,1.0000,0.0000,False,False,False
1837,1.0000,0.0000,False,False,False
1838,0.0000,1.0000,False,False,False
1839,1.0000,0.0000,False,False,False
1840,0.0000,1.0000,False,False,False
1841,1.0000,0.0000,False,False,False
1842,0.0000,1.0000,False,False,False
1843,1.0000,0.0000,False,False,False
1844,1.0000,0.0000,False,False,False
1845,1.0000,0.0000,False,False,False
1846,0.0000,1.0000,False,False,False
1847,1.0000,0.0000,False,False,False
1848,0.0000,1.0000,False,False,False
1849,1.0000,0.0000,False,False,False
1850,1.0000,0.0000,False,False,False
1851,1.0000,0.0000,False,False,False
1852,1.0000,0.0000,False,False,False
1853,1.0000,0.0000,False,False,False
1854,1.0000,0.0000,False,False,False
1855,0.0000,1.0000,False,False,False
1856,1.0000,0.0000,False,False,False
1857,1.0000,0.0000,False,False,False
1858,1.0000,0.0000,False,False,False
1859,1.0000,0.0000,False,False,False
1860,1.0000,0.0000,False,False,False
1861,0.0000,1.0000,False,False,False
1862,1.0000,0.0000,False,False,False
1863,1.0000,0.0000,False,False,False
1864,1.0000,0.0000,False,False,False
1865,1.0000,0.0000,False,False,False
1866,1.0000,0.0000,False,False,False
1867,1.0000,0.0000,False,False,False
1868,1.0000,0.0000,False,False,False
1869,1.0000,0.0000,False,False,False
1870,1.0000,0.0000,False,False,False
1871,1.0000,0.0000,False,False,False
1872,1.0000,0.0000,False,False,False
1873,1.0000,0.0000,False,False,False
1874,1.0000,0.0000,False,False,False
1875,0.0000,1.0000,False,False,False
1876,1.0000,0.0000,False,False,False
1877,1.0000,0.0000,False,False,False
1878,1.0000,0.0000,False,False,False
1879,1.0000,0.0000,False,False,False
1880,1.0000,0.0000,False,False,False
1881,0.0000,1.0000,False,False,False
1882,1.0000,0.0000,False,False,False
1883,1.0000,0.0000,False,False,False
1884,1.0000,0.0000,False,False,False
1885,1.0000,0.0000,False,False,False
1886,0.0000,1.0000,False,False,False
1887,1.0000,0.0000,False,False,False
1888,1.0000,0.0000,False,False,False
1889,1.0000,0.0000,False,False,False
1890,0.0000,1.0000,False,False,False
1891,1.0000,0.0000,False,False,False
1892,0.0000,1.0000,False,False,False
1893,1.0000,0.0000,False,False,False
1894,1.0000,0.0000,False,False,False
1895,1.0000,0.0000,False,False,False
1896,1.0000,0.0000,False,False,False
1897,1.0000,0.0000,False,False,False
1898,0.0000,1.0000,False,False,False
1899,1.0000,0.0000,False,False,False
1900,1.0000,0.0000,False,False,False
1901,1.0000,0.0000,False,False,False
1902,1.0000,0.0000,False,False,False
1903,1.0000,0.0000,False,False,False
1904,1.0000,0.0000,False,False,False
1905,1.0000,0.0000,False,False,False
1906,1.0000,0.0000,False,False,False
1907,1.0000,0.0000,False,False,False
1908,1.0000,0.0000,False,False,False
1909,1.0000,0.0000,False,False,False
1910,1.0000,0.0000,False,False,False
1911,0.0000,1.0000,False,False,False
1912,1.0000,0.0000,False,False,False
1913,1.0000,0.0000,False,False,False
1914,0.0000,1.0000,False,False,False
1915,1.0000,0.0000,False,False,False
1916,1.0000,0.0000,False,False,False
1917,1.0000,0.0000,False,False,False
1918,0.0000,1.0000,False,False,False
1919,0.0000,1.0000,False,False,False
1920,1.0000,0.0000,False,False,False
1921,1.0000,0.0000,False,False,False
1922,1.0000,0.0000,False,False,False
1923,1.0000,0.0000,False,False,False
1924,1.0000,0.0000,False,False,False
1925,0.0000,1.0000,False,False,False
1926,0.0000,1.0000,False,False,False
1927,1.0000,0.0000,False,False,False
1928,0.0000,1.0000,False,False,False
1929,1.0000,0.0000,False,False,False
1930,0.0000,1.0000,False,False,False
1931,1.0000,0.0000,False,False,False
1932,0.0000,1.0000,False,False,False
1933,1.0000,0.0000,False,False,False
1934,1.0000,0.0000,False,False,False
1935,0.0000,1.0000,False,False,False
1936,1.0000,0.0000,False,False,False
1937,0.0000,1.0000,False,False,False
1938,1.0000,0.0000,False,False,False
1939,1.0000,0.0000,False,False,False
1940,1.0000,0.0000,False,False,False
1941,1.0000,0.0000,False,False,False
1942,1.0000,0.0000,False,False,False
1943,1.0000,0.0000,False,False,False
1944,1.0000,0.0000,False,False,False
1945,1.0000,0.0000,False,False,False
1946,1.0000,0.0000,False,False,False
1947,0.0000,1.0000,False,False,False
1948,1.0000,0.0000,False,False,False
1949,1.0000,0.0000,False,False,False
1950,1.0000,0.0000,False,False,False
1951,1.0000,0.0000,False,False,False
1952,1.0000,0.0000,False,False,False
1953,1.0000,0.0000,False,False,False
1954,1.0000,0.0000,False,False,False
1955,1.0000,0.0000,False,False,False
1956,1.0000,0.0000,False,False,False
1957,0.0000,1.0000,False,False,False
1958,1.0000,0.0000,False,False,False
1959,0.0000,1.0000,False,False,False
1960,0.0000,1.0000,False,False,False
1961,0.0000,1.0000,False,False,False
1962,1.0000,0.0000,False,False,False
1963,1.0000,0.0000,False,False,False
1964,1.0000,0.0000,False,False,False
1965,1.0000,0.0000,False,False,False
1966,1.0000,0.0000,False,False,False
1967,0.0000,1.0000,False,False,False
1968,1.0000,0.0000,False,False,False
1969,1.0000,0.0000,False,False,False
1970,0.0000,1.0000,False,False,False
1971,1.0000,0.0000,False,False,False
1972,1.0000,0.0000,False,False,False
1973,1.0000,0.0000,False,False,False
1974,1.0000,0.0000,False,False,False
1975,0.0000,1.0000,False,False,False
1976,1.0000,0.0000,False,False,False
1977,0.0000,1.0000,False,False,False
1978,1.0000,0.0000,False,False,False
1979,1.0000,0.0000,False,False,False
1980,1.0000,0.0000,False,False,False
1981,1.0000,0.0000,False,False,False
1982,1.0000,0.0000,False,False,False
1983,1.0000,0.0000,False,False,False
1984,1.0000,0.0000,False,False,False
1985,1.0000,0.0000,False,False,False
1986,0.0000,1.0000,False,False,False
1987,1.0000,0.0000,False,False,False
1988,1.0000,0.0000,False,False,False
1989,1.0000,0.0000,False,False,False
1990,1.0000,0.0000,False,False,False
1991,1.0000,0.0000,False,False,False
1992,0.0000,1.0000,False,False,False
1993,0.0000,1.0000,False,False,False
1994,1.0000,0.0000,False,False,False
1995,1.0000,0.0000,False,False,False
1996,1.0000,0.0000,False,False,False
1997,1.0000,0.0000,False,False,False
1998,1.0000,0.0000,False,False,False
1999,1.0000,0.0000,False,False,False
2000,0.0000,1.0000,False,False,False
2001,1.0000,0.0000,False,False,False
2002,1.0000,0.0000,False,False,False
2003,1.0000,0.0000,False,False,False
2004,1.0000,0.0000,False,False,False
2005,1.0000,0.0000,False,False,False
2006,1.0000,0.0000,False,False,False
2007,1.0000,0.0000,False,False,False
2008,1.0000,0.0000,False,False,False
2009,1.0000,0.0000,False,False,False
2010,0.0000,1.0000,False,False,False
2011,1.0000,0.0000,False,False,False
2012,1.0000,0.0000,False,False,False
2013,0.0000,1.0000,False,False,False
2014,1.0000,0.0000,False,False,False
2015,1.0000,0.0000,False,False,False
2016,1.0000,0.0000,False,False,False
2017,1.0000,0.0000,False,False,False
2018,0.0000,1.0000,False,False,False
2019,1.0000,0.0000,False,False,False
2020,1.0000,0.0000,False,False,False
2021,1.0000,0.0000,False,False,False
2022,1.0000,0.0000,False,False,False
2023,1.0000,0.0000,False,False,False
2024,0.0000,1.0000,False,False,False
2025,0.0000,1.0000,False,False,False
2026,1.0000,0.0000,False,False,False
2027,1.0000,0.0000,False,False,False
2028,0.0000,1.0000,False,False,False
2029,0.0000,1.0000,False,False,False
2030,1.0000,0.0000,False,False,False
2031,1.0000,0.0000,False,False,False
2032,1.0000,0.0000,False,False,False
2033,0.0000,1.0000,False,False,False
2034,1.0000,0.0000,False,False,False
2035,1.0000,0.0000,False,False,False
2036,0.0000,1.0000,False,False,False
2037,1.0000,0.0000,False,False,False
2038,0.0000,1.0000,False,False,False
2039,0.0000,1.0000,False,False,False
2040,1.0000,0.0000,False,False,False
2041,1.0000,0.0000,False,False,False
2042,0.0000,1.0000,False,False,False
2043,0.0000,1.0000,False,False,False
2044,1.0000,0.0000,False,False,False
2045,1.0000,0.0000,False,False,False
2046,1.0000,0.0000,False,False,False
2047,1.0000,0.0000,False,False,False
2048,0.0000,1.0000,False,False,False
2049,0.0000,1.0000,False,False,False
2050,1.0000,0.0000,False,False,False
2051,1.0000,0.0000,False,False,False
2052,1.0000,0.0000,False,False,False
2053,1.0000,0.0000,False,False,False
2054,1.0000,0.0000,False,False,False
2055,1.0000,0.0000,False,False,False
2056,0.0000,1.0000,False,False,False
2057,1.0000,0.0000,False,False,False
2058,1.0000,0.0000,False,False,False
2059,1.0000,0.0000,False,False,False
2060,1.0000,0.0000,False,False,False
2061,0.0000,1.0000,False,False,False
2062,1.0000,0.0000,False,False,False
2063,0.0000,1.0000,False,False,False
2064,0.0000,1.0000,False,False,False
2065,1.0000,0.0000,False,False,False
2066,1.0000,0.0000,False,False,False
2067,1.0000,0.0000,False,False,False
2068,1.0000,0.0000,False,False,False
2069,1.0000,0.0000,False,False,False
2070,0.0000,1.0000,False,False,False
2071,1.0000,0.0000,False,False,False
2072,0.0000,1.0000,False,False,False
2073,1.0000,0.0000,False,False,False
2074,1.0000,0.0000,False,False,False
2075,0.0000,1.0000,False,False,False
2076,0.0000,1.0000,False,False,False
2077,1.0000,0.0000,False,False,False
2078,0.0000,1.0000,False,False,False
2079,1.0000,0.0000,False,False,False
2080,1.0000,0.0000,False,False,False
2081,0.0000,1.0000,False,False,False
2082,1.0000,0.0000,False,False,False
2083,1.0000,0.0000,False,False,False
2084,1.0000,0.0000,False,False,False
2085,1.0000,0.0000,False,False,False
2086,1.0000,0.0000,False,False,False
2087,1.0000,0.0000,False,False,False
2088,1.0000,0.0000,False,False,False
2089,0.0000,1.0000,False,False,False
2090,1.0000,0.0000,False,False,False
2091,1.0000,0.0000,False,False,False
2092,1.0000,0.0000,False,False,False
2093,1.0000,0.0000,False,False,False
2094,0.0000,1.0000,False,False,False
2095,1.0000,0.0000,False,False,False
2096,0.0000,1.0000,False,False,False
2097,1.0000,0.0000,False,False,False
2098,1.0000,0.0000,False,False,False
2099,0.0000,1.0000,False,False,False
2100,1.0000,0.0000,False,False,False
2101,1.0000,0.0000,False,False,False
2102,1.0000,0.0000,False,False,False
2103,1.0000,0.0000,False,False,False
2104,1.0000,0.0000,False,False,False
2105,1.0000,0.0000,False,False,False
2106,1.0000,0.0000,False,False,False
2107,1.0000,0.0000,False,False,False
2108,1.0000,0.0000,False,False,False
2109,1.0000,0.0000,False,False,False
2110,1.0000,0.0000,False,False,False
2111,1.0000,0.0000,False,False,False
2112,1.0000,0.0000,False,False,False
2113,1.0000,0.0000,False,False,False
2114,1.0000,0.0000,False,False,False
2115,1.0000,0.0000,False,False,False
2116,1.0000,0.0000,False,False,False
2117,1.0000,0.0000,False,False,False
2118,1.0000,0.0000,False,False,False
2119,0.0000,1.0000,False,False,False
2120,1.0000,0.0000,False,False,False
2121,1.0000,0.0000,False,False,False
2122,0.0000,1.0000,False,False,False
2123,1.0000,0.0000,False,False,False
2124,1.0000,0.0000,False,False,False
2125,1.0000,0.0000,False,False,False
2126,0.0000,1.0000,False,False,False
2127,1.0000,0.0000,False,False,False
2128,1.0000,0.0000,False,False,False
2129,1.0000,0.0000,False,False,False
2130,0.0000,1.0000,False,False,False
2131,0.0000,1.0000,False,False,False
2132,1.0000,0.0000,False,False,False
2133,0.0000,1.0000,False,False,False
2134,1.0000,0.0000,False,False,False
2135,1.0000,0.0000,False,False,False
2136,1.0000,0.0000,False,False,False
2137,1.0000,0.0000,False,False,False
2138,1.0000,0.0000,False,False,False
2139,1.0000,0.0000,False,False,False
2140,1.0000,0.0000,False,False,False
2141,0.0000,1.0000,False,False,False
2142,1.0000,0.0000,False,False,False
2143,1.0000,0.0000,False,False,False
2144,1.0000,0.0000,False,False,False
2145,1.0000,0.0000,False,False,False
2146,0.0000,1.0000,False,False,False
2147,0.0000,1.0000,False,False,False
2148,1.0000,0.0000,False,False,False
2149,1.0000,0.0000,False,False,False
2150,1.0000,0.0000,False,False,False
2151,0.0000,1.0000,False,False,False
2152,1.0000,0.0000,False,False,False
2153,0.0000,1.0000,False,False,False
2154,1.0000,0.0000,False,False,False
2155,1.0000,0.0000,False,False,False
2156,1.0000,0.0000,False,False,False
2157,1.0000,0.0000,False,False,False
2158,1.0000,0.0000,False,False,False
2159,1.0000,0.0000,False,False,False
2160,1.0000,0.0000,False,False,False
2161,1.0000,0.0000,False,False,False
2162,1.0000,0.0000,False,False,False
2163,1.0000,0.0000,False,False,False
2164,1.0000,0.0000,False,False,False
2165,1.0000,0.0000,False,False,False
2166,1.0000,0.0000,False,False,False
2167,1.0000,0.0000,False,False,False
2168,0.0000,1.0000,False,False,False
2169,0.0000,1.0000,False,False,False
2170,1.0000,0.0000,False,False,False
2171,1.0000,0.0000,False,False,False
2172,1.0000,0.0000,False,False,False
2173,1.0000,0.0000,False,False,False
2174,0.0000,1.0000,False,False,False
2175,1.0000,0.0000,False,False,False
2176,1.0000,0.0000,False,False,False
2177,1.0000,0.0000,False,False,False
2178,1.0000,0.0000,False,False,False
2179,1.0000,0.0000,False,False,False
2180,0.0000,1.0000,False,False,False
2181,1.0000,0.0000,False,False,False
2182,1.0000,0.0000,False,False,False
2183,1.0000,0.0000,False,False,False
2184,0.0000,1.0000,False,False,False
2185,1.0000,0.0000,False,False,False
2186,1.0000,0.0000,False,False,False
2187,1.0000,0.0000,False,False,False
2188,1.0000,0.0000,False,False,False
2189,1.0000,0.0000,False,False,False
2190,1.0000,0.0000,False,False,False
2191,1.0000,0.0000,False,False,False
2192,1.0000,0.0000,False,False,False
2193,1.0000,0.0000,False,False,False
2194,1.0000,0.0000,False,False,False
2195,1.0000,0.0000,False,False,False
2196,1.0000,0.0000,False,False,False
2197,0.0000,1.0000,False,False,False
2198,0.0000,1.0000,False,False,False
2199,1.0000,0.0000,False,False,False
2200,1.0000,0.0000,False,False,False
2201,1.0000,0.0000,False,False,False
2202,1.0000,0.0000,False,False,False
2203,0.0000,1.0000,False,False,False
2204,1.0000,0.0000,False,False,False
2205,1.0000,0.0000,False,False,False
2206,0.0000,1.0000,False,False,False
2207,1.0000,0.0000,False,False,False
2208,0.0000,1.0000,False,False,False
2209,1.0000,0.0000,False,False,False
2210,0.0000,1.0000,False,False,False
2211,0.0000,1.0000,False,False,False
2212,1.0000,0.0000,False,False,False
2213,1.0000,0.0000,False,False,False
2214,1.0000,0.0000,False,False,False
2215,1.0000,0.0000,False,False,False
2216,0.0000,1.0000,False,False,False
2217,1.0000,0.0000,False,False,False
2218,1.0000,0.0000,False,False,False
2219,1.0000,0.0000,False,False,False
2220,1.0000,0.0000,False,False,False
2221,1.0000,0.0000,False,False,False
2222,0.0000,1.0000,False,False,False
2223,1.0000,0.0000,False,False,False
2224,1.0000,0.0000,False,False,False
2225,0.0000,1.0000,False,False,False
2226,1.0000,0.0000,False,False,False
2227,1.0000,0.0000,False,False,False
2228,0.0000,1.0000,False,False,False
2229,1.0000,0.0000,False,False,False
2230,0.0000,1.0000,False,False,False
2231,1.0000,0.0000,False,False,False
2232,0.0000,1.0000,False,False,False
2233,1.0000,0.0000,False,False,False
2234,1.0000,0.0000,False,False,False
2235,0.0000,1.0000,False,False,False
2236,1.0000,0.0000,False,False,False
2237,1.0000,0.0000,False,False,False
2238,1.0000,0.0000,False,False,False
2239,0.0000,1.0000,False,False,False
2240,1.0000,0.0000,False,False,False
2241,1.0000,0.0000,False,False,False
2242,1.0000,0.0000,False,False,False
2243,0.0000,1.0000,False,False,False
2244,1.0000,0.0000,False,False,False
2245,0.0000,1.0000,False,False,False
2246,1.0000,0.0000,False,False,False
2247,1.0000,0.0000,False,False,False
2248,1.0000,0.0000,False,False,False
2249,1.0000,0.0000,False,False,False
2250,1.0000,0.0000,False,False,False
2251,1.0000,0.0000,False,False,False
2252,1.0000,0.0000,False,False,False
2253,1.0000,0.0000,False,False,False
2254,0.0000,1.0000,False,False,False
2255,1.0000,0.0000,False,False,False
2256,1.0000,0.0000,False,False,False
2257,1.0000,0.0000,False,False,False
2258,1.0000,0.0000,False,False,False
2259,0.0000,1.0000,False,False,False
2260,1.0000,0.0000,False,False,False
2261,1.0000,0.0000,False,False,False
2262,1.0000,0.0000,False,False,False
2263,1.0000,0.0000,False,False,False
2264,1.0000,0.0000,False,False,False
2265,1.0000,0.0000,False,False,False
2266,1.0000,0.0000,False,False,False
2267,1.0000,0.0000,False,False,False
2268,0.0000,1.0000,False,False,False
2269,1.0000,0.0000,False,False,False
2270,1.0000,0.0000,False,False,False
2271,1.0000,0.0000,False,False,False
2272,0.0000,1.0000,False,False,False
2273,1.0000,0.0000,False,False,False
2274,1.0000,0.0000,False,False,False
2275,1.0000,0.0000,False,False,False
2276,1.0000,0.0000,False,False,False
2277,0.0000,1.0000,False,False,False
2278,1.0000,0.0000,False,False,False
2279,1.0000,0.0000,False,False,False
2280,1.0000,0.0000,False,False,False
2281,1.0000,0.0000,False,False,False
2282,1.0000,0.0000,False,False,False
2283,1.0000,0.0000,False,False,False
2284,0.0000,1.0000,False,False,False
2285,1.0000,0.0000,False,False,False
2286,1.0000,0.0000,False,False,False
2287,1.0000,0.0000,False,False,False
2288,1.0000,0.0000,False,False,False
2289,1.0000,0.0000,False,False,False
2290,1.0000,0.0000,False,False,False
2291,1.0000,0.0000,False,False,False
2292,1.0000,0.0000,False,False,False
2293,1.0000,0.0000,False,False,False
2294,1.0000,0.0000,False,False,False
2295,0.0000,1.0000,False,False,False
2296,1.0000,0.0000,False,False,False
2297,1.0000,0.0000,False,False,False
2298,1.0000,0.0000,False,False,False
2299,1.0000,0.0000,False,False,False
2300,1.0000,0.0000,False,False,False
2301,1.0000,0.0000,False,False,False
2302,1.0000,0.0000,False,False,False
2303,1.0000,0.0000,False,False,False
2304,1.0000,0.0000,False,False,False
2305,0.0000,1.0000,False,False,False
2306,0.0000,1.0000,False,False,False
2307,0.0000,1.0000,False,False,False
2308,0.0000,1.0000,False,False,False
2309,1.0000,0.0000,False,False,False
2310,1.0000,0.0000,False,False,False
2311,1.0000,0.0000,False,False,False
2312,1.0000,0.0000,False,False,False
2313,1.0000,0.0000,False,False,False
2314,0.0000,1.0000,False,False,False
2315,1.0000,0.0000,False,False,False
2316,1.0000,0.0000,False,False,False
2317,0.0000,1.0000,False,False,False
2318,1.0000,0.0000,False,False,False
2319,0.0000,1.0000,False,False,False
2320,1.0000,0.0000,False,False,False
2321,1.0000,0.0000,False,False,False
2322,1.0000,0.0000,False,False,False
2323,1.0000,0.0000,False,False,False
2324,1.0000,0.0000,False,False,False
2325,1.0000,0.0000,False,False,False
2326,1.0000,0.0000,False,False,False
2327,1.0000,0.0000,False,False,False
2328,0.0000,1.0000,False,False,False
2329,1.0000,0.0000,False,False,False
2330,0.0000,1.0000,False,False,False
2331,1.0000,0.0000,False,False,False
2332,1.0000,0.0000,False,False,False
2333,1.0000,0.0000,False,False,False
2334,1.0000,0.0000,False,False,False
2335,1.0000,0.0000,False,False,False
2336,0.0000,1.0000,False,False,False
2337,1.0000,0.0000,False,False,False
2338,1.0000,0.0000,False,False,False
2339,0.0000,1.0000,False,False,False
2340,1.0000,0.0000,False,False,False
2341,1.0000,0.0000,False,False,False
2342,1.0000,0.0000,False,False,False
2343,1.0000,0.0000,False,False,False
2344,1.0000,0.0000,False,False,False
2345,0.0000,1.0000,False,False,False
2346,1.0000,0.0000,False,False,False
2347,0.0000,1.0000,False,False,False
2348,0.0000,1.0000,False,False,False
2349,0.0000,1.0000,False,False,False
2350,1.0000,0.0000,False,False,False
2351,1.0000,0.0000,False,False,False
2352,1.0000,0.0000,False,False,False
2353,0.0000,1.0000,False,False,False
2354,0.0000,1.0000,False,False,False
2355,1.0000,0.0000,False,False,False
2356,1.0000,0.0000,False,False,False
2357,1.0000,0.0000,False,False,False
2358,1.0000,0.0000,False,False,False
2359,1.0000,0.0000,False,False,False
2360,1.0000,0.0000,False,False,False
2361,1.0000,0.0000,False,False,False
2362,0.0000,1.0000,False,False,False
2363,0.0000,1.0000,False,False,False
2364,1.0000,0.0000,False,False,False
2365,1.0000,0.0000,False,False,False
2366,1.0000,0.0000,False,False,False
2367,1.0000,0.0000,False,False,False
2368,0.0000,1.0000,False,False,False
2369,1.0000,0.0000,False,False,False
2370,0.0000,1.0000,False,False,False
2371,1.0000,0.0000,False,False,False
2372,1.0000,0.0000,False,False,False
2373,1.0000,0.0000,False,False,False
2374,0.0000,1.0000,False,False,False
2375,0.0000,1.0000,False,False,False
2376,1.0000,0.0000,False,False,False
2377,0.0000,1.0000,False,False,False
2378,0.0000,1.0000,False,False,False
2379,1.0000,0.0000,False,False,False
2380,1.0000,0.0000,False,False,False
2381,1.0000,0.0000,False,False,False
2382,1.0000,0.0000,False,False,False
2383,1.0000,0.0000,False,False,False
2384,1.0000,0.0000,False,False,False
2385,0.0000,1.0000,False,False,False
2386,1.0000,0.0000,False,False,False
2387,1.0000,0.0000,False,False,False
2388,1.0000,0.0000,False,False,False
2389,1.0000,0.0000,False,False,False
2390,0.0000,1.0000,False,False,False
2391,1.0000,0.0000,False,False,False
2392,1.0000,0.0000,False,False,False
2393,1.0000,0.0000,False,False,False
2394,1.0000,0.0000,False,False,False
2395,1.0000,0.0000,False,False,False
2396,1.0000,0.0000,False,False,False
2397,1.0000,0.0000,False,False,False
2398,1.0000,0.0000,False,False,False
2399,1.0000,0.0000,False,False,False
2400,1.0000,0.0000,False,False,False
2401,0.0000,1.0000,False,False,False
2402,1.0000,0.0000,False,False,False
2403,1.0000,0.0000,False,False,False
2404,1.0000,0.0000,False,False,False
2405,1.0000,0.0000,False,False,False
2406,1.0000,0.0000,False,False,False
2407,1.0000,0.0000,False,False,False
2408,0.0000,1.0000,False,False,False
2409,1.0000,0.0000,False,False,False
2410,0.0000,1.0000,False,False,False
2411,1.0000,0.0000,False,False,False
2412,0.0000,1.0000,False,False,False
2413,1.0000,0.0000,False,False,False
2414,1.0000,0.0000,False,False,False
2415,1.0000,0.0000,False,False,False
2416,1.0000,0.0000,False,False,False
2417,1.0000,0.0000,False,False,False
2418,1.0000,0.0000,False,False,False
2419,0.0000,1.0000,False,False,False
2420,1.0000,0.0000,False,False,False
2421,1.0000,0.0000,False,False,False
2422,1.0000,0.0000,False,False,False
2423,1.0000,0.0000,False,False,False
2424,0.0000,1.0000,False,False,False
2425,1.0000,0.0000,False,False,False
2426,1.0000,0.0000,False,False,False
2427,0.0000,1.0000,False,False,False
2428,1.0000,0.0000,False,False,False
2429,1.0000,0.0000,False,False,False
2430,1.0000,0.0000,False,False,False
2431,1.0000,0.0000,False,False,False
2432,1.0000,0.0000,False,False,False
2433,1.0000,0.0000,False,False,False
2434,1.0000,0.0000,False,False,False
2435,1.0000,0.0000,False,False,False
2436,0.0000,1.0000,False,False,False
2437,0.0000,1.0000,False,False,False
2438,1.0000,0.0000,False,False,False
2439,1.0000,0.0000,False,False,False
2440,1.0000,0.0000,False,False,False
2441,1.0000,0.0000,False,False,False
2442,0.0000,1.0000,False,False,False
2443,0.0000,1.0000,False,False,False
2444,1.0000,0.0000,False,False,False
2445,1.0000,0.0000,False,False,False
2446,1.0000,0.0000,False,False,False
2447,1.0000,0.0000,False,False,False
2448,0.0000,1.0000,False,False,False
2449,0.0000,1.0000,False,False,False
2450,1.0000,0.0000,False,False,False
2451,0.0000,1.0000,False,False,False
2452,1.0000,0.0000,False,False,False
2453,1.0000,0.0000,False,False,False
2454,0.0000,1.0000,False,False,False
2455,0.0000,1.0000,False,False,False
2456,1.0000,0.0000,False,False,False
2457,0.0000,1.0000,False,False,False
2458,0.0000,1.0000,False,False,False
2459,1.0000,0.0000,False,False,False
2460,0.0000,1.0000,False,False,False
2461,1.0000,0.0000,False,False,False
2462,0.0000,1.0000,False,False,False
2463,1.0000,0.0000,False,False,False
2464,1.0000,0.0000,False,False,False
2465,1.0000,0.0000,False,False,False
2466,1.0000,0.0000,False,False,False
2467,1.0000,0.0000,False,False,False
2468,0.0000,1.0000,False,False,False
2469,1.0000,0.0000,False,False,False
2470,1.0000,0.0000,False,False,False
2471,0.0000,1.0000,False,False,False
2472,0.0000,1.0000,False,False,False
2473,1.0000,0.0000,False,False,False
2474,1.0000,0.0000,False,False,False
2475,1.0000,0.0000,False,False,False
2476,1.0000,0.0000,False,False,False
2477,1.0000,0.0000,False,False,False
2478,1.0000,0.0000,False,False,False
2479,1.0000,0.0000,False,False,False
2480,1.0000,0.0000,False,False,False
2481,1.0000,0.0000,False,False,False
2482,1.0000,0.0000,False,False,False
2483,1.0000,0.0000,False,False,False
2484,0.0000,1.0000,False,False,False
2485,1.0000,0.0000,False,False,False
2486,1.0000,0.0000,False,False,False
2487,1.0000,0.0000,False,False,False
2488,1.0000,0.0000,False,False,False
2489,1.0000,0.0000,False,False,False
2490,1.0000,0.0000,False,False,False
2491,1.0000,0.0000,False,False,False
2492,1.0000,0.0000,False,False,False
2493,1.0000,0.0000,False,False,False
2494,0.0000,1.0000,False,False,False
2495,0.0000,1.0000,False,False,False
2496,0.0000,1.0000,False,False,False
2497,1.0000,0.0000,False,False,False
2498,0.0000,1.0000,False,False,False
2499,0.0000,1.0000,False,False,False
2500,1.0000,0.0000,True,True,False
2501,1.0000,0.0000,True,True,False
2502,0.0000,1.0000,True,True,False
2503,0.0000,1.0000,True,True,False
2504,0.0000,1.0000,True,True,False
2505,1.0000,0.0000,True,True,False
2506,1.0000,0.0000,True,True,False
2507,1.0000,0.0000,True,True,False
2508,1.0000,0.0000,True,True,False
2509,1.0000,0.0000,True,True,False
2510,1.0000,0.0000,True,False,True
2511,1.0000,0.0000,False,False,False
2512,1.0000,0.0000,False,False,False
2513,1.0000,0.0000,False,False,False
2514,1.0000,0.0000,False,False,False
2515,1.0000,0.0000,False,False,False
2516,1.0000,0.0000,False,False,False
2517,1.0000,0.0000,False,False,False
2518,1.0000,0.0000,False,False,False
2519,1.0000,0.0000,False,False,False
2520,1.0000,0.0000,False,False,False
2521,1.0000,0.0000,False,False,False
2522,0.0000,1.0000,False,False,False
2523,1.0000,0.0000,False,False,False
2524,0.0000,1.0000,False,False,False
2525,1.0000,0.0000,False,False,False
2526,1.0000,0.0000,False,False,False
2527,1.0000,0.0000,False,False,False
2528,1.0000,0.0000,False,False,False
2529,0.0000,1.0000,False,False,False
2530,1.0000,0.0000,False,False,False
2531,0.0000,1.0000,False,False,False
2532,1.0000,0.0000,False,False,False
2533,1.0000,0.0000,False,False,False
2534,1.0000,0.0000,False,False,False
2535,0.0000,1.0000,False,False,False
2536,1.0000,0.0000,False,False,False
2537,0.0000,1.0000,False,False,False
2538,1.0000,0.0000,False,False,False
2539,1.0000,0.0000,False,False,False
2540,0.0000,1.0000,False,False,False
2541,1.0000,0.0000,False,False,False
2542,0.0000,1.0000,False,False,False
2543,1.0000,0.0000,False,False,False
2544,0.0000,1.0000,False,False,False
2545,1.0000,0.0000,False,False,False
2546,1.0000,0.0000,False,False,False
2547,1.0000,0.0000,False,False,False
2548,1.0000,0.0000,False,False,False
2549,1.0000,0.0000,False,False,False
2550,0.0000,1.0000,False,False,False
2551,1.0000,0.0000,False,False,False
2552,1.0000,0.0000,False,False,False
2553,1.0000,0.0000,False,False,False
2554,1.0000,0.0000,False,False,False
2555,1.0000,0.0000,False,False,False
2556,1.0000,0.0000,False,False,False
2557,1.0000,0.0000,False,False,False
2558,1.0000,0.0000,False,False,False
2559,1.0000,0.0000,False,False,False
2560,1.0000,0.0000,False,False,False
2561,1.0000,0.0000,False,False,False
2562,1.0000,0.0000,False,False,False
2563,1.0000,0.0000,False,False,False
2564,1.0000,0.0000,False,False,False
2565,1.0000,0.0000,False,False,False
2566,0.0000,1.0000,False,False,False
2567,1.0000,0.0000,False,False,False
2568,1.0000,0.0000,False,False,False
2569,0.0000,1.0000,False,False,False
2570,1.0000,0.0000,False,False,False
2571,1.0000,0.0000,False,False,False
2572,1.0000,0.0000,False,False,False
2573,1.0000,0.0000,False,False,False
2574,0.0000,1.0000,False,False,False
2575,1.0000,0.0000,False,False,False
2576,1.0000,0.0000,False,False,False
2577,1.0000,0.0000,False,False,False
2578,0.0000,1.0000,False,False,False
2579,1.0000,0.0000,False,False,False
2580,1.0000,0.0000,False,False,False
2581,1.0000,0.0000,False,False,False
2582,0.0000,1.0000,False,False,False
2583,1.0000,0.0000,False,False,False
2584,1.0000,0.0000,False,False,False
2585,1.0000,0.0000,False,False,False
2586,1.0000,0.0000,False,False,False
2587,1.0000,0.0000,False,False,False
2588,1.0000,0.0000,False,False,False
2589,1.0000,0.0000,False,False,False
2590,1.0000,0.0000,False,False,False
2591,1.0000,0.0000,False,False,False
2592,1.0000,0.0000,False,False,False
2593,1.0000,0.0000,False,False,False
2594,1.0000,0.0000,False,False,False
2595,1.0000,0.0000,False,False,False
2596,1.0000,0.0000,False,False,False
2597,1.0000,0.0000,False,False,False
2598,0.0000,1.0000,False,False,False
2599,1.0000,0.0000,False,False,False
2600,1.0000,0.0000,False,False,False
2601,1.0000,0.0000,False,False,False
2602,1.0000,0.0000,False,False,False
2603,1.0000,0.0000,False,False,False
2604,1.0000,0.0000,False,False,False
2605,0.0000,1.0000,False,False,False
2606,0.0000,1.0000,False,False,False
2607,1.0000,0.0000,False,False,False
2608,1.0000,0.0000,False,False,False
2609,1.0000,0.0000,False,False,False
2610,1.0000,0.0000,False,False,False
2611,1.0000,0.0000,False,False,False
2612,1.0000,0.0000,False,False,False
2613,1.0000,0.0000,False,False,False
2614,1.0000,0.0000,False,False,False
2615,1.0000,0.0000,False,False,False
2616,1.0000,0.0000,False,False,False
2617,0.0000,1.0000,False,False,False
2618,1.0000,0.0000,False,False,False
2619,1.0000,0.0000,False,False,False
2620,1.0000,0.0000,False,False,False
2621,1.0000,0.0000,False,False,False
2622,1.0000,0.0000,False,False,False
2623,1.0000,0.0000,False,False,False
2624,1.0000,0.0000,False,False,False
2625,0.0000,1.0000,False,False,False
2626,1.0000,0.0000,False,False,False
2627,1.0000,0.0000,False,False,False
2628,1.0000,0.0000,False,False,False
2629,1.0000,0.0000,False,False,False
2630,1.0000,0.0000,False,False,False
2631,1.0000,0.0000,False,False,False
2632,1.0000,0.0000,False,False,False
2633,1.0000,0.0000,False,False,False
2634,1.0000,0.0000,False,False,False
2635,1.0000,0.0000,False,False,False
2636,0.0000,1.0000,False,False,False
2637,1.0000,0.0000,False,False,False
2638,1.0000,0.0000,False,False,False
2639,0.0000,1.0000,False,False,False
2640,0.0000,1.0000,False,False,False
2641,0.0000,1.0000,False,False,False
2642,0.0000,1.0000,False,False,False
2643,1.0000,0.0000,False,False,False
2644,1.0000,0.0000,False,False,False
2645,1.0000,0.0000,False,False,False
2646,1.0000,0.0000,False,False,False
2647,1.0000,0.0000,False,False,False
2648,0.0000,1.0000,False,False,False
2649,1.0000,0.0000,False,False,False
2650,0.0000,1.0000,False,False,False
2651,1.0000,0.0000,False,False,False
2652,1.0000,0.0000,False,False,False
2653,1.0000,0.0000,False,False,False
2654,0.0000,1.0000,False,False,False
2655,0.0000,1.0000,False,False,False
2656,1.0000,0.0000,False,False,False
2657,0.0000,1.0000,False,False,False
2658,1.0000,0.0000,False,False,False
2659,0.0000,1.0000,False,False,False
2660,1.0000,0.0000,False,False,False
2661,1.0000,0.0000,False,False,False
2662,1.0000,0.0000,False,False,False
2663,1.0000,0.0000,False,False,False
2664,1.0000,0.0000,False,False,False
2665,1.0000,0.0000,False,False,False
2666,1.0000,0.0000,False,False,False
2667,0.0000,1.0000,False,False,False
2668,1.0000,0.0000,False,False,False
2669,1.0000,0.0000,False,False,False
2670,1.0000,0.0000,False,False,False
2671,1.0000,0.0000,False,False,False
2672,1.0000,0.0000,False,False,False
2673,1.0000,0.0000,False,False,False
2674,1.0000,0.0000,False,False,False
2675,1.0000,0.0000,False,False,False
2676,1.0000,0.0000,False,False,False
2677,1.0000,0.0000,False,False,False
2678,1.0000,0.0000,False,False,False
2679,1.0000,0.0000,False,False,False
2680,0.0000,1.0000,False,False,False
2681,1.0000,0.0000,False,False,False
2682,1.0000,0.0000,False,False,False
2683,1.0000,0.0000,False,False,False
2684,1.0000,0.0000,False,False,False
2685,1.0000,0.0000,False,False,False
2686,0.0000,1.0000,False,False,False
2687,1.0000,0.0000,False,False,False
2688,1.0000,0.0000,False,False,False
2689,1.0000,0.0000,False,False,False
2690,1.0000,0.0000,False,False,False
2691,1.0000,0.0000,False,False,False
2692,1.0000,0.0000,False,False,False
2693,0.0000,1.0000,False,False,False
2694,0.0000,1.0000,False,False,False
2695,1.0000,0.0000,False,False,False
2696,1.0000,0.0000,False,False,False
2697,0.0000,1.0000,False,False,False
2698,1.0000,0.0000,False,False,False
2699,1.0000,0.0000,False,False,False
2700,1.0000,0.0000,False,False,False
2701,1.0000,0.0000,False,False,False
2702,1.0000,0.0000,False,False,False
2703,1.0000,0.0000,False,False,False
2704,0.0000,1.0000,False,False,False
2705,1.0000,0.0000,False,False,False
2706,1.0000,0.0000,False,False,False
2707,1.0000,0.0000,False,False,False
2708,0.0000,1.0000,False,False,False
2709,1.0000,0.0000,False,False,False
2710,0.0000,1.0000,False,False,False
2711,0.0000,1.0000,False,False,False
2712,1.0000,0.0000,False,False,False
2713,1.0000,0.0000,False,False,False
2714,1.0000,0.0000,False,False,False
2715,1.0000,0.0000,False,False,False
2716,1.0000,0.0000,False,False,False
2717,1.0000,0.0000,False,False,False
2718,1.0000,0.0000,False,False,False
2719,1.0000,0.0000,False,False,False
2720,1.0000,0.0000,False,False,False
2721,1.0000,0.0000,False,False,False
2722,0.0000,1.0000,False,False,False
2723,0.0000,1.0000,False,False,False
2724,0.0000,1.0000,False,False,False
2725,1.0000,0.0000,False,False,False
2726,1.0000,0.0000,False,False,False
2727,1.0000,0.0000,False,False,False
2728,1.0000,0.0000,False,False,False
2729,0.0000,1.0000,False,False,False
2730,1.0000,0.0000,False,False,False
2731,1.0000,0.0000,False,False,False
2732,1.0000,0.0000,False,False,False
2733,1.0000,0.0000,False,False,False
2734,0.0000,1.0000,False,False,False
2735,1.0000,0.0000,False,False,False
2736,1.0000,0.0000,False,False,False
2737,0.0000,1.0000,False,False,False
2738,1.0000,0.0000,False,False,False
2739,1.0000,0.0000,False,False,False
2740,0.0000,1.0000,False,False,False
2741,1.0000,0.0000,False,False,False
2742,1.0000,0.0000,False,False,False
2743,1.0000,0.0000,False,False,False
2744,0.0000,1.0000,False,False,False
2745,1.0000,0.0000,False,False,False
2746,1.0000,0.0000,False,False,False
2747,0.0000,1.0000,False,False,False
2748,1.0000,0.0000,False,False,False
2749,1.0000,0.0000,False,False,False
2750,1.0000,0.0000,False,False,False
2751,1.0000,0.0000,False,False,False
2752,1.0000,0.0000,False,False,False
2753,1.0000,0.0000,False,False,False
2754,1.0000,0.0000,False,False,False
2755,1.0000,0.0000,False,False,False
2756,0.0000,1.0000,False,False,False
2757,0.0000,1.0000,False,False,False
2758,1.0000,0.0000,False,False,False
2759,1.0000,0.0000,False,False,False
2760,1.0000,0.0000,False,False,False
2761,1.0000,0.0000,False,False,False
2762,1.0000,0.0000,False,False,False
2763,1.0000,0.0000,False,False,False
2764,1.0000,0.0000,False,False,False
2765,0.0000,1.0000,False,False,False
2766,1.0000,0.0000,False,False,False
2767,1.0000,0.0000,False,False,False
2768,1.0000,0.0000,False,False,False
2769,1.0000,0.0000,False,False,False
2770,1.0000,0.0000,False,False,False
2771,1.0000,0.0000,False,False,False
2772,1.0000,0.0000,False,False,False
2773,1.0000,0.0000,False,False,False
2774,1.0000,0.0000,False,False,False
2775,1.0000,0.0000,False,False,False
2776,1.0000,0.0000,False,False,False
2777,1.0000,0.0000,False,False,False
2778,1.0000,0.0000,False,False,False
2779,1.0000,0.0000,False,False,False
2780,0.0000,1.0000,False,False,False
2781,1.0000,0.0000,False,False,False
2782,1.0000,0.0000,False,False,False
2783,1.0000,0.0000,False,False,False
2784,1.0000,0.0000,False,False,False
2785,0.0000,1.0000,False,False,False
2786,1.0000,0.0000,False,False,False
2787,1.0000,0.0000,False,False,False
2788,1.0000,0.0000,False,False,False
2789,0.0000,1.0000,False,False,False
2790,1.0000,0.0000,False,False,False
2791,1.0000,0.0000,False,False,False
2792,1.0000,0.0000,False,False,False
2793,0.0000,1.0000,False,False,False
2794,0.0000,1.0000,False,False,False
2795,1.0000,0.0000,False,False,False
2796,1.0000,0.0000,False,False,False
2797,1.0000,0.0000,False,False,False
2798,1.0000,0.0000,False,False,False
2799,1.0000,0.0000,False,False,False
2800,1.0000,0.0000,False,False,False
2801,1.0000,0.0000,False,False,False
2802,0.0000,1.0000,False,False,False
2803,1.0000,0.0000,False,False,False
2804,1.0000,0.0000,False,False,False
2805,1.0000,0.0000,False,False,False
2806,1.0000,0.0000,False,False,False
2807,1.0000,0.0000,False,False,False
2808,0.0000,1.0000,False,False,False
2809,1.0000,0.0000,False,False,False
2810,1.0000,0.0000,False,False,False
2811,0.0000,1.0000,False,False,False
2812,1.0000,0.0000,False,False,False
2813,1.0000,0.0000,False,False,False
2814,1.0000,0.0000,False,False,False
2815,1.0000,0.0000,False,False,False
2816,1.0000,0.0000,False,False,False
2817,1.0000,0.0000,False,False,False
2818,0.0000,1.0000,False,False,False
2819,1.0000,0.0000,False,False,False
2820,0.0000,1.0000,False,False,False
2821,1.0000,0.0000,False,False,False
2822,0.0000,1.0000,False,False,False
2823,1.0000,0.0000,False,False,False
2824,0.0000,1.0000,False,False,False
2825,1.0000,0.0000,False,False,False
2826,1.0000,0.0000,False,False,False
2827,1.0000,0.0000,False,False,False
2828,1.0000,0.0000,False,False,False
2829,1.0000,0.0000,False,False,False
2830,1.0000,0.0000,False,False,False
2831,1.0000,0.0000,False,False,False
2832,1.0000,0.0000,False,False,False
2833,1.0000,0.0000,False,False,False
2834,1.0000,0.0000,False,False,False
2835,1.0000,0.0000,False,False,False
2836,1.0000,0.0000,False,False,False
2837,1.0000,0.0000,False,False,False
2838,0.0000,1.0000,False,False,False
2839,1.0000,0.0000,False,False,False
2840,1.0000,0.0000,False,False,False
2841,0.0000,1.0000,False,False,False
2842,0.0000,1.0000,False,False,False
2843,1.0000,0.0000,False,False,False
2844,1.0000,0.0000,False,False,False
2845,1.0000,0.0000,False,False,False
2846,1.0000,0.0000,False,False,False
2847,1.0000,0.0000,False,False,False
2848,1.0000,0.0000,False,False,False
2849,0.0000,1.0000,False,False,False
2850,1.0000,0.0000,False,False,False
2851,1.0000,0.0000,False,False,False
2852,1.0000,0.0000,False,False,False
2853,1.0000,0.0000,False,False,False
2854,0.0000,1.0000,False,False,False
2855,1.0000,0.0000,False,False,False
2856,1.0000,0.0000,False,False,False
2857,0.0000,1.0000,False,False,False
2858,1.0000,0.0000,False,False,False
2859,1.0000,0.0000,False,False,False
2860,1.0000,0.0000,False,False,False
2861,1.0000,0.0000,False,False,False
2862,1.0000,0.0000,False,False,False
2863,1.0000,0.0000,False,False,False
2864,1.0000,0.0000,False,False,False
2865,1.0000,0.0000,False,False,False
2866,1.0000,0.0000,False,False,False
2867,1.0000,0.0000,False,False,False
2868,1.0000,0.0000,False,False,False
2869,1.0000,0.0000,False,False,False
2870,1.0000,0.0000,False,False,False
2871,1.0000,0.0000,False,False,False
2872,1.0000,0.0000,False,False,False
2873,1.0000,0.0000,False,False,False
2874,1.0000,0.0000,False,False,False
2875,0.0000,1.0000,False,False,False
2876,1.0000,0.0000,False,False,False
2877,1.0000,0.0000,False,False,False
2878,1.0000,0.0000,False,False,False
2879,1.0000,0.0000,False,False,False
2880,0.0000,1.0000,False,False,False
2881,1.0000,0.0000,False,False,False
2882,1.0000,0.0000,False,False,False
2883,1.0000,0.0000,False,False,False
2884,1.0000,0.0000,False,False,False
2885,1.0000,0.0000,False,False,False
2886,1.0000,0.0000,False,False,False
2887,1.0000,0.0000,False,False,False
2888,1.0000,0.0000,False,False,False
2889,1.0000,0.0000,False,False,False
2890,0.0000,1.0000,False,False,False
2891,1.0000,0.0000,False,False,False
2892,1.0000,0.0000,False,False,False
2893,0.0000,1.0000,False,False,False
2894,1.0000,0.0000,False,False,False
2895,0.0000,1.0000,False,False,False
2896,0.0000,1.0000,False,False,False
2897,1.0000,0.0000,False,False,False
2898,1.0000,0.0000,False,False,False
2899,0.0000,1.0000,False,False,False
2900,1.0000,0.0000,False,False,False
2901,1.0000,0.0000,False,False,False
2902,0.0000,1.0000,False,False,False
2903,1.0000,0.0000,False,False,False
2904,1.0000,0.0000,False,False,False
2905,1.0000,0.0000,False,False,False
2906,0.0000,1.0000,False,False,False
2907,1.0000,0.0000,False,False,False
2908,0.0000,1.0000,False,False,False
2909,1.0000,0.0000,False,False,False
2910,1.0000,0.0000,False,False,False
2911,0.0000,1.0000,False,False,False
2912,0.0000,1.0000,False,False,False
2913,1.0000,0.0000,False,False,False
2914,1.0000,0.0000,False,False,False
2915,0.0000,1.0000,False,False,False
2916,1.0000,0.0000,False,False,False
2917,0.0000,1.0000,False,False,False
2918,0.0000,1.0000,False,False,False
2919,0.0000,1.0000,False,False,False
2920,1.0000,0.0000,False,False,False
2921,1.0000,0.0000,False,False,False
2922,1.0000,0.0000,False,False,False
2923,1.0000,0.0000,False,False,False
2924,1.0000,0.0000,False,False,False
2925,1.0000,0.0000,False,False,False
2926,1.0000,0.0000,False,False,False
2927,1.0000,0.0000,False,False,False
2928,1.0000,0.0000,False,False,False
2929,1.0000,0.0000,False,False,False
2930,1.0000,0.0000,False,False,False
2931,1.0000,0.0000,False,False,False
2932,1.0000,0.0000,False,False,False
2933,1.0000,0.0000,False,False,False
2934,1.0000,0.0000,False,False,False
2935,1.0000,0.0000,False,False,False
2936,1.0000,0.0000,False,False,False
2937,1.0000,0.0000,False,False,False
2938,1.0000,0.0000,False,False,False
2939,1.0000,0.0000,False,False,False
2940,1.0000,0.0000,False,False,False
2941,1.0000,0.0000,False,False,False
2942,1.0000,0.0000,False,False,False
2943,0.0000,1.0000,False,False,False
2944,0.0000,1.0000,False,False,False
2945,0.0000,1.0000,False,False,False
2946,0.0000,1.0000,False,False,False
2947,1.0000,0.0000,False,False,False
2948,1.0000,0.0000,False,False,False
2949,1.0000,0.0000,False,False,False
2950,0.0000,1.0000,False,False,False
2951,1.0000,0.0000,False,False,False
2952,1.0000,0.0000,False,False,False
2953,0.0000,1.0000,False,False,False
2954,1.0000,0.0000,False,False,False
2955,0.0000,1.0000,False,False,False
2956,1.0000,0.0000,False,False,False
2957,1.0000,0.0000,False,False,False
2958,1.0000,0.0000,False,False,False
2959,0.0000,1.0000,False,False,False
2960,1.0000,0.0000,False,False,False
2961,1.0000,0.0000,False,False,False
2962,1.0000,0.0000,False,False,False
2963,1.0000,0.0000,False,False,False
2964,1.0000,0.0000,False,False,False
2965,1.0000,0.0000,False,False,False
2966,1.0000,0.0000,False,False,False
2967,1.0000,0.0000,False,False,False
2968,1.0000,0.0000,False,False,False
2969,1.0000,0.0000,False,False,False
2970,1.0000,0.0000,False,False,False
2971,1.0000,0.0000,False,False,False
2972,1.0000,0.0000,False,False,False
2973,1.0000,0.0000,False,False,False
2974,1.0000,0.0000,False,False,False
2975,1.0000,0.0000,False,False,False
2976,1.0000,0.0000,False,False,False
2977,1.0000,0.0000,False,False,False
2978,0.0000,1.0000,False,False,False
2979,0.0000,1.0000,False,False,False
2980,1.0000,0.0000,False,False,False
2981,1.0000,0.0000,False,False,False
2982,0.0000,1.0000,False,False,False
2983,1.0000,0.0000,False,False,False
2984,1.0000,0.0000,False,False,False
2985,0.0000,1.0000,False,False,False
2986,1.0000,0.0000,False,False,False
2987,1.0000,0.0000,False,False,False
2988,1.0000,0.0000,False,False,False
2989,1.0000,0.0000,False,False,False
2990,1.0000,0.0000,False,False,False
2991,1.0000,0.0000,False,False,False
2992,1.0000,0.0000,False,False,False
2993,1.0000,0.0000,False,False,False
2994,0.0000,1.0000,False,False,False
2995,1.0000,0.0000,False,False,False
2996,1.0000,0.0000,False,False,False
2997,1.0000,0.0000,False,False,False
2998,1.0000,0.0000,False,False,False
2999,0.0000,1.0000,False,False,False
3000,1.0000,0.0000,False,False,False
3001,0.0000,1.0000,False,False,False
3002,0.0000,1.0000,False,False,False
3003,0.0000,1.0000,False,False,False
3004,1.0000,0.0000,False,False,False
3005,0.0000,1.0000,False,False,False
3006,1.0000,0.0000,False,False,False
3007,1.0000,0.0000,False,False,False
3008,1.0000,0.0000,False,False,False
3009,1.0000,0.0000,False,False,False
3010,1.0000,0.0000,False,False,False
3011,1.0000,0.0000,False,False,False
3012,1.0000,0.0000,False,False,False
3013,0.0000,1.0000,False,False,False
3014,1.0000,0.0000,False,False,False
3015,0.0000,1.0000,False,False,False
3016,1.0000,0.0000,False,False,False
3017,1.0000,0.0000,False,False,False
3018,1.0000,0.0000,False,False,False
3019,1.0000,0.0000,False,False,False
3020,1.0000,0.0000,False,False,False
3021,1.0000,0.0000,False,False,False
3022,0.0000,1.0000,False,False,False
3023,1.0000,0.0000,False,False,False
3024,0.0000,1.0000,False,False,False
3025,1.0000,0.0000,False,False,False
3026,1.0000,0.0000,False,False,False
3027,0.0000,1.0000,False,False,False
3028,1.0000,0.0000,False,False,False
3029,0.0000,1.0000,False,False,False
3030,0.0000,1.0000,False,False,False
3031,1.0000,0.0000,False,False,False
3032,1.0000,0.0000,False,False,False
3033,1.0000,0.0000,False,False,False
3034,0.0000,1.0000,False,False,False
3035,1.0000,0.0000,False,False,False
3036,0.0000,1.0000,False,False,False
3037,1.0000,0.0000,False,False,False
3038,1.0000,0.0000,False,False,False
3039,1.0000,0.0000,False,False,False
3040,1.0000,0.0000,False,False,False
3041,1.0000,0.0000,False,False,False
3042,1.0000,0.0000,False,False,False
3043,1.0000,0.0000,False,False,False
3044,0.0000,1.0000,False,False,False
3045,1.0000,0.0000,False,False,False
3046,0.0000,1.0000,False,False,False
3047,1.0000,0.0000,False,False,False
3048,0.0000,1.0000,False,False,False
3049,1.0000,0.0000,False,False,False
3050,1.0000,0.0000,False,False,False
3051,1.0000,0.0000,False,False,False
3052,1.0000,0.0000,False,False,False
3053,1.0000,0.0000,False,False,False
3054,1.0000,0.0000,False,False,False
3055,1.0000,0.0000,False,False,False
3056,1.0000,0.0000,False,False,False
3057,1.0000,0.0000,False,False,False
3058,1.0000,0.0000,False,False,False
3059,1.0000,0.0000,False,False,False
3060,1.0000,0.0000,False,False,False
3061,1.0000,0.0000,False,False,False
3062,0.0000,1.0000,False,False,False
3063,1.0000,0.0000,False,False,False
3064,1.0000,0.0000,False,False,False
3065,1.0000,0.0000,False,False,False
3066,1.0000,0.0000,False,False,False
3067,1.0000,0.0000,False,False,False
3068,0.0000,1.0000,False,False,False
3069,1.0000,0.0000,False,False,False
3070,1.0000,0.0000,False,False,False
3071,1.0000,0.0000,False,False,False
3072,1.0000,0.0000,False,False,False
3073,1.0000,0.0000,False,False,False
3074,0.0000,1.0000,False,False,False
3075,1.0000,0.0000,False,False,False
3076,1.0000,0.0000,False,False,False
3077,1.0000,0.0000,False,False,False
3078,1.0000,0.0000,False,False,False
3079,1.0000,0.0000,False,False,False
3080,1.0000,0.0000,False,False,False
3081,1.0000,0.0000,False,False,False
3082,1.0000,0.0000,False,False,False
3083,1.0000,0.0000,False,False,False
3084,0.0000,1.0000,False,False,False
3085,1.0000,0.0000,False,False,False
3086,0.0000,1.0000,False,False,False
3087,1.0000,0.0000,False,False,False
3088,0.0000,1.0000,False,False,False
3089,1.0000,0.0000,False,False,False
3090,1.0000,0.0000,False,False,False
3091,1.0000,0.0000,False,False,False
3092,0.0000,1.0000,False,False,False
3093,1.0000,0.0000,False,False,False
3094,1.0000,0.0000,False,False,False
3095,1.0000,0.0000,False,False,False
3096,1.0000,0.0000,False,False,False
3097,1.0000,0.0000,False,False,False
3098,1.0000,0.0000,False,False,False
3099,1.0000,0.0000,False,False,False
3100,0.0000,1.0000,False,False,False
3101,0.0000,1.0000,False,False,False
3102,1.0000,0.0000,False,False,False
3103,1.0000,0.0000,False,False,False
3104,1.0000,0.0000,False,False,False
3105,1.0000,0.0000,False,False,False
3106,1.0000,0.0000,False,False,False
3107,1.0000,0.0000,False,False,False
3108,1.0000,0.0000,False,False,False
3109,1.0000,0.0000,False,False,False
3110,1.0000,0.0000,False,False,False
3111,0.0000,1.0000,False,False,False
3112,1.0000,0.0000,False,False,False
3113,1.0000,0.0000,False,False,False
3114,1.0000,0.0000,False,False,False
3115,0.0000,1.0000,False,False,False
3116,0.0000,1.0000,False,False,False
3117,1.0000,0.0000,False,False,False
3118,1.0000,0.0000,False,False,False
3119,1.0000,0.0000,False,False,False
3120,1.0000,0.0000,False,False,False
3121,1.0000,0.0000,False,False,False
3122,1.0000,0.0000,False,False,False
3123,1.0000,0.0000,False,False,False
3124,0.0000,1.0000,False,False,False
3125,1.0000,0.0000,False,False,False
3126,1.0000,0.0000,False,False,False
3127,1.0000,0.0000,False,False,False
3128,0.0000,1.0000,False,False,False
3129,1.0000,0.0000,False,False,False
3130,0.0000,1.0000,False,False,False
3131,1.0000,0.0000,False,False,False
3132,1.0000,0.0000,False,False,False
3133,1.0000,0.0000,False,False,False
3134,0.0000,1.0000,False,False,False
3135,0.0000,1.0000,False,False,False
3136,1.0000,0.0000,False,False,False
3137,1.0000,0.0000,False,False,False
3138,1.0000,0.0000,False,False,False
3139,1.0000,0.0000,False,False,False
3140,1.0000,0.0000,False,False,False
3141,1.0000,0.0000,False,False,False
3142,1.0000,0.0000,False,False,False
3143,1.0000,0.0000,False,False,False
3144,1.0000,0.0000,False,False,False
3145,1.0000,0.0000,False,False,False
3146,1.0000,0.0000,False,False,False
3147,1.0000,0.0000,False,False,False
3148,1.0000,0.0000,False,False,False
3149,1.0000,0.0000,False,False,False
3150,1.0000,0.0000,False,False,False
3151,1.0000,0.0000,False,False,False
3152,1.0000,0.0000,False,False,False
3153,1.0000,0.0000,False,False,False
3154,1.0000,0.0000,False,False,False
3155,1.0000,0.0000,False,False,False
3156,0.0000,1.0000,False,False,False
3157,1.0000,0.0000,False,False,False
3158,1.0000,0.0000,False,False,False
3159,1.0000,0.0000,False,False,False
3160,0.0000,1.0000,False,False,False
3161,0.0000,1.0000,False,False,False
3162,1.0000,0.0000,False,False,False
3163,1.0000,0.0000,False,False,False
3164,1.0000,0.0000,False,False,False
3165,1.0000,0.0000,False,False,False
3166,1.0000,0.0000,False,False,False
3167,1.0000,0.0000,False,False,False
3168,1.0000,0.0000,False,False,False
3169,1.0000,0.0000,False,False,False
3170,0.0000,1.0000,False,False,False
3171,1.0000,0.0000,False,False,False
3172,1.0000,0.0000,False,False,False
3173,0.0000,1.0000,False,False,False
3174,1.0000,0.0000,False,False,False
3175,1.0000,0.0000,False,False,False
3176,0.0000,1.0000,False,False,False
3177,1.0000,0.0000,False,False,False
3178,1.0000,0.0000,False,False,False
3179,1.0000,0.0000,False,False,False
3180,0.0000,1.0000,False,False,False
3181,0.0000,1.0000,False,False,False
3182,0.0000,1.0000,False,False,False
3183,1.0000,0.0000,False,False,False
3184,1.0000,0.0000,False,False,False
3185,1.0000,0.0000,False,False,False
3186,1.0000,0.0000,False,False,False
3187,1.0000,0.0000,False,False,False
3188,1.0000,0.0000,False,False,False
3189,1.0000,0.0000,False,False,False
3190,1.0000,0.0000,False,False,False
3191,1.0000,0.0000,False,False,False
3192,1.0000,0.0000,False,False,False
3193,1.0000,0.0000,False,False,False
3194,1.0000,0.0000,False,False,False
3195,1.0000,0.0000,False,False,False
3196,1.0000,0.0000,False,False,False
3197,1.0000,0.0000,False,False,False
3198,1.0000,0.0000,False,False,False
3199,1.0000,0.0000,False,False,False
3200,1.0000,0.0000,False,False,False
3201,1.0000,0.0000,False,False,False
3202,0.0000,1.0000,False,False,False
3203,0.0000,1.0000,False,False,False
3204,1.0000,0.0000,False,False,False
3205,1.0000,0.0000,False,False,False
3206,1.0000,0.0000,False,False,False
3207,0.0000,1.0000,False,False,False
3208,1.0000,0.0000,False,False,False
3209,1.0000,0.0000,False,False,False
3210,1.0000,0.0000,False,False,False
3211,1.0000,0.0000,False,False,False
3212,1.0000,0.0000,False,False,False
3213,1.0000,0.0000,False,False,False
3214,1.0000,0.0000,False,False,False
3215,1.0000,0.0000,False,False,False
3216,0.0000,1.0000,False,False,False
3217,1.0000,0.0000,False,False,False
3218,1.0000,0.0000,False,False,False
3219,1.0000,0.0000,False,False,False
3220,1.0000,0.0000,False,False,False
3221,1.0000,0.0000,False,False,False
3222,1.0000,0.0000,False,False,False
3223,1.0000,0.0000,False,False,False
3224,0.0000,1.0000,False,False,False
3225,1.0000,0.0000,False,False,False
3226,0.0000,1.0000,False,False,False
3227,1.0000,0.0000,False,False,False
3228,0.0000,1.0000,False,False,False
3229,1.0000,0.0000,False,False,False
3230,0.0000,1.0000,False,False,False
3231,0.0000,1.0000,False,False,False
3232,1.0000,0.0000,False,False,False
3233,0.0000,1.0000,False,False,False
3234,1.0000,0.0000,False,False,False
3235,1.0000,0.0000,False,False,False
3236,1.0000,0.0000,False,False,False
3237,0.0000,1.0000,False,False,False
3238,1.0000,0.0000,False,False,False
3239,1.0000,0.0000,False,False,False
3240,1.0000,0.0000,False,False,False
3241,1.0000,0.0000,False,False,False
3242,1.0000,0.0000,False,False,False
3243,1.0000,0.0000,False,False,False
3244,1.0000,0.0000,False,False,False
3245,1.0000,0.0000,False,False,False
3246,1.0000,0.0000,False,False,False
3247,0.0000,1.0000,False,False,False
3248,1.0000,0.0000,False,False,False
3249,1.0000,0.0000,False,False,False
3250,1.0000,0.0000,False,False,False
3251,1.0000,0.0000,False,False,False
3252,1.0000,0.0000,False,False,False
3253,1.0000,0.0000,False,False,False
3254,0.0000,1.0000,False,False,False
3255,0.0000,1.0000,False,False,False
3256,1.0000,0.0000,False,False,False
3257,1.0000,0.0000,False,False,False
3258,1.0000,0.0000,False,False,False
3259,1.0000,0.0000,False,False,False
3260,1.0000,0.0000,False,False,False
3261,0.0000,1.0000,False,False,False
3262,1.0000,0.0000,False,False,False
3263,1.0000,0.0000,False,False,False
3264,1.0000,0.0000,False,False,False
3265,1.0000,0.0000,False,False,False
3266,1.0000,0.0000,False,False,False
3267,1.0000,0.0000,False,False,False
3268,1.0000,0.0000,False,False,False
3269,1.0000,0.0000,False,False,False
3270,1.0000,0.0000,False,False,False
3271,1.0000,0.0000,False,False,False
3272,0.0000,1.0000,False,False,False
3273,1.0000,0.0000,False,False,False
3274,1.0000,0.0000,False,False,False
3275,1.0000,0.0000,False,False,False
3276,1.0000,0.0000,False,False,False
3277,1.0000,0.0000,False,False,False
3278,1.0000,0.0000,False,False,False
3279,1.0000,0.0000,False,False,False
3280,1.0000,0.0000,False,False,False
3281,1.0000,0.0000,False,False,False
3282,1.0000,0.0000,False,False,False
3283,1.0000,0.0000,False,False,False
3284,1.0000,0.0000,False,False,False
3285,1.0000,0.0000,False,False,False
3286,1.0000,0.0000,False,False,False
3287,1.0000,0.0000,False,False,False
3288,1.0000,0.0000,False,False,False
3289,1.0000,0.0000,False,False,False
3290,1.0000,0.0000,False,False,False
3291,1.0000,0.0000,False,False,False
3292,1.0000,0.0000,False,False,False
3293,1.0000,0.0000,False,False,False
3294,1.0000,0.0000,False,False,False
3295,1.0000,0.0000,False,False,False
3296,1.0000,0.0000,False,False,False
3297,1.0000,0.0000,False,False,False
3298,1.0000,0.0000,False,False,False
3299,1.0000,0.0000,False,False,False
3300,0.0000,1.0000,False,False,False
3301,1.0000,0.0000,False,False,False
3302,0.0000,1.0000,False,False,False
3303,1.0000,0.0000,False,False,False
3304,0.0000,1.0000,False,False,False
3305,1.0000,0.0000,False,False,False
3306,1.0000,0.0000,False,False,False
3307,0.0000,1.0000,False,False,False
3308,1.0000,0.0000,False,False,False
3309,1.0000,0.0000,False,False,False
3310,1.0000,0.0000,False,False,False
3311,1.0000,0.0000,False,False,False
3312,1.0000,0.0000,False,False,False
3313,1.0000,0.0000,False,False,False
3314,1.0000,0.0000,False,False,False
3315,1.0000,0.0000,False,False,False
3316,0.0000,1.0000,False,False,False
3317,0.0000,1.0000,False,False,False
3318,1.0000,0.0000,False,False,False
3319,1.0000,0.0000,False,False,False
3320,1.0000,0.0000,False,False,False
3321,0.0000,1.0000,False,False,False
3322,1.0000,0.0000,False,False,False
3323,1.0000,0.0000,False,False,False
3324,1.0000,0.0000,False,False,False
3325,0.0000,1.0000,False,False,False
3326,1.0000,0.0000,False,False,False
3327,1.0000,0.0000,False,False,False
3328,1.0000,0.0000,False,False,False
3329,1.0000,0.0000,False,False,False
3330,1.0000,0.0000,False,False,False
3331,0.0000,1.0000,False,False,False
3332,1.0000,0.0000,False,False,False
3333,1.0000,0.0000,False,False,False
3334,0.0000,1.0000,False,False,False
3335,1.0000,0.0000,False,False,False
3336,1.0000,0.0000,False,False,False
3337,0.0000,1.0000,False,False,False
3338,1.0000,0.0000,False,False,False
3339,1.0000,0.0000,False,False,False
3340,1.0000,0.0000,False,False,False
3341,0.0000,1.0000,False,False,False
3342,1.0000,0.0000,False,False,False
3343,1.0000,0.0000,False,False,False
3344,0.0000,1.0000,False,False,False
3345,1.0000,0.0000,False,False,False
3346,1.0000,0.0000,False,False,False
3347,0.0000,1.0000,False,False,False
3348,0.0000,1.0000,False,False,False
3349,1.0000,0.0000,False,False,False
3350,1.0000,0.0000,False,False,False
3351,1.0000,0.0000,False,False,False
3352,0.0000,1.0000,False,False,False
3353,0.0000,1.0000,False,False,False
3354,1.0000,0.0000,False,False,False
3355,1.0000,0.0000,False,False,False
3356,1.0000,0.0000,False,False,False
3357,1.0000,0.0000,False,False,False
3358,1.0000,0.0000,False,False,False
3359,1.0000,0.0000,False,False,False
3360,1.0000,0.0000,False,False,False
3361,0.0000,1.0000,False,False,False
3362,1.0000,0.0000,False,False,False
3363,1.0000,0.0000,False,False,False
3364,1.0000,0.0000,False,False,False
3365,1.0000,0.0000,False,False,False
3366,1.0000,0.0000,False,False,False
3367,1.0000,0.0000,False,False,False
3368,0.0000,1.0000,False,False,False
3369,1.0000,0.0000,False,False,False
3370,1.0000,0.0000,False,False,False
3371,0.0000,1.0000,False,False,False
3372,1.0000,0.0000,False,False,False
3373,0.0000,1.0000,False,False,False
3374,1.0000,0.0000,False,False,False
3375,0.0000,1.0000,False,False,False
3376,1.0000,0.0000,False,False,False
3377,1.0000,0.0000,False,False,False
3378,0.0000,1.0000,False,False,False
3379,1.0000,0.0000,False,False,False
3380,1.0000,0.0000,False,False,False
3381,1.0000,0.0000,False,False,False
3382,0.0000,1.0000,False,False,False
3383,1.0000,0.0000,False,False,False
3384,1.0000,0.0000,False,False,False
3385,1.0000,0.0000,False,False,False
3386,1.0000,0.0000,False,False,False
3387,1.0000,0.0000,False,False,False
3388,0.0000,1.0000,False,False,False
3389,1.0000,0.0000,False,False,False
3390,1.0000,0.0000,False,False,False
3391,1.0000,0.0000,False,False,False
3392,1.0000,0.0000,False,False,False
3393,1.0000,0.0000,False,False,False
3394,1.0000,0.0000,False,False,False
3395,1.0000,0.0000,False,False,False
3396,1.0000,0.0000,False,False,False
3397,0.0000,1.0000,False,False,False
3398,1.0000,0.0000,False,False,False
3399,1.0000,0.0000,False,False,False
3400,1.0000,0.0000,False,False,False
3401,1.0000,0.0000,False,False,False
3402,1.0000,0.0000,False,False,False
3403,1.0000,0.0000,False,False,False
3404,1.0000,0.0000,False,False,False
3405,1.0000,0.0000,False,False,False
3406,1.0000,0.0000,False,False,False
3407,0.0000,1.0000,False,False,False
3408,1.0000,0.0000,False,False,False
3409,0.0000,1.0000,False,False,False
3410,1.0000,0.0000,False,False,False
3411,1.0000,0.0000,False,False,False
3412,1.0000,0.0000,False,False,False
3413,1.0000,0.0000,False,False,False
3414,1.0000,0.0000,False,False,False
3415,1.0000,0.0000,False,False,False
3416,1.0000,0.0000,False,False,False
3417,0.0000,1.0000,False,False,False
3418,1.0000,0.0000,False,False,False
3419,1.0000,0.0000,False,False,False
3420,1.0000,0.0000,False,False,False
3421,1.0000,0.0000,False,False,False
3422,1.0000,0.0000,False,False,False
3423,0.0000,1.0000,False,False,False
3424,1.0000,0.0000,False,False,False
3425,0.0000,1.0000,False,False,False
3426,0.0000,1.0000,False,False,False
3427,1.0000,0.0000,False,False,False
3428,0.0000,1.0000,False,False,False
3429,0.0000,1.0000,False,False,False
3430,0.0000,1.0000,False,False,False
3431,0.0000,1.0000,False,False,False
3432,1.0000,0.0000,False,False,False
3433,1.0000,0.0000,False,False,False
3434,1.0000,0.0000,False,False,False
3435,1.0000,0.0000,False,False,False
3436,1.0000,0.0000,False,False,False
3437,1.0000,0.0000,False,False,False
3438,1.0000,0.0000,False,False,False
3439,1.0000,0.0000,False,False,False
3440,0.0000,1.0000,False,False,False
3441,0.0000,1.0000,False,False,False
3442,1.0000,0.0000,False,False,False
3443,1.0000,0.0000,False,False,False
3444,1.0000,0.0000,False,False,False
3445,1.0000,0.0000,False,False,False
3446,0.0000,1.0000,False,False,False
3447,1.0000,0.0000,False,False,False
3448,1.0000,0.0000,False,False,False
3449,1.0000,0.0000,False,False,False
3450,1.0000,0.0000,False,False,False
3451,1.0000,0.0000,False,False,False
3452,1.0000,0.0000,False,False,False
3453,0.0000,1.0000,False,False,False
3454,0.0000,1.0000,False,False,False
3455,0.0000,1.0000,False,False,False
3456,1.0000,0.0000,False,False,False
3457,1.0000,0.0000,False,False,False
3458,1.0000,0.0000,False,False,False
3459,1.0000,0.0000,False,False,False
3460,0.0000,1.0000,False,False,False
3461,1.0000,0.0000,False,False,False
3462,1.0000,0.0000,False,False,False
3463,1.0000,0.0000,False,False,False
3464,1.0000,0.0000,False,False,False
3465,1.0000,0.0000,False,False,False
3466,1.0000,0.0000,False,False,False
3467,1.0000,0.0000,False,False,False
3468,1.0000,0.0000,False,False,False
3469,0.0000,1.0000,False,False,False
3470,1.0000,0.0000,False,False,False
3471,0.0000,1.0000,False,False,False
3472,0.0000,1.0000,False,False,False
3473,1.0000,0.0000,False,False,False
3474,1.0000,0.0000,False,False,False
3475,1.0000,0.0000,False,False,False
3476,0.0000,1.0000,False,False,False
3477,1.0000,0.0000,False,False,False
3478,0.0000,1.0000,False,False,False
3479,1.0000,0.0000,False,False,False
3480,1.0000,0.0000,False,False,False
3481,1.0000,0.0000,False,False,False
3482,1.0000,0.0000,False,False,False
3483,0.0000,1.0000,False,False,False
3484,0.0000,1.0000,False,False,False
3485,1.0000,0.0000,False,False,False
3486,1.0000,0.0000,False,False,False
3487,0.0000,1.0000,False,False,False
3488,0.0000,1.0000,False,False,False
3489,1.0000,0.0000,False,False,False
3490,1.0000,0.0000,False,False,False
3491,1.0000,0.0000,False,False,False
3492,1.0000,0.0000,False,False,False
3493,1.0000,0.0000,False,False,False
3494,1.0000,0.0000,False,False,False
3495,1.0000,0.0000,False,False,False
3496,1.0000,0.0000,False,False,False
3497,1.0000,0.0000,False,False,False
3498,1.0000,0.0000,False,False,False
3499,0.0000,1.0000,False,False,False
3500,1.0000,0.0000,False,False,False
3501,1.0000,0.0000,False,False,False
3502,1.0000,0.0000,False,False,False
3503,1.0000,0.0000,False,False,False
3504,1.0000,0.0000,False,False,False
3505,0.0000,1.0000,False,False,False
3506,1.0000,0.0000,False,False,False
3507,1.0000,0.0000,False,False,False
3508,1.0000,0.0000,False,False,False
3509,1.0000,0.0000,False,False,False
3510,1.0000,0.0000,False,False,False
3511,1.0000,0.0000,False,False,False
3512,1.0000,0.0000,False,False,False
3513,0.0000,1.0000,False,False,False
3514,1.0000,0.0000,False,False,False
3515,0.0000,1.0000,False,False,False
3516,1.0000,0.0000,False,False,False
3517,0.0000,1.0000,False,False,False
3518,1.0000,0.0000,False,False,False
3519,0.0000,1.0000,False,False,False
3520,1.0000,0.0000,False,False,False
3521,0.0000,1.0000,False,False,False
3522,1.0000,0.0000,False,False,False
3523,0.0000,1.0000,False,False,False
3524,1.0000,0.0000,False,False,False
3525,1.0000,0.0000,False,False,False
3526,1.0000,0.0000,False,False,False
3527,1.0000,0.0000,False,False,False
3528,1.0000,0.0000,False,False,False
3529,1.0000,0.0000,False,False,False
3530,0.0000,1.0000,False,False,False
3531,1.0000,0.0000,False,False,False
3532,1.0000,0.0000,False,False,False
3533,0.0000,1.0000,False,False,False
3534,0.0000,1.0000,False,False,False
3535,0.0000,1.0000,False,False,False
3536,1.0000,0.0000,False,False,False
3537,1.0000,0.0000,False,False,False
3538,1.0000,0.0000,False,False,False
3539,1.0000,0.0000,False,False,False
3540,1.0000,0.0000,False,False,False
3541,1.0000,0.0000,False,False,False
3542,0.0000,1.0000,False,False,False
3543,1.0000,0.0000,False,False,False
3544,1.0000,0.0000,False,False,False
3545,1.0000,0.0000,False,False,False
3546,1.0000,0.0000,False,False,False
3547,0.0000,1.0000,False,False,False
3548,1.0000,0.0000,False,False,False
3549,1.0000,0.0000,False,False,False
3550,1.0000,0.0000,False,False,False
3551,1.0000,0.0000,False,False,False
3552,1.0000,0.0000,False,False,False
3553,1.0000,0.0000,False,False,False
3554,1.0000,0.0000,False,False,False
3555,1.0000,0.0000,False,False,False
3556,1.0000,0.0000,False,False,False
3557,1.0000,0.0000,False,False,False
3558,1.0000,0.0000,False,False,False
3559,0.0000,1.0000,False,False,False
3560,0.0000,1.0000,False,False,False
3561,1.0000,0.0000,False,False,False
3562,0.0000,1.0000,False,False,False
3563,1.0000,0.0000,False,False,False
3564,1.0000,0.0000,False,False,False
3565,1.0000,0.0000,False,False,False
3566,0.0000,1.0000,False,False,False
3567,1.0000,0.0000,False,False,False
3568,1.0000,0.0000,False,False,False
3569,1.0000,0.0000,False,False,False
3570,1.0000,0.0000,False,False,False
3571,1.0000,0.0000,False,False,False
3572,1.0000,0.0000,False,False,False
3573,1.0000,0.0000,False,False,False
3574,1.0000,0.0000,False,False,False
3575,1.0000,0.0000,False,False,False
3576,1.0000,0.0000,False,False,False
3577,1.0000,0.0000,False,False,False
3578,0.0000,1.0000,False,False,False
3579,1.0000,0.0000,False,False,False
3580,1.0000,0.0000,False,False,False
3581,0.0000,1.0000,False,False,False
3582,1.0000,0.0000,False,False,False
3583,1.0000,0.0000,False,False,False
3584,1.0000,0.0000,False,False,False
3585,1.0000,0.0000,False,False,False
3586,0.0000,1.0000,False,False,False
3587,1.0000,0.0000,False,False,False
3588,1.0000,0.0000,False,False,False
3589,1.0000,0.0000,False,False,False
3590,1.0000,0.0000,False,False,False
3591,1.0000,0.0000,False,False,False
3592,1.0000,0.0000,False,False,False
3593,1.0000,0.0000,False,False,False
3594,1.0000,0.0000,False,False,False
3595,1.0000,0.0000,False,False,False
3596,1.0000,0.0000,False,False,False
3597,1.0000,0.0000,False,False,False
3598,1.0000,0.0000,False,False,False
3599,0.0000,1.0000,False,False,False
3600,1.0000,0.0000,False,False,False
3601,0.0000,1.0000,False,False,False
3602,1.0000,0.0000,False,False,False
3603,1.0000,0.0000,False,False,False
3604,1.0000,0.0000,False,False,False
3605,0.0000,1.0000,False,False,False
3606,1.0000,0.0000,False,False,False
3607,0.0000,1.0000,False,False,False
3608,1.0000,0.0000,False,False,False
3609,1.0000,0.0000,False,False,False
3610,0.0000,1.0000,False,False,False
3611,1.0000,0.0000,False,False,False
3612,1.0000,0.0000,False,False,False
3613,1.0000,0.0000,False,False,False
3614,0.0000,1.0000,False,False,False
3615,1.0000,0.0000,False,False,False
3616,0.0000,1.0000,False,False,False
3617,1.0000,0.0000,False,False,False
3618,0.0000,1.0000,False,False,False
3619,0.0000,1.0000,False,False,False
3620,1.0000,0.0000,False,False,False
3621,1.0000,0.0000,False,False,False
3622,1.0000,0.0000,False,False,False
3623,1.0000,0.0000,False,False,False
3624,1.0000,0.0000,False,False,False
3625,1.0000,0.0000,False,False,False
3626,1.0000,0.0000,False,False,False
3627,1.0000,0.0000,False,False,False
3628,1.0000,0.0000,False,False,False
3629,0.0000,1.0000,False,False,False
3630,0.0000,1.0000,False,False,False
3631,1.0000,0.0000,False,False,False
3632,1.0000,0.0000,False,False,False
3633,1.0000,0.0000,False,False,False
3634,0.0000,1.0000,False,False,False
3635,1.0000,0.0000,False,False,False
3636,0.0000,1.0000,False,False,False
3637,0.0000,1.0000,False,False,False
3638,1.0000,0.0000,False,False,False
3639,1.0000,0.0000,False,False,False
3640,0.0000,1.0000,False,False,False
3641,1.0000,0.0000,False,False,False
3642,1.0000,0.0000,False,False,False
3643,0.0000,1.0000,False,False,False
3644,1.0000,0.0000,False,False,False
3645,1.0000,0.0000,False,False,False
3646,1.0000,0.0000,False,False,False
3647,1.0000,0.0000,False,False,False
3648,1.0000,0.0000,False,False,False
3649,1.0000,0.0000,False,False,False
3650,1.0000,0.0000,False,False,False
3651,1.0000,0.0000,False,False,False
3652,1.0000,0.0000,False,False,False
3653,1.0000,0.0000,False,False,False
3654,0.0000,1.0000,False,False,False
3655,1.0000,0.0000,False,False,False
3656,1.0000,0.0000,False,False,False
3657,1.0000,0.0000,False,False,False
3658,0.0000,1.0000,False,False,False
3659,1.0000,0.0000,False,False,False
3660,1.0000,0.0000,False,False,False
3661,1.0000,0.0000,False,False,False
3662,1.0000,0.0000,False,False,False
3663,1.0000,0.0000,False,False,False
3664,1.0000,0.0000,False,False,False
3665,1.0000,0.0000,False,False,False
3666,1.0000,0.0000,False,False,False
3667,1.0000,0.0000,False,False,False
3668,1.0000,0.0000,False,False,False
3669,1.0000,0.0000,False,False,False
3670,1.0000,0.0000,False,False,False
3671,0.0000,1.0000,False,False,False
3672,1.0000,0.0000,False,False,False
3673,1.0000,0.0000,False,False,False
3674,0.0000,1.0000,False,False,False
3675,1.0000,0.0000,False,False,False
3676,1.0000,0.0000,False,False,False
3677,0.0000,1.0000,False,False,False
3678,0.0000,1.0000,False,False,False
3679,1.0000,0.0000,False,False,False
3680,1.0000,0.0000,False,False,False
3681,1.0000,0.0000,False,False,False
3682,1.0000,0.0000,False,False,False
3683,0.0000,1.0000,False,False,False
3684,1.0000,0.0000,False,False,False
3685,1.0000,0.0000,False,False,False
3686,1.0000,0.0000,False,False,False
3687,1.0000,0.0000,False,False,False
3688,1.0000,0.0000,False,False,False
3689,0.0000,1.0000,False,False,False
3690,1.0000,0.0000,False,False,False
3691,0.0000,1.0000,False,False,False
3692,1.0000,0.0000,False,False,False
3693,0.0000,1.0000,False,False,False
3694,1.0000,0.0000,False,False,False
3695,1.0000,0.0000,False,False,False
3696,1.0000,0.0000,False,False,False
3697,1.0000,0.0000,False,False,False
3698,1.0000,0.0000,False,False,False
3699,1.0000,0.0000,False,False,False
3700,1.0000,0.0000,False,False,False
3701,1.0000,0.0000,False,False,False
3702,1.0000,0.0000,False,False,False
3703,1.0000,0.0000,False,False,False
3704,1.0000,0.0000,False,False,False
3705,0.0000,1.0000,False,False,False
3706,1.0000,0.0000,False,False,False
3707,0.0000,1.0000,False,False,False
3708,0.0000,1.0000,False,False,False
3709,1.0000,0.0000,False,False,False
3710,1.0000,0.0000,False,False,False
3711,1.0000,0.0000,False,False,False
3712,1.0000,0.0000,False,False,False
3713,1.0000,0.0000,False,False,False
3714,1.0000,0.0000,False,False,False
3715,1.0000,0.0000,False,False,False
3716,1.0000,0.0000,False,False,False
3717,1.0000,0.0000,False,False,False
3718,1.0000,0.0000,False,False,False
3719,1.0000,0.0000,False,False,False
3720,1.0000,0.0000,False,False,False
3721,1.0000,0.0000,False,False,False
3722,1.0000,0.0000,False,False,False
3723,1.0000,0.0000,False,False,False
3724,1.0000,0.0000,False,False,False
3725,1.0000,0.0000,False,False,False
3726,0.0000,1.0000,False,False,False
3727,1.0000,0.0000,False,False,False
3728,1.0000,0.0000,False,False,False
3729,1.0000,0.0000,False,False,False
3730,1.0000,0.0000,False,False,False
3731,1.0000,0.0000,False,False,False
3732,1.0000,0.0000,False,False,False
3733,0.0000,1.0000,False,False,False
3734,0.0000,1.0000,False,False,False
3735,0.0000,1.0000,False,False,False
3736,0.0000,1.0000,False,False,False
3737,1.0000,0.0000,False,False,False
3738,0.0000,1.0000,False,False,False
3739,0.0000,1.0000,False,False,False
3740,0.0000,1.0000,False,False,False
3741,1.0000,0.0000,False,False,False
3742,1.0000,0.0000,False,False,False
3743,1.0000,0.0000,False,False,False
3744,0.0000,1.0000,False,False,False
3745,1.0000,0.0000,False,False,False
3746,1.0000,0.0000,False,False,False
3747,1.0000,0.0000,False,False,False
3748,0.0000,1.0000,False,False,False
3749,1.0000,0.0000,False,False,False
3750,0.0000,1.0000,False,False,False
3751,1.0000,0.0000,False,False,False
3752,1.0000,0.0000,False,False,False
3753,1.0000,0.0000,False,False,False
3754,1.0000,0.0000,False,False,False
3755,1.0000,0.0000,False,False,False
3756,1.0000,0.0000,False,False,False
3757,1.0000,0.0000,False,False,False
3758,0.0000,1.0000,False,False,False
3759,0.0000,1.0000,False,False,False
3760,1.0000,0.0000,False,False,False
3761,0.0000,1.0000,False,False,False
3762,1.0000,0.0000,False,False,False
3763,1.0000,0.0000,False,False,False
3764,0.0000,1.0000,False,False,False
3765,0.0000,1.0000,False,False,False
3766,1.0000,0.0000,False,False,False
3767,1.0000,0.0000,False,False,False
3768,1.0000,0.0000,False,False,False
3769,0.0000,1.0000,False,False,False
3770,1.0000,0.0000,False,False,False
3771,1.0000,0.0000,False,False,False
3772,0.0000,1.0000,False,False,False
3773,1.0000,0.0000,False,False,False
3774,1.0000,0.0000,False,False,False
3775,0.0000,1.0000,False,False,False
3776,1.0000,0.0000,False,False,False
3777,1.0000,0.0000,False,False,False
3778,1.0000,0.0000,False,False,False
3779,1.0000,0.0000,False,False,False
3780,1.0000,0.0000,False,False,False
3781,1.0000,0.0000,False,False,False
3782,1.0000,0.0000,False,False,False
3783,1.0000,0.0000,False,False,False
3784,1.0000,0.0000,False,False,False
3785,0.0000,1.0000,False,False,False
3786,1.0000,0.0000,False,False,False
3787,1.0000,0.0000,False,False,False
3788,1.0000,0.0000,False,False,False
3789,1.0000,0.0000,False,False,False
3790,1.0000,0.0000,False,False,False
3791,1.0000,0.0000,False,False,False
3792,1.0000,0.0000,False,False,False
3793,1.0000,0.0000,False,False,False
3794,1.0000,0.0000,False,False,False
3795,1.0000,0.0000,False,False,False
3796,1.0000,0.0000,False,False,False
3797,1.0000,0.0000,False,False,False
3798,0.0000,1.0000,False,False,False
3799,1.0000,0.0000,False,False,False
3800,0.0000,1.0000,False,False,False
3801,1.0000,0.0000,False,False,False
3802,0.0000,1.0000,False,False,False
3803,1.0000,0.0000,False,False,False
3804,0.0000,1.0000,False,False,False
3805,1.0000,0.0000,False,False,False
3806,0.0000,1.0000,False,False,False
3807,1.0000,0.0000,False,False,False
3808,1.0000,0.0000,False,False,False
3809,1.0000,0.0000,False,False,False
3810,1.0000,0.0000,False,False,False
3811,1.0000,0.0000,False,False,False
3812,1.0000,0.0000,False,False,False
3813,1.0000,0.0000,False,False,False
3814,0.0000,1.0000,False,False,False
3815,1.0000,0.0000,False,False,False
3816,1.0000,0.0000,False,False,False
3817,1.0000,0.0000,False,False,False
3818,1.0000,0.0000,False,False,False
3819,1.0000,0.0000,False,False,False
3820,1.0000,0.0000,False,False,False
3821,1.0000,0.0000,False,False,False
3822,1.0000,0.0000,False,False,False
3823,1.0000,0.0000,False,False,False
3824,1.0000,0.0000,False,False,False
3825,0.0000,1.0000,False,False,False
3826,1.0000,0.0000,False,False,False
3827,1.0000,0.0000,False,False,False
3828,1.0000,0.0000,False,False,False
3829,0.0000,1.0000,False,False,False
3830,1.0000,0.0000,False,False,False
3831,1.0000,0.0000,False,False,False
3832,1.0000,0.0000,False,False,False
3833,1.0000,0.0000,False,False,False
3834,0.0000,1.0000,False,False,False
3835,1.0000,0.0000,False,False,False
3836,0.0000,1.0000,False,False,False
3837,1.0000,0.0000,False,False,False
3838,1.0000,0.0000,False,False,False
3839,0.0000,1.0000,False,False,False
3840,1.0000,0.0000,False,False,False
3841,1.0000,0.0000,False,False,False
3842,0.0000,1.0000,False,False,False
3843,1.0000,0.0000,False,False,False
3844,1.0000,0.0000,False,False,False
3845,0.0000,1.0000,False,False,False
3846,1.0000,0.0000,False,False,False
3847,1.0000,0.0000,False,False,False
3848,1.0000,0.0000,False,False,False
3849,0.0000,1.0000,False,False,False
3850,1.0000,0.0000,False,False,False
3851,1.0000,0.0000,False,False,False
3852,1.0000,0.0000,False,False,False
3853,1.0000,0.0000,False,False,False
3854,1.0000,0.0000,False,False,False
3855,1.0000,0.0000,False,False,False
3856,1.0000,0.0000,False,False,False
3857,1.0000,0.0000,False,False,False
3858,1.0000,0.0000,False,False,False
3859,0.0000,1.0000,False,False,False
3860,1.0000,0.0000,False,False,False
3861,0.0000,1.0000,False,False,False
3862,0.0000,1.0000,False,False,False
3863,1.0000,0.0000,False,False,False
3864,1.0000,0.0000,False,False,False
3865,1.0000,0.0000,False,False,False
3866,1.0000,0.0000,False,False,False
3867,1.0000,0.0000,False,False,False
3868,1.0000,0.0000,False,False,False
3869,1.0000,0.0000,False,False,False
3870,1.0000,0.0000,False,False,False
3871,1.0000,0.0000,False,False,False
3872,1.0000,0.0000,False,False,False
3873,1.0000,0.0000,False,False,False
3874,1.0000,0.0000,False,False,False
3875,0.0000,1.0000,False,False,False
3876,1.0000,0.0000,False,False,False
3877,1.0000,0.0000,False,False,False
3878,1.0000,0.0000,False,False,False
3879,0.0000,1.0000,False,False,False
3880,1.0000,0.0000,False,False,False
3881,1.0000,0.0000,False,False,False
3882,1.0000,0.0000,False,False,False
3883,1.0000,0.0000,False,False,False
3884,1.0000,0.0000,False,False,False
3885,1.0000,0.0000,False,False,False
3886,1.0000,0.0000,False,False,False
3887,0.0000,1.0000,False,False,False
3888,1.0000,0.0000,False,False,False
3889,1.0000,0.0000,False,False,False
3890,1.0000,0.0000,False,False,False
3891,1.0000,0.0000,False,False,False
3892,0.0000,1.0000,False,False,False
3893,1.0000,0.0000,False,False,False
3894,1.0000,0.0000,False,False,False
3895,1.0000,0.0000,False,False,False
3896,1.0000,0.0000,False,False,False
3897,0.0000,1.0000,False,False,False
3898,1.0000,0.0000,False,False,False
3899,1.0000,0.0000,False,False,False
3900,1.0000,0.0000,False,False,False
3901,0.0000,1.0000,False,False,False
3902,1.0000,0.0000,False,False,False
3903,1.0000,0.0000,False,False,False
3904,0.0000,1.0000,False,False,False
3905,1.0000,0.0000,False,False,False
3906,1.0000,0.0000,False,False,False
3907,1.0000,0.0000,False,False,False
3908,1.0000,0.0000,False,False,False
3909,1.0000,0.0000,False,False,False
3910,0.0000,1.0000,False,False,False
3911,1.0000,0.0000,False,False,False
3912,1.0000,0.0000,False,False,False
3913,0.0000,1.0000,False,False,False
3914,0.0000,1.0000,False,False,False
3915,1.0000,0.0000,False,False,False
3916,1.0000,0.0000,False,False,False
3917,1.0000,0.0000,False,False,False
3918,1.0000,0.0000,False,False,False
3919,0.0000,1.0000,False,False,False
3920,1.0000,0.0000,False,False,False
3921,0.0000,1.0000,False,False,False
3922,1.0000,0.0000,False,False,False
3923,1.0000,0.0000,False,False,False
3924,0.0000,1.0000,False,False,False
3925,1.0000,0.0000,False,False,False
3926,1.0000,0.0000,False,False,False
3927,1.0000,0.0000,False,False,False
3928,0.0000,1.0000,False,False,False
3929,1.0000,0.0000,False,False,False
3930,1.0000,0.0000,False,False,False
3931,1.0000,0.0000,False,False,False
3932,0.0000,1.0000,False,False,False
3933,1.0000,0.0000,False,False,False
3934,1.0000,0.0000,False,False,False
3935,1.0000,0.0000,False,False,False
3936,1.0000,0.0000,False,False,False
3937,0.0000,1.0000,False,False,False
3938,1.0000,0.0000,False,False,False
3939,0.0000,1.0000,False,False,False
3940,1.0000,0.0000,False,False,False
3941,1.0000,0.0000,False,False,False
3942,1.0000,0.0000,False,False,False
3943,0.0000,1.0000,False,False,False
3944,1.0000,0.0000,False,False,False
3945,1.0000,0.0000,False,False,False
3946,1.0000,0.0000,False,False,False
3947,1.0000,0.0000,False,False,False
3948,1.0000,0.0000,False,False,False
3949,1.0000,0.0000,False,False,False
3950,0.0000,1.0000,False,False,False
3951,1.0000,0.0000,False,False,False
3952,1.0000,0.0000,False,False,False
3953,0.0000,1.0000,False,False,False
3954,1.0000,0.0000,False,False,False
3955,1.0000,0.0000,False,False,False
3956,1.0000,0.0000,False,False,False
3957,1.0000,0.0000,False,False,False
3958,0.0000,1.0000,False,False,False
3959,1.0000,0.0000,False,False,False
3960,1.0000,0.0000,False,False,False
3961,1.0000,0.0000,False,False,False
3962,1.0000,0.0000,False,False,False
3963,1.0000,0.0000,False,False,False
3964,1.0000,0.0000,False,False,False
3965,1.0000,0.0000,False,False,False
3966,0.0000,1.0000,False,False,False
3967,0.0000,1.0000,False,False,False
3968,1.0000,0.0000,False,False,False
3969,1.0000,0.0000,False,False,False
3970,1.0000,0.0000,False,False,False
3971,1.0000,0.0000,False,False,False
3972,1.0000,0.0000,False,False,False
3973,0.0000,1.0000,False,False,False
3974,1.0000,0.0000,False,False,False
3975,1.0000,0.0000,False,False,False
3976,1.0000,0.0000,False,False,False
3977,1.0000,0.0000,False,False,False
3978,1.0000,0.0000,False,False,False
3979,1.0000,0.0000,False,False,False
3980,1.0000,0.0000,False,False,False
3981,1.0000,0.0000,False,False,False
3982,1.0000,0.0000,False,False,False
3983,1.0000,0.0000,False,False,False
3984,1.0000,0.0000,False,False,False
3985,0.0000,1.0000,False,False,False
3986,0.0000,1.0000,False,False,False
3987,1.0000,0.0000,False,False,False
3988,0.0000,1.0000,False,False,False
3989,0.0000,1.0000,False,False,False
3990,1.0000,0.0000,False,False,False
3991,1.0000,0.0000,False,False,False
3992,1.0000,0.0000,False,False,False
3993,1.0000,0.0000,False,False,False
3994,0.0000,1.0000,False,False,False
3995,1.0000,0.0000,False,False,False
3996,0.0000,1.0000,False,False,False
3997,1.0000,0.0000,False,False,False
3998,0.0000,1.0000,False,False,False
3999,1.0000,0.0000,False,False,False
4000,1.0000,0.0000,False,False,False
4001,1.0000,0.0000,False,False,False
4002,1.0000,0.0000,False,False,False
4003,0.0000,1.0000,False,False,False
4004,0.0000,1.0000,False,False,False
4005,1.0000,0.0000,False,False,False
4006,1.0000,0.0000,False,False,False
4007,0.0000,1.0000,False,False,False
4008,0.0000,1.0000,False,False,False
4009,1.0000,0.0000,False,False,False
4010,0.0000,1.0000,False,False,False
4011,0.0000,1.0000,False,False,False
4012,1.0000,0.0000,False,False,False
4013,1.0000,0.0000,False,False,False
4014,1.0000,0.0000,False,False,False
4015,0.0000,1.0000,False,False,False
4016,1.0000,0.0000,False,False,False
4017,1.0000,0.0000,False,False,False
4018,0.0000,1.0000,False,False,False
4019,1.0000,0.0000,False,False,False
4020,1.0000,0.0000,False,False,False
4021,1.0000,0.0000,False,False,False
4022,0.0000,1.0000,False,False,False
4023,1.0000,0.0000,False,False,False
4024,0.0000,1.0000,False,False,False
4025,1.0000,0.0000,False,False,False
4026,1.0000,0.0000,False,False,False
4027,1.0000,0.0000,False,False,False
4028,1.0000,0.0000,False,False,False
4029,1.0000,0.0000,False,False,False
4030,0.0000,1.0000,False,False,False
4031,1.0000,0.0000,False,False,False
4032,1.0000,0.0000,False,False,False
4033,0.0000,1.0000,False,False,False
4034,1.0000,0.0000,False,False,False
4035,1.0000,0.0000,False,False,False
4036,0.0000,1.0000,False,False,False
4037,1.0000,0.0000,False,False,False
4038,1.0000,0.0000,False,False,False
4039,1.0000,0.0000,False,False,False
4040,1.0000,0.0000,False,False,False
4041,0.0000,1.0000,False,False,False
4042,0.0000,1.0000,False,False,False
4043,1.0000,0.0000,False,False,False
4044,0.0000,1.0000,False,False,False
4045,0.0000,1.0000,False,False,False
4046,1.0000,0.0000,False,False,False
4047,0.0000,1.0000,False,False,False
4048,1.0000,0.0000,False,False,False
4049,0.0000,1.0000,False,False,False
4050,0.0000,1.0000,False,False,False
4051,1.0000,0.0000,False,False,False
4052,1.0000,0.0000,False,False,False
4053,0.0000,1.0000,False,False,False
4054,1.0000,0.0000,False,False,False
4055,0.0000,1.0000,False,False,False
4056,1.0000,0.0000,False,False,False
4057,1.0000,0.0000,False,False,False
4058,1.0000,0.0000,False,False,False
4059,1.0000,0.0000,False,False,False
4060,1.0000,0.0000,False,False,False
4061,1.0000,0.0000,False,False,False
4062,1.0000,0.0000,False,False,False
4063,1.0000,0.0000,False,False,False
4064,1.0000,0.0000,False,False,False
4065,1.0000,0.0000,False,False,False
4066,1.0000,0.0000,False,False,False
4067,1.0000,0.0000,False,False,False
4068,1.0000,0.0000,False,False,False
4069,1.0000,0.0000,False,False,False
4070,1.0000,0.0000,False,False,False
4071,1.0000,0.0000,False,False,False
4072,1.0000,0.0000,False,False,False
4073,1.0000,0.0000,False,False,False
4074,1.0000,0.0000,False,False,False
4075,1.0000,0.0000,False,False,False
4076,1.0000,0.0000,False,False,False
4077,0.0000,1.0000,False,False,False
4078,1.0000,0.0000,False,False,False
4079,0.0000,1.0000,False,False,False
4080,1.0000,0.0000,False,False,False
4081,0.0000,1.0000,False,False,False
4082,1.0000,0.0000,False,False,False
4083,1.0000,0.0000,False,False,False
4084,0.0000,1.0000,False,False,False
4085,1.0000,0.0000,False,False,False
4086,1.0000,0.0000,False,False,False
4087,1.0000,0.0000,False,False,False
4088,1.0000,0.0000,False,False,False
4089,1.0000,0.0000,False,False,False
4090,1.0000,0.0000,False,False,False
4091,0.0000,1.0000,False,False,False
4092,1.0000,0.0000,False,False,False
4093,1.0000,0.0000,False,False,False
4094,1.0000,0.0000,False,False,False
4095,0.0000,1.0000,False,False,False
4096,1.0000,0.0000,False,False,False
4097,1.0000,0.0000,False,False,False
4098,1.0000,0.0000,False,False,False
4099,1.0000,0.0000,False,False,False
4100,1.0000,0.0000,False,False,False
4101,0.0000,1.0000,False,False,False
4102,0.0000,1.0000,False,False,False
4103,1.0000,0.0000,False,False,False
4104,1.0000,0.0000,False,False,False
4105,0.0000,1.0000,False,False,False
4106,1.0000,0.0000,False,False,False
4107,1.0000,0.0000,False,False,False
4108,1.0000,0.0000,False,False,False
4109,1.0000,0.0000,False,False,False
4110,1.0000,0.0000,False,False,False
4111,1.0000,0.0000,False,False,False
4112,1.0000,0.0000,False,False,False
4113,1.0000,0.0000,False,False,False
4114,1.0000,0.0000,False,False,False
4115,0.0000,1.0000,False,False,False
4116,1.0000,0.0000,False,False,False
4117,1.0000,0.0000,False,False,False
4118,1.0000,0.0000,False,False,False
4119,1.0000,0.0000,False,False,False
4120,1.0000,0.0000,False,False,False
4121,0.0000,1.0000,False,False,False
4122,0.0000,1.0000,False,False,False
4123,0.0000,1.0000,False,False,False
4124,1.0000,0.0000,False,False,False
4125,1.0000,0.0000,False,False,False
4126,0.0000,1.0000,False,False,False
4127,1.0000,0.0000,False,False,False
4128,1.0000,0.0000,False,False,False
4129,1.0000,0.0000,False,False,False
4130,1.0000,0.0000,False,False,False
4131,1.0000,0.0000,False,False,False
4132,1.0000,0.0000,False,False,False
4133,1.0000,0.0000,False,False,False
4134,1.0000,0.0000,False,False,False
4135,1.0000,0.0000,False,False,False
4136,1.0000,0.0000,False,False,False
4137,1.0000,0.0000,False,False,False
4138,1.0000,0.0000,False,False,False
4139,0.0000,1.0000,False,False,False
4140,0.0000,1.0000,False,False,False
4141,1.0000,0.0000,False,False,False
4142,0.0000,1.0000,False,False,False
4143,1.0000,0.0000,False,False,False
4144,1.0000,0.0000,False,False,False
4145,1.0000,0.0000,False,False,False
4146,1.0000,0.0000,False,False,False
4147,1.0000,0.0000,False,False,False
4148,1.0000,0.0000,False,False,False
4149,0.0000,1.0000,False,False,False
4150,1.0000,0.0000,False,False,False
4151,1.0000,0.0000,False,False,False
4152,1.0000,0.0000,False,False,False
4153,0.0000,1.0000,False,False,False
4154,1.0000,0.0000,False,False,False
4155,0.0000,1.0000,False,False,False
4156,1.0000,0.0000,False,False,False
4157,1.0000,0.0000,False,False,False
4158,1.0000,0.0000,False,False,False
4159,1.0000,0.0000,False,False,False
4160,1.0000,0.0000,False,False,False
4161,1.0000,0.0000,False,False,False
4162,1.0000,0.0000,False,False,False
4163,1.0000,0.0000,False,False,False
4164,1.0000,0.0000,False,False,False
4165,1.0000,0.0000,False,False,False
4166,0.0000,1.0000,False,False,False
4167,1.0000,0.0000,False,False,False
4168,0.0000,1.0000,False,False,False
4169,1.0000,0.0000,False,False,False
4170,0.0000,1.0000,False,False,False
4171,1.0000,0.0000,False,False,False
4172,1.0000,0.0000,False,False,False
4173,1.0000,0.0000,False,False,False
4174,1.0000,0.0000,False,False,False
4175,0.0000,1.0000,False,False,False
4176,1.0000,0.0000,False,False,False
4177,1.0000,0.0000,False,False,False
4178,1.0000,0.0000,False,False,False
4179,1.0000,0.0000,False,False,False
4180,1.0000,0.0000,False,False,False
4181,1.0000,0.0000,False,False,False
4182,1.0000,0.0000,False,False,False
4183,0.0000,1.0000,False,False,False
4184,1.0000,0.0000,False,False,False
4185,1.0000,0.0000,False,False,False
4186,1.0000,0.0000,False,False,False
4187,1.0000,0.0000,False,False,False
4188,1.0000,0.0000,False,False,False
4189,1.0000,0.0000,False,False,False
4190,1.0000,0.0000,False,False,False
4191,0.0000,1.0000,False,False,False
4192,1.0000,0.0000,False,False,False
4193,1.0000,0.0000,False,False,False
4194,1.0000,0.0000,False,False,False
4195,0.0000,1.0000,False,False,False
4196,1.0000,0.0000,False,False,False
4197,1.0000,0.0000,False,False,False
4198,1.0000,0.0000,False,False,False
4199,1.0000,0.0000,False,False,False
4200,0.0000,1.0000,False,False,False
4201,0.0000,1.0000,False,False,False
4202,1.0000,0.0000,False,False,False
4203,1.0000,0.0000,False,False,False
4204,1.0000,0.0000,False,False,False
4205,1.0000,0.0000,False,False,False
4206,1.0000,0.0000,False,False,False
4207,1.0000,0.0000,False,False,False
4208,1.0000,0.0000,False,False,False
4209,0.0000,1.0000,False,False,False
4210,1.0000,0.0000,False,False,False
4211,0.0000,1.0000,False,False,False
4212,1.0000,0.0000,False,False,False
4213,0.0000,1.0000,False,False,False
4214,1.0000,0.0000,False,False,False
4215,0.0000,1.0000,False,False,False
4216,1.0000,0.0000,False,False,False
4217,1.0000,0.0000,False,False,False
4218,0.0000,1.0000,False,False,False
4219,1.0000,0.0000,False,False,False
4220,1.0000,0.0000,False,False,False
4221,1.0000,0.0000,False,False,False
4222,1.0000,0.0000,False,False,False
4223,0.0000,1.0000,False,False,False
4224,1.0000,0.0000,False,False,False
4225,1.0000,0.0000,False,False,False
4226,1.0000,0.0000,False,False,False
4227,1.0000,0.0000,False,False,False
4228,1.0000,0.0000,False,False,False
4229,1.0000,0.0000,False,False,False
4230,1.0000,0.0000,False,False,False
4231,1.0000,0.0000,False,False,False
4232,0.0000,1.0000,False,False,False
4233,1.0000,0.0000,False,False,False
4234,1.0000,0.0000,False,False,False
4235,1.0000,0.0000,False,False,False
4236,1.0000,0.0000,False,False,False
4237,1.0000,0.0000,False,False,False
4238,0.0000,1.0000,False,False,False
4239,0.0000,1.0000,False,False,False
4240,0.0000,1.0000,False,False,False
4241,1.0000,0.0000,False,False,False
4242,1.0000,0.0000,False,False,False
4243,1.0000,0.0000,False,False,False
4244,0.0000,1.0000,False,False,False
4245,1.0000,0.0000,False,False,False
4246,0.0000,1.0000,False,False,False
4247,1.0000,0.0000,False,False,False
4248,0.0000,1.0000,False,False,False
4249,1.0000,0.0000,False,False,False
4250,0.0000,1.0000,False,False,False
4251,1.0000,0.0000,False,False,False
4252,1.0000,0.0000,False,False,False
4253,1.0000,0.0000,False,False,False
4254,1.0000,0.0000,False,False,False
4255,1.0000,0.0000,False,False,False
4256,1.0000,0.0000,False,False,False
4257,1.0000,0.0000,False,False,False
4258,1.0000,0.0000,False,False,False
4259,1.0000,0.0000,False,False,False
4260,1.0000,0.0000,False,False,False
4261,1.0000,0.0000,False,False,False
4262,1.0000,0.0000,False,False,False
4263,0.0000,1.0000,False,False,False
4264,1.0000,0.0000,False,False,False
4265,1.0000,0.0000,False,False,False
4266,1.0000,0.0000,False,False,False
4267,0.0000,1.0000,False,False,False
4268,1.0000,0.0000,False,False,False
4269,1.0000,0.0000,False,False,False
4270,1.0000,0.0000,False,False,False
4271,1.0000,0.0000,False,False,False
4272,0.0000,1.0000,False,False,False
4273,1.0000,0.0000,False,False,False
4274,0.0000,1.0000,False,False,False
4275,1.0000,0.0000,False,False,False
4276,1.0000,0.0000,False,False,False
4277,1.0000,0.0000,False,False,False
4278,1.0000,0.0000,False,False,False
4279,1.0000,0.0000,False,False,False
4280,1.0000,0.0000,False,False,False
4281,1.0000,0.0000,False,False,False
4282,1.0000,0.0000,False,False,False
4283,1.0000,0.0000,False,False,False
4284,1.0000,0.0000,False,False,False
4285,1.0000,0.0000,False,False,False
4286,1.0000,0.0000,False,False,False
4287,1.0000,0.0000,False,False,False
4288,1.0000,0.0000,False,False,False
4289,1.0000,0.0000,False,False,False
4290,1.0000,0.0000,False,False,False
4291,0.0000,1.0000,False,False,False
4292,1.0000,0.0000,False,False,False
4293,1.0000,0.0000,False,False,False
4294,1.0000,0.0000,False,False,False
4295,0.0000,1.0000,False,False,False
4296,1.0000,0.0000,False,False,False
4297,1.0000,0.0000,False,False,False
4298,1.0000,0.0000,False,False,False
4299,0.0000,1.0000,False,False,False
4300,1.0000,0.0000,False,False,False
4301,1.0000,0.0000,False,False,False
4302,1.0000,0.0000,False,False,False
4303,1.0000,0.0000,False,False,False
4304,1.0000,0.0000,False,False,False
4305,1.0000,0.0000,False,False,False
4306,0.0000,1.0000,False,False,False
4307,1.0000,0.0000,False,False,False
4308,1.0000,0.0000,False,False,False
4309,1.0000,0.0000,False,False,False
4310,1.0000,0.0000,False,False,False
4311,1.0000,0.0000,False,False,False
4312,1.0000,0.0000,False,False,False
4313,1.0000,0.0000,False,False,False
4314,1.0000,0.0000,False,False,False
4315,1.0000,0.0000,False,False,False
4316,1.0000,0.0000,False,False,False
4317,1.0000,0.0000,False,False,False
4318,0.0000,1.0000,False,False,False
4319,1.0000,0.0000,False,False,False
4320,1.0000,0.0000,False,False,False
4321,1.0000,0.0000,False,False,False
4322,1.0000,0.0000,False,False,False
4323,1.0000,0.0000,False,False,False
4324,1.0000,0.0000,False,False,False
4325,1.0000,0.0000,False,False,False
4326,0.0000,1.0000,False,False,False
4327,1.0000,0.0000,False,False,False
4328,1.0000,0.0000,False,False,False
4329,0.0000,1.0000,False,False,False
4330,0.0000,1.0000,False,False,False
4331,1.0000,0.0000,False,False,False
4332,0.0000,1.0000,False,False,False
4333,1.0000,0.0000,False,False,False
4334,1.0000,0.0000,False,False,False
4335,0.0000,1.0000,False,False,False
4336,1.0000,0.0000,False,False,False
4337,1.0000,0.0000,False,False,False
4338,0.0000,1.0000,False,False,False
4339,1.0000,0.0000,False,False,False
4340,1.0000,0.0000,False,False,False
4341,1.0000,0.0000,False,False,False
4342,1.0000,0.0000,False,False,False
4343,1.0000,0.0000,False,False,False
4344,0.0000,1.0000,False,False,False
4345,0.0000,1.0000,False,False,False
4346,1.0000,0.0000,False,False,False
4347,0.0000,1.0000,False,False,False
4348,1.0000,0.0000,False,False,False
4349,1.0000,0.0000,False,False,False
4350,1.0000,0.0000,False,False,False
4351,1.0000,0.0000,False,False,False
4352,1.0000,0.0000,False,False,False
4353,1.0000,0.0000,False,False,False
4354,1.0000,0.0000,False,False,False
4355,1.0000,0.0000,False,False,False
4356,0.0000,1.0000,False,False,False
4357,1.0000,0.0000,False,False,False
4358,1.0000,0.0000,False,False,False
4359,0.0000,1.0000,False,False,False
4360,1.0000,0.0000,False,False,False
4361,1.0000,0.0000,False,False,False
4362,0.0000,1.0000,False,False,False
4363,0.0000,1.0000,False,False,False
4364,1.0000,0.0000,False,False,False
4365,1.0000,0.0000,False,False,False
4366,1.0000,0.0000,False,False,False
4367,1.0000,0.0000,False,False,False
4368,1.0000,0.0000,False,False,False
4369,1.0000,0.0000,False,False,False
4370,1.0000,0.0000,False,False,False
4371,1.0000,0.0000,False,False,False
4372,1.0000,0.0000,False,False,False
4373,0.0000,1.0000,False,False,False
4374,1.0000,0.0000,False,False,False
4375,1.0000,0.0000,False,False,False
4376,1.0000,0.0000,False,False,False
4377,1.0000,0.0000,False,False,False
4378,1.0000,0.0000,False,False,False
4379,1.0000,0.0000,False,False,False
4380,1.0000,0.0000,False,False,False
4381,0.0000,1.0000,False,False,False
4382,0.0000,1.0000,False,False,False
4383,0.0000,1.0000,False,False,False
4384,1.0000,0.0000,False,False,False
4385,1.0000,0.0000,False,False,False
4386,1.0000,0.0000,False,False,False
4387,1.0000,0.0000,False,False,False
4388,0.0000,1.0000,False,False,False
4389,1.0000,0.0000,False,False,False
4390,1.0000,0.0000,False,False,False
4391,1.0000,0.0000,False,False,False
4392,0.0000,1.0000,False,False,False
4393,0.0000,1.0000,False,False,False
4394,1.0000,0.0000,False,False,False
4395,1.0000,0.0000,False,False,False
4396,1.0000,0.0000,False,False,False
4397,1.0000,0.0000,False,False,False
4398,1.0000,0.0000,False,False,False
4399,0.0000,1.0000,False,False,False
4400,1.0000,0.0000,False,False,False
4401,1.0000,0.0000,False,False,False
4402,0.0000,1.0000,False,False,False
4403,1.0000,0.0000,False,False,False
4404,1.0000,0.0000,False,False,False
4405,1.0000,0.0000,False,False,False
4406,1.0000,0.0000,False,False,False
4407,1.0000,0.0000,False,False,False
4408,1.0000,0.0000,False,False,False
4409,1.0000,0.0000,False,False,False
4410,1.0000,0.0000,False,False,False
4411,0.0000,1.0000,False,False,False
4412,1.0000,0.0000,False,False,False
4413,1.0000,0.0000,False,False,False
4414,0.0000,1.0000,False,False,False
4415,0.0000,1.0000,False,False,False
4416,1.0000,0.0000,False,False,False
4417,1.0000,0.0000,False,False,False
4418,1.0000,0.0000,False,False,False
4419,1.0000,0.0000,False,False,False
4420,0.0000,1.0000,False,False,False
4421,1.0000,0.0000,False,False,False
4422,1.0000,0.0000,False,False,False
4423,1.0000,0.0000,False,False,False
4424,1.0000,0.0000,False,False,False
4425,0.0000,1.0000,False,False,False
4426,1.0000,0.0000,False,False,False
4427,1.0000,0.0000,False,False,False
4428,0.0000,1.0000,False,False,False
4429,1.0000,0.0000,False,False,False
4430,1.0000,0.0000,False,False,False
4431,1.0000,0.0000,False,False,False
4432,1.0000,0.0000,False,False,False
4433,0.0000,1.0000,False,False,False
4434,0.0000,1.0000,False,False,False
4435,0.0000,1.0000,False,False,False
4436,1.0000,0.0000,False,False,False
4437,1.0000,0.0000,False,False,False
4438,1.0000,0.0000,False,False,False
4439,1.0000,0.0000,False,False,False
4440,1.0000,0.0000,False,False,False
4441,1.0000,0.0000,False,False,False
4442,1.0000,0.0000,False,False,False
4443,1.0000,0.0000,False,False,False
4444,1.0000,0.0000,False,False,False
4445,0.0000,1.0000,False,False,False
4446,0.0000,1.0000,False,False,False
4447,1.0000,0.0000,False,False,False
4448,1.0000,0.0000,False,False,False
4449,1.0000,0.0000,False,False,False
4450,1.0000,0.0000,False,False,False
4451,1.0000,0.0000,False,False,False
4452,1.0000,0.0000,False,False,False
4453,1.0000,0.0000,False,False,False
4454,1.0000,0.0000,False,False,False
4455,1.0000,0.0000,False,False,False
4456,1.0000,0.0000,False,False,False
4457,1.0000,0.0000,False,False,False
4458,1.0000,0.0000,False,False,False
4459,1.0000,0.0000,False,False,False
4460,1.0000,0.0000,False,False,False
4461,1.0000,0.0000,False,False,False
4462,1.0000,0.0000,False,False,False
4463,1.0000,0.0000,False,False,False
4464,0.0000,1.0000,False,False,False
4465,1.0000,0.0000,False,False,False
4466,1.0000,0.0000,False,False,False
4467,1.0000,0.0000,False,False,False
4468,1.0000,0.0000,False,False,False
4469,1.0000,0.0000,False,False,False
4470,1.0000,0.0000,False,False,False
4471,0.0000,1.0000,False,False,False
4472,1.0000,0.0000,False,False,False
4473,1.0000,0.0000,False,False,False
4474,1.0000,0.0000,False,False,False
4475,1.0000,0.0000,False,False,False
4476,1.0000,0.0000,False,False,False
4477,1.0000,0.0000,False,False,False
4478,1.0000,0.0000,False,False,False
4479,1.0000,0.0000,False,False,False
4480,0.0000,1.0000,False,False,False
4481,0.0000,1.0000,False,False,False
4482,1.0000,0.0000,False,False,False
4483,1.0000,0.0000,False,False,False
4484,1.0000,0.0000,False,False,False
4485,0.0000,1.0000,False,False,False
4486,1.0000,0.0000,False,False,False
4487,1.0000,0.0000,False,False,False
4488,0.0000,1.0000,False,False,False
4489,0.0000,1.0000,False,False,False
4490,1.0000,0.0000,False,False,False
4491,1.0000,0.0000,False,False,False
4492,0.0000,1.0000,False,False,False
4493,1.0000,0.0000,False,False,False
4494,1.0000,0.0000,False,False,False
4495,1.0000,0.0000,False,False,False
4496,0.0000,1.0000,False,False,False
4497,0.0000,1.0000,False,False,False
4498,0.0000,1.0000,False,False,False
4499,1.0000,0.0000,False,False,False
4500,0.0000,1.0000,False,False,False
4501,0.0000,1.0000,False,False,False
4502,1.0000,0.0000,False,False,False
4503,1.0000,0.0000,False,False,False
4504,1.0000,0.0000,False,False,False
4505,1.0000,0.0000,False,False,False
4506,1.0000,0.0000,False,False,False
4507,1.0000,0.0000,False,False,False
4508,1.0000,0.0000,False,False,False
4509,1.0000,0.0000,False,False,False
4510,0.0000,1.0000,False,False,False
4511,1.0000,0.0000,False,False,False
4512,0.0000,1.0000,False,False,False
4513,0.0000,1.0000,False,False,False
4514,1.0000,0.0000,False,False,False
4515,1.0000,0.0000,False,False,False
4516,1.0000,0.0000,False,False,False
4517,1.0000,0.0000,False,False,False
4518,1.0000,0.0000,False,False,False
4519,1.0000,0.0000,False,False,False
4520,1.0000,0.0000,False,False,False
4521,1.0000,0.0000,False,False,False
4522,1.0000,0.0000,False,False,False
4523,1.0000,0.0000,False,False,False
4524,1.0000,0.0000,False,False,False
4525,0.0000,1.0000,False,False,False
4526,1.0000,0.0000,False,False,False
4527,0.0000,1.0000,False,False,False
4528,1.0000,0.0000,False,False,False
4529,1.0000,0.0000,False,False,False
4530,1.0000,0.0000,False,False,False
4531,1.0000,0.0000,False,False,False
4532,0.0000,1.0000,False,False,False
4533,1.0000,0.0000,False,False,False
4534,1.0000,0.0000,False,False,False
4535,1.0000,0.0000,False,False,False
4536,1.0000,0.0000,False,False,False
4537,0.0000,1.0000,False,False,False
4538,1.0000,0.0000,False,False,False
4539,0.0000,1.0000,False,False,False
4540,1.0000,0.0000,False,False,False
4541,1.0000,0.0000,False,False,False
4542,1.0000,0.0000,False,False,False
4543,1.0000,0.0000,False,False,False
4544,1.0000,0.0000,False,False,False
4545,1.0000,0.0000,False,False,False
4546,1.0000,0.0000,False,False,False
4547,1.0000,0.0000,False,False,False
4548,1.0000,0.0000,False,False,False
4549,1.0000,0.0000,False,False,False
4550,1.0000,0.0000,False,False,False
4551,1.0000,0.0000,False,False,False
4552,0.0000,1.0000,False,False,False
4553,0.0000,1.0000,False,False,False
4554,1.0000,0.0000,False,False,False
4555,1.0000,0.0000,False,False,False
4556,1.0000,0.0000,False,False,False
4557,1.0000,0.0000,False,False,False
4558,1.0000,0.0000,False,False,False
4559,1.0000,0.0000,False,False,False
4560,1.0000,0.0000,False,False,False
4561,1.0000,0.0000,False,False,False
4562,1.0000,0.0000,False,False,False
4563,0.0000,1.0000,False,False,False
4564,1.0000,0.0000,False,False,False
4565,1.0000,0.0000,False,False,False
4566,1.0000,0.0000,False,False,False
4567,1.0000,0.0000,False,False,False
4568,1.0000,0.0000,False,False,False
4569,1.0000,0.0000,False,False,False
4570,1.0000,0.0000,False,False,False
4571,1.0000,0.0000,False,False,False
4572,1.0000,0.0000,False,False,False
4573,1.0000,0.0000,False,False,False
4574,1.0000,0.0000,False,False,False
4575,1.0000,0.0000,False,False,False
4576,1.0000,0.0000,False,False,False
4577,0.0000,1.0000,False,False,False
4578,1.0000,0.0000,False,False,False
4579,1.0000,0.0000,False,False,False
4580,0.0000,1.0000,False,False,False
4581,1.0000,0.0000,False,False,False
4582,1.0000,0.0000,False,False,False
4583,1.0000,0.0000,False,False,False
4584,0.0000,1.0000,False,False,False
4585,0.0000,1.0000,False,False,False
4586,1.0000,0.0000,False,False,False
4587,0.0000,1.0000,False,False,False
4588,1.0000,0.0000,False,False,False
4589,1.0000,0.0000,False,False,False
4590,1.0000,0.0000,False,False,False
4591,1.0000,0.0000,False,False,False
4592,1.0000,0.0000,False,False,False
4593,1.0000,0.0000,False,False,False
4594,1.0000,0.0000,False,False,False
4595,1.0000,0.0000,False,False,False
4596,1.0000,0.0000,False,False,False
4597,1.0000,0.0000,False,False,False
4598,0.0000,1.0000,False,False,False
4599,1.0000,0.0000,False,False,False
4600,1.0000,0.0000,False,False,False
4601,0.0000,1.0000,False,False,False
4602,1.0000,0.0000,False,False,False
4603,1.0000,0.0000,False,False,False
4604,1.0000,0.0000,False,False,False
4605,1.0000,0.0000,False,False,False
4606,1.0000,0.0000,False,False,False
4607,1.0000,0.0000,False,False,False
4608,1.0000,0.0000,False,False,False
4609,1.0000,0.0000,False,False,False
4610,1.0000,0.0000,False,False,False
4611,1.0000,0.0000,False,False,False
4612,1.0000,0.0000,False,False,False
4613,1.0000,0.0000,False,False,False
4614,1.0000,0.0000,False,False,False
4615,1.0000,0.0000,False,False,False
4616,1.0000,0.0000,False,False,False
4617,1.0000,0.0000,False,False,False
4618,0.0000,1.0000,False,False,False
4619,1.0000,0.0000,False,False,False
4620,1.0000,0.0000,False,False,False
4621,1.0000,0.0000,False,False,False
4622,1.0000,0.0000,False,False,False
4623,1.0000,0.0000,False,False,False
4624,1.0000,0.0000,False,False,False
4625,1.0000,0.0000,False,False,False
4626,1.0000,0.0000,False,False,False
4627,1.0000,0.0000,False,False,False
4628,1.0000,0.0000,False,False,False
4629,1.0000,0.0000,False,False,False
4630,1.0000,0.0000,False,False,False
4631,0.0000,1.0000,False,False,False
4632,1.0000,0.0000,False,False,False
4633,1.0000,0.0000,False,False,False
4634,1.0000,0.0000,False,False,False
4635,1.0000,0.0000,False,False,False
4636,1.0000,0.0000,False,False,False
4637,1.0000,0.0000,False,False,False
4638,1.0000,0.0000,False,False,False
4639,1.0000,0.0000,False,False,False
4640,1.0000,0.0000,False,False,False
4641,1.0000,0.0000,False,False,False
4642,1.0000,0.0000,False,False,False
4643,0.0000,1.0000,False,False,False
4644,1.0000,0.0000,False,False,False
4645,1.0000,0.0000,False,False,False
4646,1.0000,0.0000,False,False,False
4647,0.0000,1.0000,False,False,False
4648,0.0000,1.0000,False,False,False
4649,1.0000,0.0000,False,False,False
4650,0.0000,1.0000,False,False,False
4651,1.0000,0.0000,False,False,False
4652,1.0000,0.0000,False,False,False
4653,1.0000,0.0000,False,False,False
4654,0.0000,1.0000,False,False,False
4655,0.0000,1.0000,False,False,False
4656,1.0000,0.0000,False,False,False
4657,1.0000,0.0000,False,False,False
4658,0.0000,1.0000,False,False,False
4659,1.0000,0.0000,False,False,False
4660,1.0000,0.0000,False,False,False
4661,1.0000,0.0000,False,False,False
4662,1.0000,0.0000,False,False,False
4663,1.0000,0.0000,False,False,False
4664,1.0000,0.0000,False,False,False
4665,0.0000,1.0000,False,False,False
4666,1.0000,0.0000,False,False,False
4667,0.0000,1.0000,False,False,False
4668,1.0000,0.0000,False,False,False
4669,0.0000,1.0000,False,False,False
4670,0.0000,1.0000,False,False,False
4671,1.0000,0.0000,False,False,False
4672,1.0000,0.0000,False,False,False
4673,0.0000,1.0000,False,False,False
4674,0.0000,1.0000,False,False,False
4675,1.0000,0.0000,False,False,False
4676,1.0000,0.0000,False,False,False
4677,1.0000,0.0000,False,False,False
4678,1.0000,0.0000,False,False,False
4679,1.0000,0.0000,False,False,False
4680,1.0000,0.0000,False,False,False
4681,0.0000,1.0000,False,False,False
4682,0.0000,1.0000,False,False,False
4683,1.0000,0.0000,False,False,False
4684,1.0000,0.0000,False,False,False
4685,0.0000,1.0000,False,False,False
4686,1.0000,0.0000,False,False,False
4687,0.0000,1.0000,False,False,False
4688,1.0000,0.0000,False,False,False
4689,1.0000,0.0000,False,False,False
4690,1.0000,0.0000,False,False,False
4691,0.0000,1.0000,False,False,False
4692,1.0000,0.0000,False,False,False
4693,1.0000,0.0000,False,False,False
4694,0.0000,1.0000,False,False,False
4695,0.0000,1.0000,False,False,False
4696,1.0000,0.0000,False,False,False
4697,1.0000,0.0000,False,False,False
4698,1.0000,0.0000,False,False,False
4699,0.0000,1.0000,False,False,False
4700,1.0000,0.0000,False,False,False
4701,1.0000,0.0000,False,False,False
4702,1.0000,0.0000,False,False,False
4703,1.0000,0.0000,False,False,False
4704,1.0000,0.0000,False,False,False
4705,1.0000,0.0000,False,False,False
4706,1.0000,0.0000,False,False,False
4707,1.0000,0.0000,False,False,False
4708,1.0000,0.0000,False,False,False
4709,0.0000,1.0000,False,False,False
4710,0.0000,1.0000,False,False,False
4711,1.0000,0.0000,False,False,False
4712,1.0000,0.0000,False,False,False
4713,1.0000,0.0000,False,False,False
4714,1.0000,0.0000,False,False,False
4715,1.0000,0.0000,False,False,False
4716,0.0000,1.0000,False,False,False
4717,1.0000,0.0000,False,False,False
4718,1.0000,0.0000,False,False,False
4719,0.0000,1.0000,False,False,False
4720,0.0000,1.0000,False,False,False
4721,1.0000,0.0000,False,False,False
4722,1.0000,0.0000,False,False,False
4723,1.0000,0.0000,False,False,False
4724,1.0000,0.0000,False,False,False
4725,1.0000,0.0000,False,False,False
4726,1.0000,0.0000,False,False,False
4727,1.0000,0.0000,False,False,False
4728,0.0000,1.0000,False,False,False
4729,1.0000,0.0000,False,False,False
4730,0.0000,1.0000,False,False,False
4731,1.0000,0.0000,False,False,False
4732,0.0000,1.0000,False,False,False
4733,1.0000,0.0000,False,False,False
4734,1.0000,0.0000,False,False,False
4735,0.0000,1.0000,False,False,False
4736,1.0000,0.0000,False,False,False
4737,0.0000,1.0000,False,False,False
4738,1.0000,0.0000,False,False,False
4739,0.0000,1.0000,False,False,False
4740,1.0000,0.0000,False,False,False
4741,1.0000,0.0000,False,False,False
4742,1.0000,0.0000,False,False,False
4743,1.0000,0.0000,False,False,False
4744,1.0000,0.0000,False,False,False
4745,1.0000,0.0000,False,False,False
4746,1.0000,0.0000,False,False,False
4747,1.0000,0.0000,False,False,False
4748,1.0000,0.0000,False,False,False
4749,0.0000,1.0000,False,False,False
4750,1.0000,0.0000,False,False,False
4751,0.0000,1.0000,False,False,False
4752,1.0000,0.0000,False,False,False
4753,1.0000,0.0000,False,False,False
4754,1.0000,0.0000,False,False,False
4755,1.0000,0.0000,False,False,False
4756,1.0000,0.0000,False,False,False
4757,0.0000,1.0000,False,False,False
4758,1.0000,0.0000,False,False,False
4759,1.0000,0.0000,False,False,False
4760,1.0000,0.0000,False,False,False
4761,1.0000,0.0000,False,False,False
4762,1.0000,0.0000,False,False,False
4763,1.0000,0.0000,False,False,False
4764,0.0000,1.0000,False,False,False
4765,1.0000,0.0000,False,False,False
4766,1.0000,0.0000,False,False,False
4767,1.0000,0.0000,False,False,False
4768,1.0000,0.0000,False,False,False
4769,1.0000,0.0000,False,False,False
4770,1.0000,0.0000,False,False,False
4771,1.0000,0.0000,False,False,False
4772,1.0000,0.0000,False,False,False
4773,1.0000,0.0000,False,False,False
4774,1.0000,0.0000,False,False,False
4775,1.0000,0.0000,False,False,False
4776,0.0000,1.0000,False,False,False
4777,1.0000,0.0000,False,False,False
4778,1.0000,0.0000,False,False,False
4779,1.0000,0.0000,False,False,False
4780,1.0000,0.0000,False,False,False
4781,1.0000,0.0000,False,False,False
4782,0.0000,1.0000,False,False,False
4783,1.0000,0.0000,False,False,False
4784,0.0000,1.0000,False,False,False
4785,0.0000,1.0000,False,False,False
4786,1.0000,0.0000,False,False,False
4787,1.0000,0.0000,False,False,False
4788,1.0000,0.0000,False,False,False
4789,0.0000,1.0000,False,False,False
4790,1.0000,0.0000,False,False,False
4791,1.0000,0.0000,False,False,False
4792,1.0000,0.0000,False,False,False
4793,0.0000,1.0000,False,False,False
4794,1.0000,0.0000,False,False,False
4795,1.0000,0.0000,False,False,False
4796,1.0000,0.0000,False,False,False
4797,0.0000,1.0000,False,False,False
4798,0.0000,1.0000,False,False,False
4799,1.0000,0.0000,False,False,False
4800,1.0000,0.0000,False,False,False
4801,0.0000,1.0000,False,False,False
4802,1.0000,0.0000,False,False,False
4803,1.0000,0.0000,False,False,False
4804,0.0000,1.0000,False,False,False
4805,1.0000,0.0000,False,False,False
4806,1.0000,0.0000,False,False,False
4807,0.0000,1.0000,False,False,False
4808,1.0000,0.0000,False,False,False
4809,1.0000,0.0000,False,False,False
4810,1.0000,0.0000,False,False,False
4811,1.0000,0.0000,False,False,False
4812,0.0000,1.0000,False,False,False
4813,0.0000,1.0000,False,False,False
4814,1.0000,0.0000,False,False,False
4815,1.0000,0.0000,False,False,False
4816,1.0000,0.0000,False,False,False
4817,1.0000,0.0000,False,False,False
4818,1.0000,0.0000,False,False,False
4819,0.0000,1.0000,False,False,False
4820,1.0000,0.0000,False,False,False
4821,1.0000,0.0000,False,False,False
4822,0.0000,1.0000,False,False,False
4823,1.0000,0.0000,False,False,False
4824,1.0000,0.0000,False,False,False
4825,0.0000,1.0000,False,False,False
4826,1.0000,0.0000,False,False,False
4827,0.0000,1.0000,False,False,False
4828,1.0000,0.0000,False,False,False
4829,1.0000,0.0000,False,False,False
4830,1.0000,0.0000,False,False,False
4831,0.0000,1.0000,False,False,False
4832,0.0000,1.0000,False,False,False
4833,0.0000,1.0000,False,False,False
4834,0.0000,1.0000,False,False,False
4835,1.0000,0.0000,False,False,False
4836,1.0000,0.0000,False,False,False
4837,0.0000,1.0000,False,False,False
4838,1.0000,0.0000,False,False,False
4839,1.0000,0.0000,False,False,False
4840,1.0000,0.0000,False,False,False
4841,1.0000,0.0000,False,False,False
4842,1.0000,0.0000,False,False,False
4843,1.0000,0.0000,False,False,False
4844,1.0000,0.0000,False,False,False
4845,1.0000,0.0000,False,False,False
4846,1.0000,0.0000,False,False,False
4847,0.0000,1.0000,False,False,False
4848,0.0000,1.0000,False,False,False
4849,1.0000,0.0000,False,False,False
4850,0.0000,1.0000,False,False,False
4851,1.0000,0.0000,False,False,False
4852,0.0000,1.0000,False,False,False
4853,0.0000,1.0000,False,False,False
4854,0.0000,1.0000,False,False,False
4855,1.0000,0.0000,False,False,False
4856,1.0000,0.0000,False,False,False
4857,0.0000,1.0000,False,False,False
4858,1.0000,0.0000,False,False,False
4859,1.0000,0.0000,False,False,False
4860,1.0000,0.0000,False,False,False
4861,1.0000,0.0000,False,False,False
4862,1.0000,0.0000,False,False,False
4863,1.0000,0.0000,False,False,False
4864,1.0000,0.0000,False,False,False
4865,1.0000,0.0000,False,False,False
4866,1.0000,0.0000,False,False,False
4867,1.0000,0.0000,False,False,False
4868,0.0000,1.0000,False,False,False
4869,0.0000,1.0000,False,False,False
4870,0.0000,1.0000,False,False,False
4871,1.0000,0.0000,False,False,False
4872,0.0000,1.0000,False,False,False
4873,0.0000,1.0000,False,False,False
4874,0.0000,1.0000,False,False,False
4875,1.0000,0.0000,False,False,False
4876,1.0000,0.0000,False,False,False
4877,1.0000,0.0000,False,False,False
4878,1.0000,0.0000,False,False,False
4879,1.0000,0.0000,False,False,False
4880,1.0000,0.0000,False,False,False
4881,1.0000,0.0000,False,False,False
4882,0.0000,1.0000,False,False,False
4883,1.0000,0.0000,False,False,False
4884,1.0000,0.0000,False,False,False
4885,1.0000,0.0000,False,False,False
4886,0.0000,1.0000,False,False,False
4887,1.0000,0.0000,False,False,False
4888,0.0000,1.0000,False,False,False
4889,1.0000,0.0000,False,False,False
4890,0.0000,1.0000,False,False,False
4891,1.0000,0.0000,False,False,False
4892,0.0000,1.0000,False,False,False
4893,1.0000,0.0000,False,False,False
4894,1.0000,0.0000,False,False,False
4895,1.0000,0.0000,False,False,False
4896,0.0000,1.0000,False,False,False
4897,1.0000,0.0000,False,False,False
4898,1.0000,0.0000,False,False,False
4899,1.0000,0.0000,False,False,False
4900,0.0000,1.0000,False,False,False
4901,1.0000,0.0000,False,False,False
4902,1.0000,0.0000,False,False,False
4903,0.0000,1.0000,False,False,False
4904,1.0000,0.0000,False,False,False
4905,0.0000,1.0000,False,False,False
4906,0.0000,1.0000,False,False,False
4907,0.0000,1.0000,False,False,False
4908,1.0000,0.0000,False,False,False
4909,0.0000,1.0000,False,False,False
4910,1.0000,0.0000,False,False,False
4911,0.0000,1.0000,False,False,False
4912,0.0000,1.0000,False,False,False
4913,0.0000,1.0000,False,False,False
4914,0.0000,1.0000,False,False,False
4915,1.0000,0.0000,False,False,False
4916,1.0000,0.0000,False,False,False
4917,1.0000,0.0000,False,False,False
4918,0.0000,1.0000,False,False,False
4919,1.0000,0.0000,False,False,False
4920,0.0000,1.0000,False,False,False
4921,1.0000,0.0000,False,False,False
4922,1.0000,0.0000,False,False,False
4923,0.0000,1.0000,False,False,False
4924,0.0000,1.0000,False,False,False
4925,1.0000,0.0000,False,False,False
4926,1.0000,0.0000,False,False,False
4927,0.0000,1.0000,False,False,False
4928,1.0000,0.0000,False,False,False
4929,0.0000,1.0000,False,False,False
4930,1.0000,0.0000,False,False,False
4931,0.0000,1.0000,False,False,False
4932,1.0000,0.0000,False,False,False
4933,1.0000,0.0000,False,False,False
4934,1.0000,0.0000,False,False,False
4935,1.0000,0.0000,False,False,False
4936,1.0000,0.0000,False,False,False
4937,1.0000,0.0000,False,False,False
4938,1.0000,0.0000,False,False,False
4939,1.0000,0.0000,False,False,False
4940,1.0000,0.0000,False,False,False
4941,1.0000,0.0000,False,False,False
4942,1.0000,0.0000,False,False,False
4943,1.0000,0.0000,False,False,False
4944,0.0000,1.0000,False,False,False
4945,0.0000,1.0000,False,False,False
4946,1.0000,0.0000,False,False,False
4947,1.0000,0.0000,False,False,False
4948,1.0000,0.0000,False,False,False
4949,1.0000,0.0000,False,False,False
4950,1.0000,0.0000,False,False,False
4951,1.0000,0.0000,False,False,False
4952,1.0000,0.0000,False,False,False
4953,1.0000,0.0000,False,False,False
4954,1.0000,0.0000,False,False,False
4955,1.0000,0.0000,False,False,False
4956,1.0000,0.0000,False,False,False
4957,0.0000,1.0000,False,False,False
4958,1.0000,0.0000,False,False,False
4959,1.0000,0.0000,False,False,False
4960,1.0000,0.0000,False,False,False
4961,1.0000,0.0000,False,False,False
4962,1.0000,0.0000,False,False,False
4963,1.0000,0.0000,False,False,False
4964,0.0000,1.0000,False,False,False
4965,1.0000,0.0000,False,False,False
4966,0.0000,1.0000,False,False,False
4967,1.0000,0.0000,False,False,False
4968,1.0000,0.0000,False,False,False
4969,1.0000,0.0000,False,False,False
4970,1.0000,0.0000,False,False,False
4971,1.0000,0.0000,False,False,False
4972,0.0000,1.0000,False,False,False
4973,1.0000,0.0000,False,False,False
4974,1.0000,0.0000,False,False,False
4975,1.0000,0.0000,False,False,False
4976,1.0000,0.0000,False,False,False
4977,1.0000,0.0000,False,False,False
4978,1.0000,0.0000,False,False,False
4979,0.0000,1.0000,False,False,False
4980,1.0000,0.0000,False,False,False
4981,1.0000,0.0000,False,False,False
4982,1.0000,0.0000,False,False,False
4983,1.0000,0.0000,False,False,False
4984,1.0000,0.0000,False,False,False
4985,1.0000,0.0000,False,False,False
4986,1.0000,0.0000,False,False,False
4987,1.0000,0.0000,False,False,False
4988,1.0000,0.0000,False,False,False
4989,1.0000,0.0000,False,False,False
4990,1.0000,0.0000,False,False,False
4991,1.0000,0.0000,False,False,False
4992,1.0000,0.0000,False,False,False
4993,1.0000,0.0000,False,False,False
4994,1.0000,0.0000,False,False,False
4995,1.0000,0.0000,False,False,False
4996,1.0000,0.0000,False,False,False
4997,1.0000,0.0000,False,False,False
4998,0.0000,1.0000,False,False,False
4999,1.0000,0.0000,False,False,False
5000,1.0000,0.0000,True,True,False
5001,1.0000,0.0000,True,True,False
5002,0.0000,1.0000,True,True,False
5003,1.0000,0.0000,True,True,False
5004,1.0000,0.0000,True,True,False
5005,0.0000,1.0000,True,True,False
5006,0.0000,1.0000,True,True,False
5007,1.0000,0.0000,True,True,False
5008,1.0000,0.0000,True,True,False
5009,1.0000,0.0000,True,True,False
5010,1.0000,0.0000,True,False,True
5011,1.0000,0.0000,False,False,False
5012,1.0000,0.0000,False,False,False
5013,1.0000,0.0000,False,False,False
5014,1.0000,0.0000,False,False,False
5015,1.0000,0.0000,False,False,False
5016,0.0000,1.0000,False,False,False
5017,1.0000,0.0000,False,False,False
5018,1.0000,0.0000,False,False,False
5019,0.0000,1.0000,False,False,False
5020,1.0000,0.0000,False,False,False
5021,1.0000,0.0000,False,False,False
5022,0.0000,1.0000,False,False,False
5023,1.0000,0.0000,False,False,False
5024,1.0000,0.0000,False,False,False
5025,1.0000,0.0000,False,False,False
5026,0.0000,1.0000,False,False,False
5027,1.0000,0.0000,False,False,False
5028,0.0000,1.0000,False,False,False
5029,1.0000,0.0000,False,False,False
5030,1.0000,0.0000,False,False,False
5031,1.0000,0.0000,False,False,False
5032,0.0000,1.0000,False,False,False
5033,0.0000,1.0000,False,False,False
5034,1.0000,0.0000,False,False,False
5035,0.0000,1.0000,False,False,False
5036,1.0000,0.0000,False,False,False
5037,1.0000,0.0000,False,False,False
5038,0.0000,1.0000,False,False,False
5039,1.0000,0.0000,False,False,False
5040,0.0000,1.0000,False,False,False
5041,1.0000,0.0000,False,False,False
5042,1.0000,0.0000,False,False,False
5043,1.0000,0.0000,False,False,False
5044,1.0000,0.0000,False,False,False
5045,0.0000,1.0000,False,False,False
5046,1.0000,0.0000,False,False,False
5047,1.0000,0.0000,False,False,False
5048,1.0000,0.0000,False,False,False
5049,1.0000,0.0000,False,False,False
5050,1.0000,0.0000,False,False,False
5051,1.0000,0.0000,False,False,False
5052,1.0000,0.0000,False,False,False
5053,1.0000,0.0000,False,False,False
5054,0.0000,1.0000,False,False,False
5055,1.0000,0.0000,False,False,False
5056,1.0000,0.0000,False,False,False
5057,1.0000,0.0000,False,False,False
5058,0.0000,1.0000,False,False,False
5059,1.0000,0.0000,False,False,False
5060,0.0000,1.0000,False,False,False
5061,1.0000,0.0000,False,False,False
5062,1.0000,0.0000,False,False,False
5063,0.0000,1.0000,False,False,False
5064,1.0000,0.0000,False,False,False
5065,1.0000,0.0000,False,False,False
5066,1.0000,0.0000,False,False,False
5067,0.0000,1.0000,False,False,False
5068,1.0000,0.0000,False,False,False
5069,0.0000,1.0000,False,False,False
5070,1.0000,0.0000,False,False,False
5071,1.0000,0.0000,False,False,False
5072,1.0000,0.0000,False,False,False
5073,1.0000,0.0000,False,False,False
5074,1.0000,0.0000,False,False,False
5075,0.0000,1.0000,False,False,False
5076,1.0000,0.0000,False,False,False
5077,0.0000,1.0000,False,False,False
5078,0.0000,1.0000,False,False,False
5079,1.0000,0.0000,False,False,False
5080,0.0000,1.0000,False,False,False
5081,0.0000,1.0000,False,False,False
5082,1.0000,0.0000,False,False,False
5083,1.0000,0.0000,False,False,False
5084,1.0000,0.0000,False,False,False
5085,1.0000,0.0000,False,False,False
5086,1.0000,0.0000,False,False,False
5087,1.0000,0.0000,False,False,False
5088,1.0000,0.0000,False,False,False
5089,0.0000,1.0000,False,False,False
5090,1.0000,0.0000,False,False,False
5091,0.0000,1.0000,False,False,False
5092,0.0000,1.0000,False,False,False
5093,1.0000,0.0000,False,False,False
5094,1.0000,0.0000,False,False,False
5095,1.0000,0.0000,False,False,False
5096,1.0000,0.0000,False,False,False
5097,1.0000,0.0000,False,False,False
5098,0.0000,1.0000,False,False,False
5099,0.0000,1.0000,False,False,False
5100,0.0000,1.0000,False,False,False
5101,0.0000,1.0000,False,False,False
5102,1.0000,0.0000,False,False,False
5103,1.0000,0.0000,False,False,False
5104,0.0000,1.0000,False,False,False
5105,1.0000,0.0000,False,False,False
5106,0.0000,1.0000,False,False,False
5107,1.0000,0.0000,False,False,False
5108,1.0000,0.0000,False,False,False
5109,1.0000,0.0000,False,False,False
5110,0.0000,1.0000,False,False,False
5111,1.0000,0.0000,False,False,False
5112,0.0000,1.0000,False,False,False
5113,1.0000,0.0000,False,False,False
5114,1.0000,0.0000,False,False,False
5115,0.0000,1.0000,False,False,False
5116,1.0000,0.0000,False,False,False
5117,0.0000,1.0000,False,False,False
5118,1.0000,0.0000,False,False,False
5119,1.0000,0.0000,False,False,False
5120,1.0000,0.0000,False,False,False
5121,1.0000,0.0000,False,False,False
5122,1.0000,0.0000,False,False,False
5123,0.0000,1.0000,False,False,False
5124,1.0000,0.0000,False,False,False
5125,1.0000,0.0000,False,False,False
5126,0.0000,1.0000,False,False,False
5127,1.0000,0.0000,False,False,False
5128,1.0000,0.0000,False,False,False
5129,1.0000,0.0000,False,False,False
5130,0.0000,1.0000,False,False,False
5131,0.0000,1.0000,False,False,False
5132,0.0000,1.0000,False,False,False
5133,1.0000,0.0000,False,False,False
5134,1.0000,0.0000,False,False,False
5135,1.0000,0.0000,False,False,False
5136,1.0000,0.0000,False,False,False
5137,1.0000,0.0000,False,False,False
5138,1.0000,0.0000,False,False,False
5139,1.0000,0.0000,False,False,False
5140,1.0000,0.0000,False,False,False
5141,1.0000,0.0000,False,False,False
5142,1.0000,0.0000,False,False,False
5143,1.0000,0.0000,False,False,False
5144,1.0000,0.0000,False,False,False
5145,1.0000,0.0000,False,False,False
5146,0.0000,1.0000,False,False,False
5147,0.0000,1.0000,False,False,False
5148,0.0000,1.0000,False,False,False
5149,0.0000,1.0000,False,False,False
5150,1.0000,0.0000,False,False,False
5151,1.0000,0.0000,False,False,False
5152,1.0000,0.0000,False,False,False
5153,0.0000,1.0000,False,False,False
5154,0.0000,1.0000,False,False,False
5155,1.0000,0.0000,False,False,False
5156,1.0000,0.0000,False,False,False
5157,1.0000,0.0000,False,False,False
5158,1.0000,0.0000,False,False,False
5159,1.0000,0.0000,False,False,False
5160,1.0000,0.0000,False,False,False
5161,0.0000,1.0000,False,False,False
5162,1.0000,0.0000,False,False,False
5163,1.0000,0.0000,False,False,False
5164,1.0000,0.0000,False,False,False
5165,1.0000,0.0000,False,False,False
5166,1.0000,0.0000,False,False,False
5167,0.0000,1.0000,False,False,False
5168,1.0000,0.0000,False,False,False
5169,1.0000,0.0000,False,False,False
5170,1.0000,0.0000,False,False,False
5171,1.0000,0.0000,False,False,False
5172,0.0000,1.0000,False,False,False
5173,1.0000,0.0000,False,False,False
5174,1.0000,0.0000,False,False,False
5175,1.0000,0.0000,False,False,False
5176,1.0000,0.0000,False,False,False
5177,0.0000,1.0000,False,False,False
5178,0.0000,1.0000,False,False,False
5179,1.0000,0.0000,False,False,False
5180,0.0000,1.0000,False,False,False
5181,1.0000,0.0000,False,False,False
5182,1.0000,0.0000,False,False,False
5183,1.0000,0.0000,False,False,False
5184,1.0000,0.0000,False,False,False
5185,1.0000,0.0000,False,False,False
5186,0.0000,1.0000,False,False,False
5187,1.0000,0.0000,False,False,False
5188,0.0000,1.0000,False,False,False
5189,1.0000,0.0000,False,False,False
5190,1.0000,0.0000,False,False,False
5191,1.0000,0.0000,False,False,False
5192,0.0000,1.0000,False,False,False
5193,1.0000,0.0000,False,False,False
5194,1.0000,0.0000,False,False,False
5195,0.0000,1.0000,False,False,False
5196,1.0000,0.0000,False,False,False
5197,1.0000,0.0000,False,False,False
5198,1.0000,0.0000,False,False,False
5199,1.0000,0.0000,False,False,False
5200,0.0000,1.0000,False,False,False
5201,1.0000,0.0000,False,False,False
5202,1.0000,0.0000,False,False,False
5203,1.0000,0.0000,False,False,False
5204,1.0000,0.0000,False,False,False
5205,1.0000,0.0000,False,False,False
5206,0.0000,1.0000,False,False,False
5207,0.0000,1.0000,False,False,False
5208,1.0000,0.0000,False,False,False
5209,1.0000,0.0000,False,False,False
5210,1.0000,0.0000,False,False,False
5211,1.0000,0.0000,False,False,False
5212,1.0000,0.0000,False,False,False
5213,1.0000,0.0000,False,False,False
5214,1.0000,0.0000,False,False,False
5215,1.0000,0.0000,False,False,False
5216,1.0000,0.0000,False,False,False
5217,1.0000,0.0000,False,False,False
5218,1.0000,0.0000,False,False,False
5219,0.0000,1.0000,False,False,False
5220,1.0000,0.0000,False,False,False
5221,1.0000,0.0000,False,False,False
5222,0.0000,1.0000,False,False,False
5223,1.0000,0.0000,False,False,False
5224,1.0000,0.0000,False,False,False
5225,1.0000,0.0000,False,False,False
5226,1.0000,0.0000,False,False,False
5227,1.0000,0.0000,False,False,False
5228,1.0000,0.0000,False,False,False
5229,1.0000,0.0000,False,False,False
5230,1.0000,0.0000,False,False,False
5231,1.0000,0.0000,False,False,False
5232,1.0000,0.0000,False,False,False
5233,1.0000,0.0000,False,False,False
5234,0.0000,1.0000,False,False,False
5235,1.0000,0.0000,False,False,False
5236,1.0000,0.0000,False,False,False
5237,1.0000,0.0000,False,False,False
5238,0.0000,1.0000,False,False,False
5239,0.0000,1.0000,False,False,False
5240,1.0000,0.0000,False,False,False
5241,0.0000,1.0000,False,False,False
5242,1.0000,0.0000,False,False,False
5243,0.0000,1.0000,False,False,False
5244,1.0000,0.0000,False,False,False
5245,1.0000,0.0000,False,False,False
5246,1.0000,0.0000,False,False,False
5247,0.0000,1.0000,False,False,False
5248,1.0000,0.0000,False,False,False
5249,0.0000,1.0000,False,False,False
5250,1.0000,0.0000,False,False,False
5251,1.0000,0.0000,False,False,False
5252,0.0000,1.0000,False,False,False
5253,1.0000,0.0000,False,False,False
5254,1.0000,0.0000,False,False,False
5255,1.0000,0.0000,False,False,False
5256,1.0000,0.0000,False,False,False
5257,1.0000,0.0000,False,False,False
5258,1.0000,0.0000,False,False,False
5259,1.0000,0.0000,False,False,False
5260,0.0000,1.0000,False,False,False
5261,1.0000,0.0000,False,False,False
5262,1.0000,0.0000,False,False,False
5263,1.0000,0.0000,False,False,False
5264,1.0000,0.0000,False,False,False
5265,1.0000,0.0000,False,False,False
5266,0.0000,1.0000,False,False,False
5267,0.0000,1.0000,False,False,False
5268,1.0000,0.0000,False,False,False
5269,1.0000,0.0000,False,False,False
5270,1.0000,0.0000,False,False,False
5271,1.0000,0.0000,False,False,False
5272,1.0000,0.0000,False,False,False
5273,1.0000,0.0000,False,False,False
5274,1.0000,0.0000,False,False,False
5275,1.0000,0.0000,False,False,False
5276,1.0000,0.0000,False,False,False
5277,1.0000,0.0000,False,False,False
5278,1.0000,0.0000,False,False,False
5279,1.0000,0.0000,False,False,False
5280,1.0000,0.0000,False,False,False
5281,1.0000,0.0000,False,False,False
5282,1.0000,0.0000,False,False,False
5283,0.0000,1.0000,False,False,False
5284,0.0000,1.0000,False,False,False
5285,1.0000,0.0000,False,False,False
5286,1.0000,0.0000,False,False,False
5287,0.0000,1.0000,False,False,False
5288,1.0000,0.0000,False,False,False
5289,1.0000,0.0000,False,False,False
5290,1.0000,0.0000,False,False,False
5291,1.0000,0.0000,False,False,False
5292,1.0000,0.0000,False,False,False
5293,1.0000,0.0000,False,False,False
5294,0.0000,1.0000,False,False,False
5295,1.0000,0.0000,False,False,False
5296,0.0000,1.0000,False,False,False
5297,1.0000,0.0000,False,False,False
5298,1.0000,0.0000,False,False,False
5299,1.0000,0.0000,False,False,False
5300,1.0000,0.0000,False,False,False
5301,1.0000,0.0000,False,False,False
5302,1.0000,0.0000,False,False,False
5303,1.0000,0.0000,False,False,False
5304,1.0000,0.0000,False,False,False
5305,0.0000,1.0000,False,False,False
5306,1.0000,0.0000,False,False,False
5307,0.0000,1.0000,False,False,False
5308,0.0000,1.0000,False,False,False
5309,0.0000,1.0000,False,False,False
5310,1.0000,0.0000,False,False,False
5311,1.0000,0.0000,False,False,False
5312,1.0000,0.0000,False,False,False
5313,0.0000,1.0000,False,False,False
5314,1.0000,0.0000,False,False,False
5315,1.0000,0.0000,False,False,False
5316,1.0000,0.0000,False,False,False
5317,1.0000,0.0000,False,False,False
5318,0.0000,1.0000,False,False,False
5319,0.0000,1.0000,False,False,False
5320,1.0000,0.0000,False,False,False
5321,1.0000,0.0000,False,False,False
5322,1.0000,0.0000,False,False,False
5323,1.0000,0.0000,False,False,False
5324,1.0000,0.0000,False,False,False
5325,1.0000,0.0000,False,False,False
5326,1.0000,0.0000,False,False,False
5327,1.0000,0.0000,False,False,False
5328,1.0000,0.0000,False,False,False
5329,1.0000,0.0000,False,False,False
5330,1.0000,0.0000,False,False,False
5331,1.0000,0.0000,False,False,False
5332,1.0000,0.0000,False,False,False
5333,1.0000,0.0000,False,False,False
5334,1.0000,0.0000,False,False,False
5335,1.0000,0.0000,False,False,False
5336,1.0000,0.0000,False,False,False
5337,1.0000,0.0000,False,False,False
5338,1.0000,0.0000,False,False,False
5339,1.0000,0.0000,False,False,False
5340,1.0000,0.0000,False,False,False
5341,1.0000,0.0000,False,False,False
5342,1.0000,0.0000,False,False,False
5343,1.0000,0.0000,False,False,False
5344,1.0000,0.0000,False,False,False
5345,1.0000,0.0000,False,False,False
5346,1.0000,0.0000,False,False,False
5347,1.0000,0.0000,False,False,False
5348,1.0000,0.0000,False,False,False
5349,1.0000,0.0000,False,False,False
5350,1.0000,0.0000,False,False,False
5351,1.0000,0.0000,False,False,False
5352,1.0000,0.0000,False,False,False
5353,1.0000,0.0000,False,False,False
5354,0.0000,1.0000,False,False,False
5355,1.0000,0.0000,False,False,False
5356,0.0000,1.0000,False,False,False
5357,1.0000,0.0000,False,False,False
5358,0.0000,1.0000,False,False,False
5359,1.0000,0.0000,False,False,False
5360,1.0000,0.0000,False,False,False
5361,0.0000,1.0000,False,False,False
5362,1.0000,0.0000,False,False,False
5363,1.0000,0.0000,False,False,False
5364,0.0000,1.0000,False,False,False
5365,1.0000,0.0000,False,False,False
5366,0.0000,1.0000,False,False,False
5367,0.0000,1.0000,False,False,False
5368,1.0000,0.0000,False,False,False
5369,0.0000,1.0000,False,False,False
5370,1.0000,0.0000,False,False,False
5371,0.0000,1.0000,False,False,False
5372,0.0000,1.0000,False,False,False
5373,1.0000,0.0000,False,False,False
5374,1.0000,0.0000,False,False,False
5375,1.0000,0.0000,False,False,False
5376,1.0000,0.0000,False,False,False
5377,1.0000,0.0000,False,False,False
5378,0.0000,1.0000,False,False,False
5379,1.0000,0.0000,False,False,False
5380,1.0000,0.0000,False,False,False
5381,1.0000,0.0000,False,False,False
5382,1.0000,0.0000,False,False,False
5383,1.0000,0.0000,False,False,False
5384,1.0000,0.0000,False,False,False
5385,1.0000,0.0000,False,False,False
5386,1.0000,0.0000,False,False,False
5387,1.0000,0.0000,False,False,False
5388,1.0000,0.0000,False,False,False
5389,0.0000,1.0000,False,False,False
5390,1.0000,0.0000,False,False,False
5391,1.0000,0.0000,False,False,False
5392,1.0000,0.0000,False,False,False
5393,0.0000,1.0000,False,False,False
5394,1.0000,0.0000,False,False,False
5395,1.0000,0.0000,False,False,False
5396,0.0000,1.0000,False,False,False
5397,1.0000,0.0000,False,False,False
5398,1.0000,0.0000,False,False,False
5399,1.0000,0.0000,False,False,False
5400,1.0000,0.0000,False,False,False
5401,1.0000,0.0000,False,False,False
5402,0.0000,1.0000,False,False,False
5403,0.0000,1.0000,False,False,False
5404,1.0000,0.0000,False,False,False
5405,1.0000,0.0000,False,False,False
5406,1.0000,0.0000,False,False,False
5407,1.0000,0.0000,False,False,False
5408,0.0000,1.0000,False,False,False
5409,1.0000,0.0000,False,False,False
5410,0.0000,1.0000,False,False,False
5411,1.0000,0.0000,False,False,False
5412,1.0000,0.0000,False,False,False
5413,0.0000,1.0000,False,False,False
5414,1.0000,0.0000,False,False,False
5415,1.0000,0.0000,False,False,False
5416,1.0000,0.0000,False,False,False
5417,1.0000,0.0000,False,False,False
5418,1.0000,0.0000,False,False,False
5419,0.0000,1.0000,False,False,False
5420,0.0000,1.0000,False,False,False
5421,1.0000,0.0000,False,False,False
5422,1.0000,0.0000,False,False,False
5423,1.0000,0.0000,False,False,False
5424,0.0000,1.0000,False,False,False
5425,1.0000,0.0000,False,False,False
5426,1.0000,0.0000,False,False,False
5427,1.0000,0.0000,False,False,False
5428,1.0000,0.0000,False,False,False
5429,1.0000,0.0000,False,False,False
5430,0.0000,1.0000,False,False,False
5431,1.0000,0.0000,False,False,False
5432,1.0000,0.0000,False,False,False
5433,1.0000,0.0000,False,False,False
5434,1.0000,0.0000,False,False,False
5435,0.0000,1.0000,False,False,False
5436,0.0000,1.0000,False,False,False
5437,1.0000,0.0000,False,False,False
5438,1.0000,0.0000,False,False,False
5439,1.0000,0.0000,False,False,False
5440,0.0000,1.0000,False,False,False
5441,1.0000,0.0000,False,False,False
5442,0.0000,1.0000,False,False,False
5443,1.0000,0.0000,False,False,False
5444,1.0000,0.0000,False,False,False
5445,1.0000,0.0000,False,False,False
5446,1.0000,0.0000,False,False,False
5447,0.0000,1.0000,False,False,False
5448,1.0000,0.0000,False,False,False
5449,0.0000,1.0000,False,False,False
5450,1.0000,0.0000,False,False,False
5451,1.0000,0.0000,False,False,False
5452,1.0000,0.0000,False,False,False
5453,0.0000,1.0000,False,False,False
5454,1.0000,0.0000,False,False,False
5455,1.0000,0.0000,False,False,False
5456,1.0000,0.0000,False,False,False
5457,1.0000,0.0000,False,False,False
5458,1.0000,0.0000,False,False,False
5459,1.0000,0.0000,False,False,False
5460,1.0000,0.0000,False,False,False
5461,1.0000,0.0000,False,False,False
5462,1.0000,0.0000,False,False,False
5463,1.0000,0.0000,False,False,False
5464,1.0000,0.0000,False,False,False
5465,0.0000,1.0000,False,False,False
5466,1.0000,0.0000,False,False,False
5467,0.0000,1.0000,False,False,False
5468,1.0000,0.0000,False,False,False
5469,1.0000,0.0000,False,False,False
5470,1.0000,0.0000,False,False,False
5471,1.0000,0.0000,False,False,False
5472,1.0000,0.0000,False,False,False
5473,1.0000,0.0000,False,False,False
5474,1.0000,0.0000,False,False,False
5475,1.0000,0.0000,False,False,False
5476,0.0000,1.0000,False,False,False
5477,0.0000,1.0000,False,False,False
5478,1.0000,0.0000,False,False,False
5479,1.0000,0.0000,False,False,False
5480,1.0000,0.0000,False,False,False
5481,0.0000,1.0000,False,False,False
5482,1.0000,0.0000,False,False,False
5483,0.0000,1.0000,False,False,False
5484,1.0000,0.0000,False,False,False
5485,1.0000,0.0000,False,False,False
5486,1.0000,0.0000,False,False,False
5487,0.0000,1.0000,False,False,False
5488,1.0000,0.0000,False,False,False
5489,1.0000,0.0000,False,False,False
5490,1.0000,0.0000,False,False,False
5491,1.0000,0.0000,False,False,False
5492,1.0000,0.0000,False,False,False
5493,1.0000,0.0000,False,False,False
5494,1.0000,0.0000,False,False,False
5495,1.0000,0.0000,False,False,False
5496,1.0000,0.0000,False,False,False
5497,1.0000,0.0000,False,False,False
5498,0.0000,1.0000,False,False,False
5499,0.0000,1.0000,False,False,False
5500,1.0000,0.0000,False,False,False
5501,1.0000,0.0000,False,False,False
5502,1.0000,0.0000,False,False,False
5503,1.0000,0.0000,False,False,False
5504,1.0000,0.0000,False,False,False
5505,0.0000,1.0000,False,False,False
5506,1.0000,0.0000,False,False,False
5507,0.0000,1.0000,False,False,False
5508,0.0000,1.0000,False,False,False
5509,1.0000,0.0000,False,False,False
5510,0.0000,1.0000,False,False,False
5511,1.0000,0.0000,False,False,False
5512,0.0000,1.0000,False,False,False
5513,0.0000,1.0000,False,False,False
5514,1.0000,0.0000,False,False,False
5515,1.0000,0.0000,False,False,False
5516,1.0000,0.0000,False,False,False
5517,1.0000,0.0000,False,False,False
5518,1.0000,0.0000,False,False,False
5519,1.0000,0.0000,False,False,False
5520,1.0000,0.0000,False,False,False
5521,1.0000,0.0000,False,False,False
5522,1.0000,0.0000,False,False,False
5523,1.0000,0.0000,False,False,False
5524,0.0000,1.0000,False,False,False
5525,1.0000,0.0000,False,False,False
5526,1.0000,0.0000,False,False,False
5527,1.0000,0.0000,False,False,False
5528,1.0000,0.0000,False,False,False
5529,0.0000,1.0000,False,False,False
5530,1.0000,0.0000,False,False,False
5531,1.0000,0.0000,False,False,False
5532,0.0000,1.0000,False,False,False
5533,0.0000,1.0000,False,False,False
5534,1.0000,0.0000,False,False,False
5535,1.0000,0.0000,False,False,False
5536,1.0000,0.0000,False,False,False
5537,1.0000,0.0000,False,False,False
5538,1.0000,0.0000,False,False,False
5539,1.0000,0.0000,False,False,False
5540,1.0000,0.0000,False,False,False
5541,1.0000,0.0000,False,False,False
5542,1.0000,0.0000,False,False,False
5543,0.0000,1.0000,False,False,False
5544,1.0000,0.0000,False,False,False
5545,1.0000,0.0000,False,False,False
5546,0.0000,1.0000,False,False,False
5547,0.0000,1.0000,False,False,False
5548,1.0000,0.0000,False,False,False
5549,1.0000,0.0000,False,False,False
5550,0.0000,1.0000,False,False,False
5551,0.0000,1.0000,False,False,False
5552,1.0000,0.0000,False,False,False
5553,0.0000,1.0000,False,False,False
5554,1.0000,0.0000,False,False,False
5555,1.0000,0.0000,False,False,False
5556,1.0000,0.0000,False,False,False
5557,0.0000,1.0000,False,False,False
5558,0.0000,1.0000,False,False,False
5559,1.0000,0.0000,False,False,False
5560,1.0000,0.0000,False,False,False
5561,1.0000,0.0000,False,False,False
5562,1.0000,0.0000,False,False,False
5563,1.0000,0.0000,False,False,False
5564,1.0000,0.0000,False,False,False
5565,1.0000,0.0000,False,False,False
5566,0.0000,1.0000,False,False,False
5567,1.0000,0.0000,False,False,False
5568,0.0000,1.0000,False,False,False
5569,1.0000,0.0000,False,False,False
5570,1.0000,0.0000,False,False,False
5571,1.0000,0.0000,False,False,False
5572,1.0000,0.0000,False,False,False
5573,0.0000,1.0000,False,False,False
5574,0.0000,1.0000,False,False,False
5575,1.0000,0.0000,False,False,False
5576,1.0000,0.0000,False,False,False
5577,1.0000,0.0000,False,False,False
5578,1.0000,0.0000,False,False,False
5579,1.0000,0.0000,False,False,False
5580,1.0000,0.0000,False,False,False
5581,1.0000,0.0000,False,False,False
5582,1.0000,0.0000,False,False,False
5583,1.0000,0.0000,False,False,False
5584,0.0000,1.0000,False,False,False
5585,0.0000,1.0000,False,False,False
5586,1.0000,0.0000,False,False,False
5587,1.0000,0.0000,False,False,False
5588,1.0000,0.0000,False,False,False
5589,1.0000,0.0000,False,False,False
5590,0.0000,1.0000,False,False,False
5591,1.0000,0.0000,False,False,False
5592,1.0000,0.0000,False,False,False
5593,0.0000,1.0000,False,False,False
5594,0.0000,1.0000,False,False,False
5595,1.0000,0.0000,False,False,False
5596,1.0000,0.0000,False,False,False
5597,1.0000,0.0000,False,False,False
5598,1.0000,0.0000,False,False,False
5599,1.0000,0.0000,False,False,False
5600,1.0000,0.0000,False,False,False
5601,1.0000,0.0000,False,False,False
5602,1.0000,0.0000,False,False,False
5603,1.0000,0.0000,False,False,False
5604,1.0000,0.0000,False,False,False
5605,0.0000,1.0000,False,False,False
5606,1.0000,0.0000,False,False,False
5607,0.0000,1.0000,False,False,False
5608,1.0000,0.0000,False,False,False
5609,0.0000,1.0000,False,False,False
5610,1.0000,0.0000,False,False,False
5611,1.0000,0.0000,False,False,False
5612,0.0000,1.0000,False,False,False
5613,1.0000,0.0000,False,False,False
5614,1.0000,0.0000,False,False,False
5615,1.0000,0.0000,False,False,False
5616,1.0000,0.0000,False,False,False
5617,1.0000,0.0000,False,False,False
5618,1.0000,0.0000,False,False,False
5619,1.0000,0.0000,False,False,False
5620,1.0000,0.0000,False,False,False
5621,1.0000,0.0000,False,False,False
5622,1.0000,0.0000,False,False,False
5623,1.0000,0.0000,False,False,False
5624,0.0000,1.0000,False,False,False
5625,0.0000,1.0000,False,False,False
5626,1.0000,0.0000,False,False,False
5627,1.0000,0.0000,False,False,False
5628,0.0000,1.0000,False,False,False
5629,1.0000,0.0000,False,False,False
5630,0.0000,1.0000,False,False,False
5631,1.0000,0.0000,False,False,False
5632,1.0000,0.0000,False,False,False
5633,0.0000,1.0000,False,False,False
5634,0.0000,1.0000,False,False,False
5635,1.0000,0.0000,False,False,False
5636,1.0000,0.0000,False,False,False
5637,0.0000,1.0000,False,False,False
5638,1.0000,0.0000,False,False,False
5639,1.0000,0.0000,False,False,False
5640,1.0000,0.0000,False,False,False
5641,1.0000,0.0000,False,False,False
5642,1.0000,0.0000,False,False,False
5643,1.0000,0.0000,False,False,False
5644,1.0000,0.0000,False,False,False
5645,1.0000,0.0000,False,False,False
5646,0.0000,1.0000,False,False,False
5647,0.0000,1.0000,False,False,False
5648,0.0000,1.0000,False,False,False
5649,0.0000,1.0000,False,False,False
5650,0.0000,1.0000,False,False,False
5651,0.0000,1.0000,False,False,False
5652,1.0000,0.0000,False,False,False
5653,1.0000,0.0000,False,False,False
5654,0.0000,1.0000,False,False,False
5655,1.0000,0.0000,False,False,False
5656,0.0000,1.0000,False,False,False
5657,0.0000,1.0000,False,False,False
5658,1.0000,0.0000,False,False,False
5659,1.0000,0.0000,False,False,False
5660,1.0000,0.0000,False,False,False
5661,1.0000,0.0000,False,False,False
5662,1.0000,0.0000,False,False,False
5663,0.0000,1.0000,False,False,False
5664,1.0000,0.0000,False,False,False
5665,1.0000,0.0000,False,False,False
5666,1.0000,0.0000,False,False,False
5667,1.0000,0.0000,False,False,False
5668,1.0000,0.0000,False,False,False
5669,1.0000,0.0000,False,False,False
5670,1.0000,0.0000,False,False,False
5671,1.0000,0.0000,False,False,False
5672,1.0000,0.0000,False,False,False
5673,1.0000,0.0000,False,False,False
5674,1.0000,0.0000,False,False,False
5675,1.0000,0.0000,False,False,False
5676,0.0000,1.0000,False,False,False
5677,1.0000,0.0000,False,False,False
5678,1.0000,0.0000,False,False,False
5679,0.0000,1.0000,False,False,False
5680,0.0000,1.0000,False,False,False
5681,1.0000,0.0000,False,False,False
5682,1.0000,0.0000,False,False,False
5683,1.0000,0.0000,False,False,False
5684,1.0000,0.0000,False,False,False
5685,1.0000,0.0000,False,False,False
5686,1.0000,0.0000,False,False,False
5687,1.0000,0.0000,False,False,False
5688,1.0000,0.0000,False,False,False
5689,1.0000,0.0000,False,False,False
5690,1.0000,0.0000,False,False,False
5691,1.0000,0.0000,False,False,False
5692,1.0000,0.0000,False,False,False
5693,1.0000,0.0000,False,False,False
5694,1.0000,0.0000,False,False,False
5695,1.0000,0.0000,False,False,False
5696,1.0000,0.0000,False,False,False
5697,1.0000,0.0000,False,False,False
5698,1.0000,0.0000,False,False,False
5699,1.0000,0.0000,False,False,False
5700,1.0000,0.0000,False,False,False
5701,0.0000,1.0000,False,False,False
5702,1.0000,0.0000,False,False,False
5703,1.0000,0.0000,False,False,False
5704,1.0000,0.0000,False,False,False
5705,1.0000,0.0000,False,False,False
5706,1.0000,0.0000,False,False,False
5707,1.0000,0.0000,False,False,False
5708,1.0000,0.0000,False,False,False
5709,1.0000,0.0000,False,False,False
5710,0.0000,1.0000,False,False,False
5711,1.0000,0.0000,False,False,False
5712,1.0000,0.0000,False,False,False
5713,1.0000,0.0000,False,False,False
5714,1.0000,0.0000,False,False,False
5715,1.0000,0.0000,False,False,False
5716,1.0000,0.0000,False,False,False
5717,1.0000,0.0000,False,False,False
5718,1.0000,0.0000,False,False,False
5719,1.0000,0.0000,False,False,False
5720,0.0000,1.0000,False,False,False
5721,1.0000,0.0000,False,False,False
5722,1.0000,0.0000,False,False,False
5723,0.0000,1.0000,False,False,False
5724,1.0000,0.0000,False,False,False
5725,1.0000,0.0000,False,False,False
5726,1.0000,0.0000,False,False,False
5727,0.0000,1.0000,False,False,False
5728,0.0000,1.0000,False,False,False
5729,1.0000,0.0000,False,False,False
5730,1.0000,0.0000,False,False,False
5731,0.0000,1.0000,False,False,False
5732,1.0000,0.0000,False,False,False
5733,1.0000,0.0000,False,False,False
5734,1.0000,0.0000,False,False,False
5735,1.0000,0.0000,False,False,False
5736,0.0000,1.0000,False,False,False
5737,1.0000,0.0000,False,False,False
5738,1.0000,0.0000,False,False,False
5739,1.0000,0.0000,False,False,False
5740,1.0000,0.0000,False,False,False
5741,1.0000,0.0000,False,False,False
5742,1.0000,0.0000,False,False,False
5743,1.0000,0.0000,False,False,False
5744,1.0000,0.0000,False,False,False
5745,1.0000,0.0000,False,False,False
5746,0.0000,1.0000,False,False,False
5747,0.0000,1.0000,False,False,False
5748,1.0000,0.0000,False,False,False
5749,1.0000,0.0000,False,False,False
5750,1.0000,0.0000,False,False,False
5751,1.0000,0.0000,False,False,False
5752,0.0000,1.0000,False,False,False
5753,1.0000,0.0000,False,False,False
5754,1.0000,0.0000,False,False,False
5755,0.0000,1.0000,False,False,False
5756,1.0000,0.0000,False,False,False
5757,1.0000,0.0000,False,False,False
5758,1.0000,0.0000,False,False,False
5759,0.0000,1.0000,False,False,False
5760,1.0000,0.0000,False,False,False
5761,1.0000,0.0000,False,False,False
5762,1.0000,0.0000,False,False,False
5763,1.0000,0.0000,False,False,False
5764,1.0000,0.0000,False,False,False
5765,1.0000,0.0000,False,False,False
5766,1.0000,0.0000,False,False,False
5767,1.0000,0.0000,False,False,False
5768,1.0000,0.0000,False,False,False
5769,0.0000,1.0000,False,False,False
5770,1.0000,0.0000,False,False,False
5771,1.0000,0.0000,False,False,False
5772,1.0000,0.0000,False,False,False
5773,1.0000,0.0000,False,False,False
5774,1.0000,0.0000,False,False,False
5775,1.0000,0.0000,False,False,False
5776,0.0000,1.0000,False,False,False
5777,0.0000,1.0000,False,False,False
5778,1.0000,0.0000,False,False,False
5779,0.0000,1.0000,False,False,False
5780,0.0000,1.0000,False,False,False
5781,1.0000,0.0000,False,False,False
5782,0.0000,1.0000,False,False,False
5783,1.0000,0.0000,False,False,False
5784,1.0000,0.0000,False,False,False
5785,1.0000,0.0000,False,False,False
5786,1.0000,0.0000,False,False,False
5787,1.0000,0.0000,False,False,False
5788,1.0000,0.0000,False,False,False
5789,1.0000,0.0000,False,False,False
5790,1.0000,0.0000,False,False,False
5791,0.0000,1.0000,False,False,False
5792,1.0000,0.0000,False,False,False
5793,0.0000,1.0000,False,False,False
5794,1.0000,0.0000,False,False,False
5795,1.0000,0.0000,False,False,False
5796,1.0000,0.0000,False,False,False
5797,1.0000,0.0000,False,False,False
5798,0.0000,1.0000,False,False,False
5799,1.0000,0.0000,False,False,False
5800,1.0000,0.0000,False,False,False
5801,0.0000,1.0000,False,False,False
5802,1.0000,0.0000,False,False,False
5803,1.0000,0.0000,False,False,False
5804,1.0000,0.0000,False,False,False
5805,1.0000,0.0000,False,False,False
5806,1.0000,0.0000,False,False,False
5807,1.0000,0.0000,False,False,False
5808,1.0000,0.0000,False,False,False
5809,1.0000,0.0000,False,False,False
5810,1.0000,0.0000,False,False,False
5811,1.0000,0.0000,False,False,False
5812,0.0000,1.0000,False,False,False
5813,1.0000,0.0000,False,False,False
5814,0.0000,1.0000,False,False,False
5815,1.0000,0.0000,False,False,False
5816,0.0000,1.0000,False,False,False
5817,1.0000,0.0000,False,False,False
5818,1.0000,0.0000,False,False,False
5819,1.0000,0.0000,False,False,False
5820,0.0000,1.0000,False,False,False
5821,1.0000,0.0000,False,False,False
5822,0.0000,1.0000,False,False,False
5823,0.0000,1.0000,False,False,False
5824,1.0000,0.0000,False,False,False
5825,1.0000,0.0000,False,False,False
5826,1.0000,0.0000,False,False,False
5827,0.0000,1.0000,False,False,False
5828,0.0000,1.0000,False,False,False
5829,1.0000,0.0000,False,False,False
5830,1.0000,0.0000,False,False,False
5831,1.0000,0.0000,False,False,False
5832,0.0000,1.0000,False,False,False
5833,1.0000,0.0000,False,False,False
5834,1.0000,0.0000,False,False,False
5835,1.0000,0.0000,False,False,False
5836,0.0000,1.0000,False,False,False
5837,0.0000,1.0000,False,False,False
5838,1.0000,0.0000,False,False,False
5839,0.0000,1.0000,False,False,False
5840,1.0000,0.0000,False,False,False
5841,0.0000,1.0000,False,False,False
5842,1.0000,0.0000,False,False,False
5843,1.0000,0.0000,False,False,False
5844,0.0000,1.0000,False,False,False
5845,0.0000,1.0000,False,False,False
5846,1.0000,0.0000,False,False,False
5847,0.0000,1.0000,False,False,False
5848,1.0000,0.0000,False,False,False
5849,1.0000,0.0000,False,False,False
5850,1.0000,0.0000,False,False,False
5851,0.0000,1.0000,False,False,False
5852,1.0000,0.0000,False,False,False
5853,1.0000,0.0000,False,False,False
5854,0.0000,1.0000,False,False,False
5855,1.0000,0.0000,False,False,False
5856,1.0000,0.0000,False,False,False
5857,1.0000,0.0000,False,False,False
5858,1.0000,0.0000,False,False,False
5859,0.0000,1.0000,False,False,False
5860,1.0000,0.0000,False,False,False
5861,0.0000,1.0000,False,False,False
5862,1.0000,0.0000,False,False,False
5863,1.0000,0.0000,False,False,False
5864,1.0000,0.0000,False,False,False
5865,1.0000,0.0000,False,False,False
5866,0.0000,1.0000,False,False,False
5867,0.0000,1.0000,False,False,False
5868,1.0000,0.0000,False,False,False
5869,1.0000,0.0000,False,False,False
5870,1.0000,0.0000,False,False,False
5871,1.0000,0.0000,False,False,False
5872,0.0000,1.0000,False,False,False
5873,1.0000,0.0000,False,False,False
5874,1.0000,0.0000,False,False,False
5875,1.0000,0.0000,False,False,False
5876,1.0000,0.0000,False,False,False
5877,0.0000,1.0000,False,False,False
5878,1.0000,0.0000,False,False,False
5879,1.0000,0.0000,False,False,False
5880,1.0000,0.0000,False,False,False
5881,1.0000,0.0000,False,False,False
5882,1.0000,0.0000,False,False,False
5883,1.0000,0.0000,False,False,False
5884,1.0000,0.0000,False,False,False
5885,0.0000,1.0000,False,False,False
5886,1.0000,0.0000,False,False,False
5887,1.0000,0.0000,False,False,False
5888,0.0000,1.0000,False,False,False
5889,1.0000,0.0000,False,False,False
5890,1.0000,0.0000,False,False,False
5891,1.0000,0.0000,False,False,False
5892,1.0000,0.0000,False,False,False
5893,1.0000,0.0000,False,False,False
5894,1.0000,0.0000,False,False,False
5895,1.0000,0.0000,False,False,False
5896,1.0000,0.0000,False,False,False
5897,0.0000,1.0000,False,False,False
5898,0.0000,1.0000,False,False,False
5899,1.0000,0.0000,False,False,False
5900,1.0000,0.0000,False,False,False
5901,1.0000,0.0000,False,False,False
5902,1.0000,0.0000,False,False,False
5903,1.0000,0.0000,False,False,False
5904,1.0000,0.0000,False,False,False
5905,1.0000,0.0000,False,False,False
5906,1.0000,0.0000,False,False,False
5907,1.0000,0.0000,False,False,False
5908,1.0000,0.0000,False,False,False
5909,0.0000,1.0000,False,False,False
5910,1.0000,0.0000,False,False,False
5911,0.0000,1.0000,False,False,False
5912,0.0000,1.0000,False,False,False
5913,1.0000,0.0000,False,False,False
5914,0.0000,1.0000,False,False,False
5915,1.0000,0.0000,False,False,False
5916,1.0000,0.0000,False,False,False
5917,0.0000,1.0000,False,False,False
5918,1.0000,0.0000,False,False,False
5919,1.0000,0.0000,False,False,False
5920,1.0000,0.0000,False,False,False
5921,1.0000,0.0000,False,False,False
5922,0.0000,1.0000,False,False,False
5923,1.0000,0.0000,False,False,False
5924,1.0000,0.0000,False,False,False
5925,1.0000,0.0000,False,False,False
5926,1.0000,0.0000,False,False,False
5927,0.0000,1.0000,False,False,False
5928,1.0000,0.0000,False,False,False
5929,0.0000,1.0000,False,False,False
5930,1.0000,0.0000,False,False,False
5931,1.0000,0.0000,False,False,False
5932,1.0000,0.0000,False,False,False
5933,1.0000,0.0000,False,False,False
5934,0.0000,1.0000,False,False,False
5935,1.0000,0.0000,False,False,False
5936,1.0000,0.0000,False,False,False
5937,1.0000,0.0000,False,False,False
5938,1.0000,0.0000,False,False,False
5939,0.0000,1.0000,False,False,False
5940,1.0000,0.0000,False,False,False
5941,0.0000,1.0000,False,False,False
5942,0.0000,1.0000,False,False,False
5943,0.0000,1.0000,False,False,False
5944,1.0000,0.0000,False,False,False
5945,1.0000,0.0000,False,False,False
5946,1.0000,0.0000,False,False,False
5947,1.0000,0.0000,False,False,False
5948,1.0000,0.0000,False,False,False
5949,1.0000,0.0000,False,False,False
5950,1.0000,0.0000,False,False,False
5951,0.0000,1.0000,False,False,False
5952,0.0000,1.0000,False,False,False
5953,1.0000,0.0000,False,False,False
5954,1.0000,0.0000,False,False,False
5955,1.0000,0.0000,False,False,False
5956,1.0000,0.0000,False,False,False
5957,0.0000,1.0000,False,False,False
5958,0.0000,1.0000,False,False,False
5959,1.0000,0.0000,False,False,False
5960,1.0000,0.0000,False,False,False
5961,1.0000,0.0000,False,False,False
5962,1.0000,0.0000,False,False,False
5963,1.0000,0.0000,False,False,False
5964,1.0000,0.0000,False,False,False
5965,1.0000,0.0000,False,False,False
5966,1.0000,0.0000,False,False,False
5967,1.0000,0.0000,False,False,False
5968,1.0000,0.0000,False,False,False
5969,0.0000,1.0000,False,False,False
5970,1.0000,0.0000,False,False,False
5971,1.0000,0.0000,False,False,False
5972,1.0000,0.0000,False,False,False
5973,1.0000,0.0000,False,False,False
5974,1.0000,0.0000,False,False,False
5975,1.0000,0.0000,False,False,False
5976,1.0000,0.0000,False,False,False
5977,1.0000,0.0000,False,False,False
5978,1.0000,0.0000,False,False,False
5979,1.0000,0.0000,False,False,False
5980,1.0000,0.0000,False,False,False
5981,1.0000,0.0000,False,False,False
5982,1.0000,0.0000,False,False,False
5983,1.0000,0.0000,False,False,False
5984,0.0000,1.0000,False,False,False
5985,1.0000,0.0000,False,False,False
5986,0.0000,1.0000,False,False,False
5987,1.0000,0.0000,False,False,False
5988,1.0000,0.0000,False,False,False
5989,1.0000,0.0000,False,False,False
5990,0.0000,1.0000,False,False,False
5991,0.0000,1.0000,False,False,False
5992,0.0000,1.0000,False,False,False
5993,1.0000,0.0000,False,False,False
5994,1.0000,0.0000,False,False,False
5995,0.0000,1.0000,False,False,False
5996,0.0000,1.0000,False,False,False
5997,1.0000,0.0000,False,False,False
5998,1.0000,0.0000,False,False,False
5999,1.0000,0.0000,False,False,False
6000,1.0000,0.0000,False,False,False
6001,0.0000,1.0000,False,False,False
6002,0.0000,1.0000,False,False,False
6003,1.0000,0.0000,False,False,False
6004,1.0000,0.0000,False,False,False
6005,1.0000,0.0000,False,False,False
6006,1.0000,0.0000,False,False,False
6007,1.0000,0.0000,False,False,False
6008,1.0000,0.0000,False,False,False
6009,1.0000,0.0000,False,False,False
6010,1.0000,0.0000,False,False,False
6011,1.0000,0.0000,False,False,False
6012,1.0000,0.0000,False,False,False
6013,0.0000,1.0000,False,False,False
6014,1.0000,0.0000,False,False,False
6015,1.0000,0.0000,False,False,False
6016,1.0000,0.0000,False,False,False
6017,1.0000,0.0000,False,False,False
6018,1.0000,0.0000,False,False,False
6019,0.0000,1.0000,False,False,False
6020,1.0000,0.0000,False,False,False
6021,0.0000,1.0000,False,False,False
6022,1.0000,0.0000,False,False,False
6023,1.0000,0.0000,False,False,False
6024,1.0000,0.0000,False,False,False
6025,1.0000,0.0000,False,False,False
6026,0.0000,1.0000,False,False,False
6027,1.0000,0.0000,False,False,False
6028,1.0000,0.0000,False,False,False
6029,1.0000,0.0000,False,False,False
6030,0.0000,1.0000,False,False,False
6031,1.0000,0.0000,False,False,False
6032,0.0000,1.0000,False,False,False
6033,0.0000,1.0000,False,False,False
6034,1.0000,0.0000,False,False,False
6035,1.0000,0.0000,False,False,False
6036,1.0000,0.0000,False,False,False
6037,1.0000,0.0000,False,False,False
6038,1.0000,0.0000,False,False,False
6039,0.0000,1.0000,False,False,False
6040,1.0000,0.0000,False,False,False
6041,0.0000,1.0000,False,False,False
6042,1.0000,0.0000,False,False,False
6043,1.0000,0.0000,False,False,False
6044,0.0000,1.0000,False,False,False
6045,1.0000,0.0000,False,False,False
6046,1.0000,0.0000,False,False,False
6047,1.0000,0.0000,False,False,False
6048,1.0000,0.0000,False,False,False
6049,1.0000,0.0000,False,False,False
6050,0.0000,1.0000,False,False,False
6051,1.0000,0.0000,False,False,False
6052,1.0000,0.0000,False,False,False
6053,1.0000,0.0000,False,False,False
6054,0.0000,1.0000,False,False,False
6055,1.0000,0.0000,False,False,False
6056,1.0000,0.0000,False,False,False
6057,1.0000,0.0000,False,False,False
6058,1.0000,0.0000,False,False,False
6059,1.0000,0.0000,False,False,False
6060,0.0000,1.0000,False,False,False
6061,1.0000,0.0000,False,False,False
6062,1.0000,0.0000,False,False,False
6063,1.0000,0.0000,False,False,False
6064,1.0000,0.0000,False,False,False
6065,1.0000,0.0000,False,False,False
6066,1.0000,0.0000,False,False,False
6067,1.0000,0.0000,False,False,False
6068,1.0000,0.0000,False,False,False
6069,1.0000,0.0000,False,False,False
6070,1.0000,0.0000,False,False,False
6071,1.0000,0.0000,False,False,False
6072,1.0000,0.0000,False,False,False
6073,1.0000,0.0000,False,False,False
6074,1.0000,0.0000,False,False,False
6075,0.0000,1.0000,False,False,False
6076,0.0000,1.0000,False,False,False
6077,1.0000,0.0000,False,False,False
6078,1.0000,0.0000,False,False,False
6079,1.0000,0.0000,False,False,False
6080,1.0000,0.0000,False,False,False
6081,1.0000,0.0000,False,False,False
6082,1.0000,0.0000,False,False,False
6083,1.0000,0.0000,False,False,False
6084,1.0000,0.0000,False,False,False
6085,1.0000,0.0000,False,False,False
6086,0.0000,1.0000,False,False,False
6087,1.0000,0.0000,False,False,False
6088,0.0000,1.0000,False,False,False
6089,1.0000,0.0000,False,False,False
6090,1.0000,0.0000,False,False,False
6091,1.0000,0.0000,False,False,False
6092,1.0000,0.0000,False,False,False
6093,1.0000,0.0000,False,False,False
6094,1.0000,0.0000,False,False,False
6095,1.0000,0.0000,False,False,False
6096,1.0000,0.0000,False,False,False
6097,1.0000,0.0000,False,False,False
6098,1.0000,0.0000,False,False,False
6099,1.0000,0.0000,False,False,False
6100,1.0000,0.0000,False,False,False
6101,1.0000,0.0000,False,False,False
6102,1.0000,0.0000,False,False,False
6103,1.0000,0.0000,False,False,False
6104,1.0000,0.0000,False,False,False
6105,1.0000,0.0000,False,False,False
6106,1.0000,0.0000,False,False,False
6107,1.0000,0.0000,False,False,False
6108,1.0000,0.0000,False,False,False
6109,1.0000,0.0000,False,False,False
6110,1.0000,0.0000,False,False,False
6111,1.0000,0.0000,False,False,False
6112,0.0000,1.0000,False,False,False
6113,1.0000,0.0000,False,False,False
6114,0.0000,1.0000,False,False,False
6115,1.0000,0.0000,False,False,False
6116,1.0000,0.0000,False,False,False
6117,1.0000,0.0000,False,False,False
6118,1.0000,0.0000,False,False,False
6119,1.0000,0.0000,False,False,False
6120,1.0000,0.0000,False,False,False
6121,1.0000,0.0000,False,False,False
6122,1.0000,0.0000,False,False,False
6123,1.0000,0.0000,False,False,False
6124,0.0000,1.0000,False,False,False
6125,0.0000,1.0000,False,False,False
6126,1.0000,0.0000,False,False,False
6127,1.0000,0.0000,False,False,False
6128,1.0000,0.0000,False,False,False
6129,1.0000,0.0000,False,False,False
6130,0.0000,1.0000,False,False,False
6131,0.0000,1.0000,False,False,False
6132,0.0000,1.0000,False,False,False
6133,1.0000,0.0000,False,False,False
6134,0.0000,1.0000,False,False,False
6135,1.0000,0.0000,False,False,False
6136,1.0000,0.0000,False,False,False
6137,1.0000,0.0000,False,False,False
6138,1.0000,0.0000,False,False,False
6139,1.0000,0.0000,False,False,False
6140,1.0000,0.0000,False,False,False
6141,1.0000,0.0000,False,False,False
6142,1.0000,0.0000,False,False,False
6143,1.0000,0.0000,False,False,False
6144,1.0000,0.0000,False,False,False
6145,1.0000,0.0000,False,False,False
6146,0.0000,1.0000,False,False,False
6147,1.0000,0.0000,False,False,False
6148,1.0000,0.0000,False,False,False
6149,1.0000,0.0000,False,False,False
6150,1.0000,0.0000,False,False,False
6151,1.0000,0.0000,False,False,False
6152,1.0000,0.0000,False,False,False
6153,1.0000,0.0000,False,False,False
6154,1.0000,0.0000,False,False,False
6155,1.0000,0.0000,False,False,False
6156,0.0000,1.0000,False,False,False
6157,0.0000,1.0000,False,False,False
6158,0.0000,1.0000,False,False,False
6159,1.0000,0.0000,False,False,False
6160,0.0000,1.0000,False,False,False
6161,1.0000,0.0000,False,False,False
6162,1.0000,0.0000,False,False,False
6163,1.0000,0.0000,False,False,False
6164,1.0000,0.0000,False,False,False
6165,1.0000,0.0000,False,False,False
6166,1.0000,0.0000,False,False,False
6167,1.0000,0.0000,False,False,False
6168,1.0000,0.0000,False,False,False
6169,1.0000,0.0000,False,False,False
6170,1.0000,0.0000,False,False,False
6171,1.0000,0.0000,False,False,False
6172,0.0000,1.0000,False,False,False
6173,0.0000,1.0000,False,False,False
6174,1.0000,0.0000,False,False,False
6175,0.0000,1.0000,False,False,False
6176,1.0000,0.0000,False,False,False
6177,1.0000,0.0000,False,False,False
6178,0.0000,1.0000,False,False,False
6179,1.0000,0.0000,False,False,False
6180,1.0000,0.0000,False,False,False
6181,1.0000,0.0000,False,False,False
6182,1.0000,0.0000,False,False,False
6183,1.0000,0.0000,False,False,False
6184,1.0000,0.0000,False,False,False
6185,1.0000,0.0000,False,False,False
6186,1.0000,0.0000,False,False,False
6187,1.0000,0.0000,False,False,False
6188,1.0000,0.0000,False,False,False
6189,1.0000,0.0000,False,False,False
6190,1.0000,0.0000,False,False,False
6191,1.0000,0.0000,False,False,False
6192,1.0000,0.0000,False,False,False
6193,1.0000,0.0000,False,False,False
6194,0.0000,1.0000,False,False,False
6195,1.0000,0.0000,False,False,False
6196,1.0000,0.0000,False,False,False
6197,1.0000,0.0000,False,False,False
6198,1.0000,0.0000,False,False,False
6199,0.0000,1.0000,False,False,False
6200,1.0000,0.0000,False,False,False
6201,1.0000,0.0000,False,False,False
6202,1.0000,0.0000,False,False,False
6203,0.0000,1.0000,False,False,False
6204,1.0000,0.0000,False,False,False
6205,1.0000,0.0000,False,False,False
6206,1.0000,0.0000,False,False,False
6207,1.0000,0.0000,False,False,False
6208,1.0000,0.0000,False,False,False
6209,1.0000,0.0000,False,False,False
6210,0.0000,1.0000,False,False,False
6211,1.0000,0.0000,False,False,False
6212,1.0000,0.0000,False,False,False
6213,0.0000,1.0000,False,False,False
6214,1.0000,0.0000,False,False,False
6215,0.0000,1.0000,False,False,False
6216,1.0000,0.0000,False,False,False
6217,0.0000,1.0000,False,False,False
6218,1.0000,0.0000,False,False,False
6219,1.0000,0.0000,False,False,False
6220,1.0000,0.0000,False,False,False
6221,1.0000,0.0000,False,False,False
6222,1.0000,0.0000,False,False,False
6223,1.0000,0.0000,False,False,False
6224,1.0000,0.0000,False,False,False
6225,0.0000,1.0000,False,False,False
6226,0.0000,1.0000,False,False,False
6227,1.0000,0.0000,False,False,False
6228,1.0000,0.0000,False,False,False
6229,1.0000,0.0000,False,False,False
6230,1.0000,0.0000,False,False,False
6231,0.0000,1.0000,False,False,False
6232,1.0000,0.0000,False,False,False
6233,0.0000,1.0000,False,False,False
6234,1.0000,0.0000,False,False,False
6235,1.0000,0.0000,False,False,False
6236,1.0000,0.0000,False,False,False
6237,1.0000,0.0000,False,False,False
6238,0.0000,1.0000,False,False,False
6239,1.0000,0.0000,False,False,False
6240,1.0000,0.0000,False,False,False
6241,1.0000,0.0000,False,False,False
6242,1.0000,0.0000,False,False,False
6243,1.0000,0.0000,False,False,False
6244,1.0000,0.0000,False,False,False
6245,1.0000,0.0000,False,False,False
6246,0.0000,1.0000,False,False,False
6247,1.0000,0.0000,False,False,False
6248,1.0000,0.0000,False,False,False
6249,0.0000,1.0000,False,False,False
6250,1.0000,0.0000,False,False,False
6251,1.0000,0.0000,False,False,False
6252,1.0000,0.0000,False,False,False
6253,0.0000,1.0000,False,False,False
6254,1.0000,0.0000,False,False,False
6255,1.0000,0.0000,False,False,False
6256,1.0000,0.0000,False,False,False
6257,0.0000,1.0000,False,False,False
6258,1.0000,0.0000,False,False,False
6259,1.0000,0.0000,False,False,False
6260,0.0000,1.0000,False,False,False
6261,1.0000,0.0000,False,False,False
6262,1.0000,0.0000,False,False,False
6263,1.0000,0.0000,False,False,False
6264,1.0000,0.0000,False,False,False
6265,1.0000,0.0000,False,False,False
6266,1.0000,0.0000,False,False,False
6267,1.0000,0.0000,False,False,False
6268,1.0000,0.0000,False,False,False
6269,1.0000,0.0000,False,False,False
6270,0.0000,1.0000,False,False,False
6271,1.0000,0.0000,False,False,False
6272,0.0000,1.0000,False,False,False
6273,1.0000,0.0000,False,False,False
6274,1.0000,0.0000,False,False,False
6275,0.0000,1.0000,False,False,False
6276,1.0000,0.0000,False,False,False
6277,1.0000,0.0000,False,False,False
6278,1.0000,0.0000,False,False,False
6279,1.0000,0.0000,False,False,False
6280,1.0000,0.0000,False,False,False
6281,1.0000,0.0000,False,False,False
6282,1.0000,0.0000,False,False,False
6283,1.0000,0.0000,False,False,False
6284,0.0000,1.0000,False,False,False
6285,1.0000,0.0000,False,False,False
6286,1.0000,0.0000,False,False,False
6287,1.0000,0.0000,False,False,False
6288,1.0000,0.0000,False,False,False
6289,1.0000,0.0000,False,False,False
6290,1.0000,0.0000,False,False,False
6291,1.0000,0.0000,False,False,False
6292,1.0000,0.0000,False,False,False
6293,1.0000,0.0000,False,False,False
6294,1.0000,0.0000,False,False,False
6295,0.0000,1.0000,False,False,False
6296,1.0000,0.0000,False,False,False
6297,1.0000,0.0000,False,False,False
6298,1.0000,0.0000,False,False,False
6299,1.0000,0.0000,False,False,False
6300,0.0000,1.0000,False,False,False
6301,0.0000,1.0000,False,False,False
6302,1.0000,0.0000,False,False,False
6303,1.0000,0.0000,False,False,False
6304,1.0000,0.0000,False,False,False
6305,1.0000,0.0000,False,False,False
6306,1.0000,0.0000,False,False,False
6307,1.0000,0.0000,False,False,False
6308,0.0000,1.0000,False,False,False
6309,1.0000,0.0000,False,False,False
6310,1.0000,0.0000,False,False,False
6311,1.0000,0.0000,False,False,False
6312,1.0000,0.0000,False,False,False
6313,0.0000,1.0000,False,False,False
6314,1.0000,0.0000,False,False,False
6315,1.0000,0.0000,False,False,False
6316,1.0000,0.0000,False,False,False
6317,0.0000,1.0000,False,False,False
6318,1.0000,0.0000,False,False,False
6319,1.0000,0.0000,False,False,False
6320,1.0000,0.0000,False,False,False
6321,1.0000,0.0000,False,False,False
6322,1.0000,0.0000,False,False,False
6323,1.0000,0.0000,False,False,False
6324,1.0000,0.0000,False,False,False
6325,1.0000,0.0000,False,False,False
6326,1.0000,0.0000,False,False,False
6327,1.0000,0.0000,False,False,False
6328,1.0000,0.0000,False,False,False
6329,1.0000,0.0000,False,False,False
6330,1.0000,0.0000,False,False,False
6331,1.0000,0.0000,False,False,False
6332,1.0000,0.0000,False,False,False
6333,1.0000,0.0000,False,False,False
6334,1.0000,0.0000,False,False,False
6335,1.0000,0.0000,False,False,False
6336,1.0000,0.0000,False,False,False
6337,1.0000,0.0000,False,False,False
6338,1.0000,0.0000,False,False,False
6339,1.0000,0.0000,False,False,False
6340,1.0000,0.0000,False,False,False
6341,1.0000,0.0000,False,False,False
6342,0.0000,1.0000,False,False,False
6343,1.0000,0.0000,False,False,False
6344,0.0000,1.0000,False,False,False
6345,1.0000,0.0000,False,False,False
6346,1.0000,0.0000,False,False,False
6347,1.0000,0.0000,False,False,False
6348,1.0000,0.0000,False,False,False
6349,1.0000,0.0000,False,False,False
6350,0.0000,1.0000,False,False,False
6351,1.0000,0.0000,False,False,False
6352,1.0000,0.0000,False,False,False
6353,1.0000,0.0000,False,False,False
6354,1.0000,0.0000,False,False,False
6355,1.0000,0.0000,False,False,False
6356,1.0000,0.0000,False,False,False
6357,0.0000,1.0000,False,False,False
6358,1.0000,0.0000,False,False,False
6359,0.0000,1.0000,False,False,False
6360,1.0000,0.0000,False,False,False
6361,1.0000,0.0000,False,False,False
6362,1.0000,0.0000,False,False,False
6363,1.0000,0.0000,False,False,False
6364,1.0000,0.0000,False,False,False
6365,1.0000,0.0000,False,False,False
6366,1.0000,0.0000,False,False,False
6367,1.0000,0.0000,False,False,False
6368,0.0000,1.0000,False,False,False
6369,0.0000,1.0000,False,False,False
6370,1.0000,0.0000,False,False,False
6371,1.0000,0.0000,False,False,False
6372,1.0000,0.0000,False,False,False
6373,1.0000,0.0000,False,False,False
6374,1.0000,0.0000,False,False,False
6375,1.0000,0.0000,False,False,False
6376,0.0000,1.0000,False,False,False
6377,1.0000,0.0000,False,False,False
6378,0.0000,1.0000,False,False,False
6379,1.0000,0.0000,False,False,False
6380,1.0000,0.0000,False,False,False
6381,1.0000,0.0000,False,False,False
6382,1.0000,0.0000,False,False,False
6383,0.0000,1.0000,False,False,False
6384,0.0000,1.0000,False,False,False
6385,1.0000,0.0000,False,False,False
6386,0.0000,1.0000,False,False,False
6387,1.0000,0.0000,False,False,False
6388,1.0000,0.0000,False,False,False
6389,1.0000,0.0000,False,False,False
6390,1.0000,0.0000,False,False,False
6391,1.0000,0.0000,False,False,False
6392,1.0000,0.0000,False,False,False
6393,0.0000,1.0000,False,False,False
6394,1.0000,0.0000,False,False,False
6395,1.0000,0.0000,False,False,False
6396,1.0000,0.0000,False,False,False
6397,1.0000,0.0000,False,False,False
6398,1.0000,0.0000,False,False,False
6399,1.0000,0.0000,False,False,False
6400,0.0000,1.0000,False,False,False
6401,1.0000,0.0000,False,False,False
6402,1.0000,0.0000,False,False,False
6403,0.0000,1.0000,False,False,False
6404,1.0000,0.0000,False,False,False
6405,1.0000,0.0000,False,False,False
6406,1.0000,0.0000,False,False,False
6407,1.0000,0.0000,False,False,False
6408,1.0000,0.0000,False,False,False
6409,1.0000,0.0000,False,False,False
6410,0.0000,1.0000,False,False,False
6411,1.0000,0.0000,False,False,False
6412,1.0000,0.0000,False,False,False
6413,1.0000,0.0000,False,False,False
6414,1.0000,0.0000,False,False,False
6415,1.0000,0.0000,False,False,False
6416,1.0000,0.0000,False,False,False
6417,1.0000,0.0000,False,False,False
6418,1.0000,0.0000,False,False,False
6419,1.0000,0.0000,False,False,False
6420,1.0000,0.0000,False,False,False
6421,0.0000,1.0000,False,False,False
6422,1.0000,0.0000,False,False,False
6423,1.0000,0.0000,False,False,False
6424,1.0000,0.0000,False,False,False
6425,1.0000,0.0000,False,False,False
6426,0.0000,1.0000,False,False,False
6427,1.0000,0.0000,False,False,False
6428,1.0000,0.0000,False,False,False
6429,1.0000,0.0000,False,False,False
6430,1.0000,0.0000,False,False,False
6431,1.0000,0.0000,False,False,False
6432,0.0000,1.0000,False,False,False
6433,1.0000,0.0000,False,False,False
6434,1.0000,0.0000,False,False,False
6435,0.0000,1.0000,False,False,False
6436,1.0000,0.0000,False,False,False
6437,1.0000,0.0000,False,False,False
6438,0.0000,1.0000,False,False,False
6439,1.0000,0.0000,False,False,False
6440,1.0000,0.0000,False,False,False
6441,1.0000,0.0000,False,False,False
6442,1.0000,0.0000,False,False,False
6443,0.0000,1.0000,False,False,False
6444,0.0000,1.0000,False,False,False
6445,1.0000,0.0000,False,False,False
6446,0.0000,1.0000,False,False,False
6447,0.0000,1.0000,False,False,False
6448,1.0000,0.0000,False,False,False
6449,1.0000,0.0000,False,False,False
6450,0.0000,1.0000,False,False,False
6451,1.0000,0.0000,False,False,False
6452,1.0000,0.0000,False,False,False
6453,1.0000,0.0000,False,False,False
6454,0.0000,1.0000,False,False,False
6455,1.0000,0.0000,False,False,False
6456,0.0000,1.0000,False,False,False
6457,1.0000,0.0000,False,False,False
6458,0.0000,1.0000,False,False,False
6459,1.0000,0.0000,False,False,False
6460,1.0000,0.0000,False,False,False
6461,0.0000,1.0000,False,False,False
6462,0.0000,1.0000,False,False,False
6463,1.0000,0.0000,False,False,False
6464,1.0000,0.0000,False,False,False
6465,1.0000,0.0000,False,False,False
6466,1.0000,0.0000,False,False,False
6467,0.0000,1.0000,False,False,False
6468,0.0000,1.0000,False,False,False
6469,1.0000,0.0000,False,False,False
6470,1.0000,0.0000,False,False,False
6471,1.0000,0.0000,False,False,False
6472,1.0000,0.0000,False,False,False
6473,0.0000,1.0000,False,False,False
6474,1.0000,0.0000,False,False,False
6475,0.0000,1.0000,False,False,False
6476,1.0000,0.0000,False,False,False
6477,1.0000,0.0000,False,False,False
6478,1.0000,0.0000,False,False,False
6479,1.0000,0.0000,False,False,False
6480,1.0000,0.0000,False,False,False
6481,0.0000,1.0000,False,False,False
6482,1.0000,0.0000,False,False,False
6483,1.0000,0.0000,False,False,False
6484,1.0000,0.0000,False,False,False
6485,1.0000,0.0000,False,False,False
6486,0.0000,1.0000,False,False,False
6487,0.0000,1.0000,False,False,False
6488,0.0000,1.0000,False,False,False
6489,1.0000,0.0000,False,False,False
6490,1.0000,0.0000,False,False,False
6491,1.0000,0.0000,False,False,False
6492,1.0000,0.0000,False,False,False
6493,1.0000,0.0000,False,False,False
6494,0.0000,1.0000,False,False,False
6495,1.0000,0.0000,False,False,False
6496,0.0000,1.0000,False,False,False
6497,1.0000,0.0000,False,False,False
6498,1.0000,0.0000,False,False,False
6499,1.0000,0.0000,False,False,False
6500,1.0000,0.0000,False,False,False
6501,1.0000,0.0000,False,False,False
6502,1.0000,0.0000,False,False,False
6503,1.0000,0.0000,False,False,False
6504,1.0000,0.0000,False,False,False
6505,1.0000,0.0000,False,False,False
6506,1.0000,0.0000,False,False,False
6507,1.0000,0.0000,False,False,False
6508,1.0000,0.0000,False,False,False
6509,1.0000,0.0000,False,False,False
6510,1.0000,0.0000,False,False,False
6511,1.0000,0.0000,False,False,False
6512,1.0000,0.0000,False,False,False
6513,1.0000,0.0000,False,False,False
6514,1.0000,0.0000,False,False,False
6515,0.0000,1.0000,False,False,False
6516,1.0000,0.0000,False,False,False
6517,0.0000,1.0000,False,False,False
6518,1.0000,0.0000,False,False,False
6519,1.0000,0.0000,False,False,False
6520,1.0000,0.0000,False,False,False
6521,0.0000,1.0000,False,False,False
6522,1.0000,0.0000,False,False,False
6523,1.0000,0.0000,False,False,False
6524,0.0000,1.0000,False,False,False
6525,0.0000,1.0000,False,False,False
6526,0.0000,1.0000,False,False,False
6527,1.0000,0.0000,False,False,False
6528,1.0000,0.0000,False,False,False
6529,1.0000,0.0000,False,False,False
6530,0.0000,1.0000,False,False,False
6531,1.0000,0.0000,False,False,False
6532,1.0000,0.0000,False,False,False
6533,1.0000,0.0000,False,False,False
6534,1.0000,0.0000,False,False,False
6535,1.0000,0.0000,False,False,False
6536,1.0000,0.0000,False,False,False
6537,1.0000,0.0000,False,False,False
6538,1.0000,0.0000,False,False,False
6539,1.0000,0.0000,False,False,False
6540,1.0000,0.0000,False,False,False
6541,0.0000,1.0000,False,False,False
6542,1.0000,0.0000,False,False,False
6543,0.0000,1.0000,False,False,False
6544,0.0000,1.0000,False,False,False
6545,1.0000,0.0000,False,False,False
6546,1.0000,0.0000,False,False,False
6547,1.0000,0.0000,False,False,False
6548,1.0000,0.0000,False,False,False
6549,1.0000,0.0000,False,False,False
6550,1.0000,0.0000,False,False,False
6551,0.0000,1.0000,False,False,False
6552,0.0000,1.0000,False,False,False
6553,1.0000,0.0000,False,False,False
6554,1.0000,0.0000,False,False,False
6555,1.0000,0.0000,False,False,False
6556,1.0000,0.0000,False,False,False
6557,1.0000,0.0000,False,False,False
6558,1.0000,0.0000,False,False,False
6559,1.0000,0.0000,False,False,False
6560,1.0000,0.0000,False,False,False
6561,0.0000,1.0000,False,False,False
6562,1.0000,0.0000,False,False,False
6563,1.0000,0.0000,False,False,False
6564,0.0000,1.0000,False,False,False
6565,0.0000,1.0000,False,False,False
6566,0.0000,1.0000,False,False,False
6567,1.0000,0.0000,False,False,False
6568,0.0000,1.0000,False,False,False
6569,1.0000,0.0000,False,False,False
6570,1.0000,0.0000,False,False,False
6571,1.0000,0.0000,False,False,False
6572,1.0000,0.0000,False,False,False
6573,1.0000,0.0000,False,False,False
6574,1.0000,0.0000,False,False,False
6575,1.0000,0.0000,False,False,False
6576,1.0000,0.0000,False,False,False
6577,1.0000,0.0000,False,False,False
6578,1.0000,0.0000,False,False,False
6579,1.0000,0.0000,False,False,False
6580,1.0000,0.0000,False,False,False
6581,1.0000,0.0000,False,False,False
6582,1.0000,0.0000,False,False,False
6583,1.0000,0.0000,False,False,False
6584,1.0000,0.0000,False,False,False
6585,1.0000,0.0000,False,False,False
6586,0.0000,1.0000,False,False,False
6587,1.0000,0.0000,False,False,False
6588,1.0000,0.0000,False,False,False
6589,0.0000,1.0000,False,False,False
6590,1.0000,0.0000,False,False,False
6591,1.0000,0.0000,False,False,False
6592,1.0000,0.0000,False,False,False
6593,1.0000,0.0000,False,False,False
6594,1.0000,0.0000,False,False,False
6595,1.0000,0.0000,False,False,False
6596,1.0000,0.0000,False,False,False
6597,1.0000,0.0000,False,False,False
6598,0.0000,1.0000,False,False,False
6599,1.0000,0.0000,False,False,False
6600,1.0000,0.0000,False,False,False
6601,1.0000,0.0000,False,False,False
6602,0.0000,1.0000,False,False,False
6603,1.0000,0.0000,False,False,False
6604,1.0000,0.0000,False,False,False
6605,0.0000,1.0000,False,False,False
6606,1.0000,0.0000,False,False,False
6607,1.0000,0.0000,False,False,False
6608,1.0000,0.0000,False,False,False
6609,1.0000,0.0000,False,False,False
6610,0.0000,1.0000,False,False,False
6611,1.0000,0.0000,False,False,False
6612,1.0000,0.0000,False,False,False
6613,1.0000,0.0000,False,False,False
6614,0.0000,1.0000,False,False,False
6615,0.0000,1.0000,False,False,False
6616,1.0000,0.0000,False,False,False
6617,0.0000,1.0000,False,False,False
6618,1.0000,0.0000,False,False,False
6619,1.0000,0.0000,False,False,False
6620,1.0000,0.0000,False,False,False
6621,0.0000,1.0000,False,False,False
6622,0.0000,1.0000,False,False,False
6623,1.0000,0.0000,False,False,False
6624,1.0000,0.0000,False,False,False
6625,0.0000,1.0000,False,False,False
6626,1.0000,0.0000,False,False,False
6627,0.0000,1.0000,False,False,False
6628,1.0000,0.0000,False,False,False
6629,0.0000,1.0000,False,False,False
6630,0.0000,1.0000,False,False,False
6631,1.0000,0.0000,False,False,False
6632,0.0000,1.0000,False,False,False
6633,1.0000,0.0000,False,False,False
6634,0.0000,1.0000,False,False,False
6635,0.0000,1.0000,False,False,False
6636,0.0000,1.0000,False,False,False
6637,1.0000,0.0000,False,False,False
6638,0.0000,1.0000,False,False,False
6639,0.0000,1.0000,False,False,False
6640,1.0000,0.0000,False,False,False
6641,0.0000,1.0000,False,False,False
6642,0.0000,1.0000,False,False,False
6643,1.0000,0.0000,False,False,False
6644,0.0000,1.0000,False,False,False
6645,1.0000,0.0000,False,False,False
6646,1.0000,0.0000,False,False,False
6647,1.0000,0.0000,False,False,False
6648,1.0000,0.0000,False,False,False
6649,1.0000,0.0000,False,False,False
6650,1.0000,0.0000,False,False,False
6651,1.0000,0.0000,False,False,False
6652,0.0000,1.0000,False,False,False
6653,1.0000,0.0000,False,False,False
6654,1.0000,0.0000,False,False,False
6655,1.0000,0.0000,False,False,False
6656,0.0000,1.0000,False,False,False
6657,1.0000,0.0000,False,False,False
6658,1.0000,0.0000,False,False,False
6659,1.0000,0.0000,False,False,False
6660,1.0000,0.0000,False,False,False
6661,1.0000,0.0000,False,False,False
6662,1.0000,0.0000,False,False,False
6663,1.0000,0.0000,False,False,False
6664,1.0000,0.0000,False,False,False
6665,1.0000,0.0000,False,False,False
6666,1.0000,0.0000,False,False,False
6667,1.0000,0.0000,False,False,False
6668,1.0000,0.0000,False,False,False
6669,1.0000,0.0000,False,False,False
6670,1.0000,0.0000,False,False,False
6671,0.0000,1.0000,False,False,False
6672,1.0000,0.0000,False,False,False
6673,0.0000,1.0000,False,False,False
6674,1.0000,0.0000,False,False,False
6675,0.0000,1.0000,False,False,False
6676,1.0000,0.0000,False,False,False
6677,0.0000,1.0000,False,False,False
6678,1.0000,0.0000,False,False,False
6679,1.0000,0.0000,False,False,False
6680,0.0000,1.0000,False,False,False
6681,1.0000,0.0000,False,False,False
6682,1.0000,0.0000,False,False,False
6683,0.0000,1.0000,False,False,False
6684,1.0000,0.0000,False,False,False
6685,1.0000,0.0000,False,False,False
6686,1.0000,0.0000,False,False,False
6687,0.0000,1.0000,False,False,False
6688,0.0000,1.0000,False,False,False
6689,1.0000,0.0000,False,False,False
6690,1.0000,0.0000,False,False,False
6691,1.0000,0.0000,False,False,False
6692,1.0000,0.0000,False,False,False
6693,1.0000,0.0000,False,False,False
6694,1.0000,0.0000,False,False,False
6695,0.0000,1.0000,False,False,False
6696,1.0000,0.0000,False,False,False
6697,0.0000,1.0000,False,False,False
6698,1.0000,0.0000,False,False,False
6699,1.0000,0.0000,False,False,False
6700,0.0000,1.0000,False,False,False
6701,1.0000,0.0000,False,False,False
6702,0.0000,1.0000,False,False,False
6703,1.0000,0.0000,False,False,False
6704,0.0000,1.0000,False,False,False
6705,0.0000,1.0000,False,False,False
6706,1.0000,0.0000,False,False,False
6707,1.0000,0.0000,False,False,False
6708,1.0000,0.0000,False,False,False
6709,1.0000,0.0000,False,False,False
6710,1.0000,0.0000,False,False,False
6711,0.0000,1.0000,False,False,False
6712,1.0000,0.0000,False,False,False
6713,1.0000,0.0000,False,False,False
6714,0.0000,1.0000,False,False,False
6715,1.0000,0.0000,False,False,False
6716,1.0000,0.0000,False,False,False
6717,1.0000,0.0000,False,False,False
6718,1.0000,0.0000,False,False,False
6719,0.0000,1.0000,False,False,False
6720,0.0000,1.0000,False,False,False
6721,1.0000,0.0000,False,False,False
6722,1.0000,0.0000,False,False,False
6723,1.0000,0.0000,False,False,False
6724,1.0000,0.0000,False,False,False
6725,1.0000,0.0000,False,False,False
6726,0.0000,1.0000,False,False,False
6727,1.0000,0.0000,False,False,False
6728,0.0000,1.0000,False,False,False
6729,1.0000,0.0000,False,False,False
6730,1.0000,0.0000,False,False,False
6731,1.0000,0.0000,False,False,False
6732,1.0000,0.0000,False,False,False
6733,1.0000,0.0000,False,False,False
6734,0.0000,1.0000,False,False,False
6735,1.0000,0.0000,False,False,False
6736,0.0000,1.0000,False,False,False
6737,1.0000,0.0000,False,False,False
6738,0.0000,1.0000,False,False,False
6739,1.0000,0.0000,False,False,False
6740,1.0000,0.0000,False,False,False
6741,1.0000,0.0000,False,False,False
6742,0.0000,1.0000,False,False,False
6743,1.0000,0.0000,False,False,False
6744,0.0000,1.0000,False,False,False
6745,0.0000,1.0000,False,False,False
6746,1.0000,0.0000,False,False,False
6747,0.0000,1.0000,False,False,False
6748,1.0000,0.0000,False,False,False
6749,0.0000,1.0000,False,False,False
6750,1.0000,0.0000,False,False,False
6751,1.0000,0.0000,False,False,False
6752,1.0000,0.0000,False,False,False
6753,0.0000,1.0000,False,False,False
6754,1.0000,0.0000,False,False,False
6755,1.0000,0.0000,False,False,False
6756,1.0000,0.0000,False,False,False
6757,1.0000,0.0000,False,False,False
6758,1.0000,0.0000,False,False,False
6759,1.0000,0.0000,False,False,False
6760,1.0000,0.0000,False,False,False
6761,0.0000,1.0000,False,False,False
6762,1.0000,0.0000,False,False,False
6763,1.0000,0.0000,False,False,False
6764,0.0000,1.0000,False,False,False
6765,1.0000,0.0000,False,False,False
6766,1.0000,0.0000,False,False,False
6767,1.0000,0.0000,False,False,False
6768,1.0000,0.0000,False,False,False
6769,0.0000,1.0000,False,False,False
6770,1.0000,0.0000,False,False,False
6771,1.0000,0.0000,False,False,False
6772,1.0000,0.0000,False,False,False
6773,1.0000,0.0000,False,False,False
6774,1.0000,0.0000,False,False,False
6775,1.0000,0.0000,False,False,False
6776,1.0000,0.0000,False,False,False
6777,1.0000,0.0000,False,False,False
6778,1.0000,0.0000,False,False,False
6779,1.0000,0.0000,False,False,False
6780,1.0000,0.0000,False,False,False
6781,1.0000,0.0000,False,False,False
6782,1.0000,0.0000,False,False,False
6783,1.0000,0.0000,False,False,False
6784,0.0000,1.0000,False,False,False
6785,1.0000,0.0000,False,False,False
6786,1.0000,0.0000,False,False,False
6787,1.0000,0.0000,False,False,False
6788,1.0000,0.0000,False,False,False
6789,1.0000,0.0000,False,False,False
6790,1.0000,0.0000,False,False,False
6791,0.0000,1.0000,False,False,False
6792,1.0000,0.0000,False,False,False
6793,0.0000,1.0000,False,False,False
6794,0.0000,1.0000,False,False,False
6795,1.0000,0.0000,False,False,False
6796,1.0000,0.0000,False,False,False
6797,1.0000,0.0000,False,False,False
6798,1.0000,0.0000,False,False,False
6799,0.0000,1.0000,False,False,False
6800,1.0000,0.0000,False,False,False
6801,1.0000,0.0000,False,False,False
6802,1.0000,0.0000,False,False,False
6803,1.0000,0.0000,False,False,False
6804,1.0000,0.0000,False,False,False
6805,1.0000,0.0000,False,False,False
6806,1.0000,0.0000,False,False,False
6807,1.0000,0.0000,False,False,False
6808,1.0000,0.0000,False,False,False
6809,0.0000,1.0000,False,False,False
6810,1.0000,0.0000,False,False,False
6811,1.0000,0.0000,False,False,False
6812,1.0000,0.0000,False,False,False
6813,0.0000,1.0000,False,False,False
6814,1.0000,0.0000,False,False,False
6815,0.0000,1.0000,False,False,False
6816,1.0000,0.0000,False,False,False
6817,1.0000,0.0000,False,False,False
6818,1.0000,0.0000,False,False,False
6819,0.0000,1.0000,False,False,False
6820,1.0000,0.0000,False,False,False
6821,1.0000,0.0000,False,False,False
6822,1.0000,0.0000,False,False,False
6823,1.0000,0.0000,False,False,False
6824,1.0000,0.0000,False,False,False
6825,0.0000,1.0000,False,False,False
6826,1.0000,0.0000,False,False,False
6827,0.0000,1.0000,False,False,False
6828,1.0000,0.0000,False,False,False
6829,1.0000,0.0000,False,False,False
6830,1.0000,0.0000,False,False,False
6831,1.0000,0.0000,False,False,False
6832,1.0000,0.0000,False,False,False
6833,0.0000,1.0000,False,False,False
6834,1.0000,0.0000,False,False,False
6835,1.0000,0.0000,False,False,False
6836,1.0000,0.0000,False,False,False
6837,0.0000,1.0000,False,False,False
6838,0.0000,1.0000,False,False,False
6839,1.0000,0.0000,False,False,False
6840,1.0000,0.0000,False,False,False
6841,1.0000,0.0000,False,False,False
6842,0.0000,1.0000,False,False,False
6843,1.0000,0.0000,False,False,False
6844,0.0000,1.0000,False,False,False
6845,1.0000,0.0000,False,False,False
6846,1.0000,0.0000,False,False,False
6847,0.0000,1.0000,False,False,False
6848,1.0000,0.0000,False,False,False
6849,0.0000,1.0000,False,False,False
6850,1.0000,0.0000,False,False,False
6851,1.0000,0.0000,False,False,False
6852,0.0000,1.0000,False,False,False
6853,1.0000,0.0000,False,False,False
6854,1.0000,0.0000,False,False,False
6855,0.0000,1.0000,False,False,False
6856,1.0000,0.0000,False,False,False
6857,1.0000,0.0000,False,False,False
6858,0.0000,1.0000,False,False,False
6859,1.0000,0.0000,False,False,False
6860,1.0000,0.0000,False,False,False
6861,1.0000,0.0000,False,False,False
6862,1.0000,0.0000,False,False,False
6863,1.0000,0.0000,False,False,False
6864,0.0000,1.0000,False,False,False
6865,0.0000,1.0000,False,False,False
6866,1.0000,0.0000,False,False,False
6867,1.0000,0.0000,False,False,False
6868,1.0000,0.0000,False,False,False
6869,1.0000,0.0000,False,False,False
6870,1.0000,0.0000,False,False,False
6871,0.0000,1.0000,False,False,False
6872,1.0000,0.0000,False,False,False
6873,1.0000,0.0000,False,False,False
6874,1.0000,0.0000,False,False,False
6875,1.0000,0.0000,False,False,False
6876,1.0000,0.0000,False,False,False
6877,1.0000,0.0000,False,False,False
6878,1.0000,0.0000,False,False,False
6879,1.0000,0.0000,False,False,False
6880,1.0000,0.0000,False,False,False
6881,1.0000,0.0000,False,False,False
6882,1.0000,0.0000,False,False,False
6883,1.0000,0.0000,False,False,False
6884,1.0000,0.0000,False,False,False
6885,0.0000,1.0000,False,False,False
6886,1.0000,0.0000,False,False,False
6887,0.0000,1.0000,False,False,False
6888,1.0000,0.0000,False,False,False
6889,1.0000,0.0000,False,False,False
6890,1.0000,0.0000,False,False,False
6891,1.0000,0.0000,False,False,False
6892,0.0000,1.0000,False,False,False
6893,1.0000,0.0000,False,False,False
6894,1.0000,0.0000,False,False,False
6895,1.0000,0.0000,False,False,False
6896,1.0000,0.0000,False,False,False
6897,1.0000,0.0000,False,False,False
6898,1.0000,0.0000,False,False,False
6899,1.0000,0.0000,False,False,False
6900,1.0000,0.0000,False,False,False
6901,0.0000,1.0000,False,False,False
6902,0.0000,1.0000,False,False,False
6903,1.0000,0.0000,False,False,False
6904,1.0000,0.0000,False,False,False
6905,0.0000,1.0000,False,False,False
6906,0.0000,1.0000,False,False,False
6907,0.0000,1.0000,False,False,False
6908,1.0000,0.0000,False,False,False
6909,1.0000,0.0000,False,False,False
6910,1.0000,0.0000,False,False,False
6911,1.0000,0.0000,False,False,False
6912,0.0000,1.0000,False,False,False
6913,1.0000,0.0000,False,False,False
6914,1.0000,0.0000,False,False,False
6915,1.0000,0.0000,False,False,False
6916,0.0000,1.0000,False,False,False
6917,1.0000,0.0000,False,False,False
6918,1.0000,0.0000,False,False,False
6919,1.0000,0.0000,False,False,False
6920,1.0000,0.0000,False,False,False
6921,1.0000,0.0000,False,False,False
6922,0.0000,1.0000,False,False,False
6923,1.0000,0.0000,False,False,False
6924,0.0000,1.0000,False,False,False
6925,1.0000,0.0000,False,False,False
6926,0.0000,1.0000,False,False,False
6927,0.0000,1.0000,False,False,False
6928,1.0000,0.0000,False,False,False
6929,1.0000,0.0000,False,False,False
6930,1.0000,0.0000,False,False,False
6931,0.0000,1.0000,False,False,False
6932,0.0000,1.0000,False,False,False
6933,1.0000,0.0000,False,False,False
6934,1.0000,0.0000,False,False,False
6935,1.0000,0.0000,False,False,False
6936,1.0000,0.0000,False,False,False
6937,0.0000,1.0000,False,False,False
6938,1.0000,0.0000,False,False,False
6939,1.0000,0.0000,False,False,False
6940,1.0000,0.0000,False,False,False
6941,1.0000,0.0000,False,False,False
6942,0.0000,1.0000,False,False,False
6943,1.0000,0.0000,False,False,False
6944,1.0000,0.0000,False,False,False
6945,0.0000,1.0000,False,False,False
6946,1.0000,0.0000,False,False,False
6947,0.0000,1.0000,False,False,False
6948,1.0000,0.0000,False,False,False
6949,0.0000,1.0000,False,False,False
6950,1.0000,0.0000,False,False,False
6951,0.0000,1.0000,False,False,False
6952,1.0000,0.0000,False,False,False
6953,0.0000,1.0000,False,False,False
6954,1.0000,0.0000,False,False,False
6955,1.0000,0.0000,False,False,False
6956,1.0000,0.0000,False,False,False
6957,1.0000,0.0000,False,False,False
6958,1.0000,0.0000,False,False,False
6959,0.0000,1.0000,False,False,False
6960,0.0000,1.0000,False,False,False
6961,0.0000,1.0000,False,False,False
6962,1.0000,0.0000,False,False,False
6963,0.0000,1.0000,False,False,False
6964,1.0000,0.0000,False,False,False
6965,1.0000,0.0000,False,False,False
6966,1.0000,0.0000,False,False,False
6967,1.0000,0.0000,False,False,False
6968,1.0000,0.0000,False,False,False
6969,1.0000,0.0000,False,False,False
6970,0.0000,1.0000,False,False,False
6971,0.0000,1.0000,False,False,False
6972,1.0000,0.0000,False,False,False
6973,1.0000,0.0000,False,False,False
6974,1.0000,0.0000,False,False,False
6975,1.0000,0.0000,False,False,False
6976,1.0000,0.0000,False,False,False
6977,1.0000,0.0000,False,False,False
6978,1.0000,0.0000,False,False,False
6979,1.0000,0.0000,False,False,False
6980,1.0000,0.0000,False,False,False
6981,1.0000,0.0000,False,False,False
6982,1.0000,0.0000,False,False,False
6983,1.0000,0.0000,False,False,False
6984,1.0000,0.0000,False,False,False
6985,0.0000,1.0000,False,False,False
6986,1.0000,0.0000,False,False,False
6987,1.0000,0.0000,False,False,False
6988,0.0000,1.0000,False,False,False
6989,1.0000,0.0000,False,False,False
6990,1.0000,0.0000,False,False,False
6991,0.0000,1.0000,False,False,False
6992,1.0000,0.0000,False,False,False
6993,1.0000,0.0000,False,False,False
6994,1.0000,0.0000,False,False,False
6995,1.0000,0.0000,False,False,False
6996,0.0000,1.0000,False,False,False
6997,1.0000,0.0000,False,False,False
6998,1.0000,0.0000,False,False,False
6999,1.0000,0.0000,False,False,False
7000,0.0000,1.0000,False,False,False
7001,1.0000,0.0000,False,False,False
7002,1.0000,0.0000,False,False,False
7003,1.0000,0.0000,False,False,False
7004,1.0000,0.0000,False,False,False
7005,1.0000,0.0000,False,False,False
7006,1.0000,0.0000,False,False,False
7007,1.0000,0.0000,False,False,False
7008,0.0000,1.0000,False,False,False
7009,0.0000,1.0000,False,False,False
7010,0.0000,1.0000,False,False,False
7011,1.0000,0.0000,False,False,False
7012,1.0000,0.0000,False,False,False
7013,1.0000,0.0000,False,False,False
7014,0.0000,1.0000,False,False,False
7015,1.0000,0.0000,False,False,False
7016,0.0000,1.0000,False,False,False
7017,1.0000,0.0000,False,False,False
7018,1.0000,0.0000,False,False,False
7019,1.0000,0.0000,False,False,False
7020,1.0000,0.0000,False,False,False
7021,1.0000,0.0000,False,False,False
7022,1.0000,0.0000,False,False,False
7023,0.0000,1.0000,False,False,False
7024,1.0000,0.0000,False,False,False
7025,1.0000,0.0000,False,False,False
7026,1.0000,0.0000,False,False,False
7027,0.0000,1.0000,False,False,False
7028,1.0000,0.0000,False,False,False
7029,1.0000,0.0000,False,False,False
7030,1.0000,0.0000,False,False,False
7031,1.0000,0.0000,False,False,False
7032,1.0000,0.0000,False,False,False
7033,0.0000,1.0000,False,False,False
7034,1.0000,0.0000,False,False,False
7035,1.0000,0.0000,False,False,False
7036,1.0000,0.0000,False,False,False
7037,1.0000,0.0000,False,False,False
7038,1.0000,0.0000,False,False,False
7039,1.0000,0.0000,False,False,False
7040,0.0000,1.0000,False,False,False
7041,1.0000,0.0000,False,False,False
7042,1.0000,0.0000,False,False,False
7043,1.0000,0.0000,False,False,False
7044,1.0000,0.0000,False,False,False
7045,0.0000,1.0000,False,False,False
7046,1.0000,0.0000,False,False,False
7047,1.0000,0.0000,False,False,False
7048,0.0000,1.0000,False,False,False
7049,1.0000,0.0000,False,False,False
7050,1.0000,0.0000,False,False,False
7051,1.0000,0.0000,False,False,False
7052,0.0000,1.0000,False,False,False
7053,1.0000,0.0000,False,False,False
7054,1.0000,0.0000,False,False,False
7055,1.0000,0.0000,False,False,False
7056,1.0000,0.0000,False,False,False
7057,1.0000,0.0000,False,False,False
7058,0.0000,1.0000,False,False,False
7059,1.0000,0.0000,False,False,False
7060,1.0000,0.0000,False,False,False
7061,0.0000,1.0000,False,False,False
7062,1.0000,0.0000,False,False,False
7063,1.0000,0.0000,False,False,False
7064,1.0000,0.0000,False,False,False
7065,1.0000,0.0000,False,False,False
7066,1.0000,0.0000,False,False,False
7067,0.0000,1.0000,False,False,False
7068,0.0000,1.0000,False,False,False
7069,1.0000,0.0000,False,False,False
7070,0.0000,1.0000,False,False,False
7071,0.0000,1.0000,False,False,False
7072,1.0000,0.0000,False,False,False
7073,1.0000,0.0000,False,False,False
7074,1.0000,0.0000,False,False,False
7075,0.0000,1.0000,False,False,False
7076,0.0000,1.0000,False,False,False
7077,1.0000,0.0000,False,False,False
7078,1.0000,0.0000,False,False,False
7079,1.0000,0.0000,False,False,False
7080,1.0000,0.0000,False,False,False
7081,1.0000,0.0000,False,False,False
7082,1.0000,0.0000,False,False,False
7083,1.0000,0.0000,False,False,False
7084,1.0000,0.0000,False,False,False
7085,1.0000,0.0000,False,False,False
7086,1.0000,0.0000,False,False,False
7087,1.0000,0.0000,False,False,False
7088,1.0000,0.0000,False,False,False
7089,1.0000,0.0000,False,False,False
7090,1.0000,0.0000,False,False,False
7091,1.0000,0.0000,False,False,False
7092,1.0000,0.0000,False,False,False
7093,1.0000,0.0000,False,False,False
7094,1.0000,0.0000,False,False,False
7095,1.0000,0.0000,False,False,False
7096,1.0000,0.0000,False,False,False
7097,1.0000,0.0000,False,False,False
7098,1.0000,0.0000,False,False,False
7099,0.0000,1.0000,False,False,False
7100,1.0000,0.0000,False,False,False
7101,1.0000,0.0000,False,False,False
7102,1.0000,0.0000,False,False,False
7103,0.0000,1.0000,False,False,False
7104,1.0000,0.0000,False,False,False
7105,1.0000,0.0000,False,False,False
7106,1.0000,0.0000,False,False,False
7107,1.0000,0.0000,False,False,False
7108,0.0000,1.0000,False,False,False
7109,0.0000,1.0000,False,False,False
7110,1.0000,0.0000,False,False,False
7111,1.0000,0.0000,False,False,False
7112,1.0000,0.0000,False,False,False
7113,1.0000,0.0000,False,False,False
7114,0.0000,1.0000,False,False,False
7115,0.0000,1.0000,False,False,False
7116,1.0000,0.0000,False,False,False
7117,0.0000,1.0000,False,False,False
7118,1.0000,0.0000,False,False,False
7119,1.0000,0.0000,False,False,False
7120,1.0000,0.0000,False,False,False
7121,1.0000,0.0000,False,False,False
7122,1.0000,0.0000,False,False,False
7123,1.0000,0.0000,False,False,False
7124,1.0000,0.0000,False,False,False
7125,1.0000,0.0000,False,False,False
7126,0.0000,1.0000,False,False,False
7127,1.0000,0.0000,False,False,False
7128,1.0000,0.0000,False,False,False
7129,0.0000,1.0000,False,False,False
7130,0.0000,1.0000,False,False,False
7131,1.0000,0.0000,False,False,False
7132,1.0000,0.0000,False,False,False
7133,1.0000,0.0000,False,False,False
7134,1.0000,0.0000,False,False,False
7135,1.0000,0.0000,False,False,False
7136,0.0000,1.0000,False,False,False
7137,1.0000,0.0000,False,False,False
7138,1.0000,0.0000,False,False,False
7139,1.0000,0.0000,False,False,False
7140,1.0000,0.0000,False,False,False
7141,0.0000,1.0000,False,False,False
7142,0.0000,1.0000,False,False,False
7143,1.0000,0.0000,False,False,False
7144,1.0000,0.0000,False,False,False
7145,1.0000,0.0000,False,False,False
7146,1.0000,0.0000,False,False,False
7147,0.0000,1.0000,False,False,False
7148,1.0000,0.0000,False,False,False
7149,0.0000,1.0000,False,False,False
7150,1.0000,0.0000,False,False,False
7151,1.0000,0.0000,False,False,False
7152,1.0000,0.0000,False,False,False
7153,1.0000,0.0000,False,False,False
7154,1.0000,0.0000,False,False,False
7155,1.0000,0.0000,False,False,False
7156,0.0000,1.0000,False,False,False
7157,1.0000,0.0000,False,False,False
7158,1.0000,0.0000,False,False,False
7159,1.0000,0.0000,False,False,False
7160,1.0000,0.0000,False,False,False
7161,1.0000,0.0000,False,False,False
7162,1.0000,0.0000,False,False,False
7163,1.0000,0.0000,False,False,False
7164,1.0000,0.0000,False,False,False
7165,1.0000,0.0000,False,False,False
7166,1.0000,0.0000,False,False,False
7167,0.0000,1.0000,False,False,False
7168,1.0000,0.0000,False,False,False
7169,1.0000,0.0000,False,False,False
7170,1.0000,0.0000,False,False,False
7171,1.0000,0.0000,False,False,False
7172,0.0000,1.0000,False,False,False
7173,1.0000,0.0000,False,False,False
7174,1.0000,0.0000,False,False,False
7175,1.0000,0.0000,False,False,False
7176,1.0000,0.0000,False,False,False
7177,0.0000,1.0000,False,False,False
7178,0.0000,1.0000,False,False,False
7179,1.0000,0.0000,False,False,False
7180,1.0000,0.0000,False,False,False
7181,1.0000,0.0000,False,False,False
7182,1.0000,0.0000,False,False,False
7183,1.0000,0.0000,False,False,False
7184,1.0000,0.0000,False,False,False
7185,1.0000,0.0000,False,False,False
7186,1.0000,0.0000,False,False,False
7187,0.0000,1.0000,False,False,False
7188,1.0000,0.0000,False,False,False
7189,1.0000,0.0000,False,False,False
7190,1.0000,0.0000,False,False,False
7191,1.0000,0.0000,False,False,False
7192,1.0000,0.0000,False,False,False
7193,1.0000,0.0000,False,False,False
7194,0.0000,1.0000,False,False,False
7195,0.0000,1.0000,False,False,False
7196,1.0000,0.0000,False,False,False
7197,1.0000,0.0000,False,False,False
7198,1.0000,0.0000,False,False,False
7199,1.0000,0.0000,False,False,False
7200,0.0000,1.0000,False,False,False
7201,1.0000,0.0000,False,False,False
7202,0.0000,1.0000,False,False,False
7203,0.0000,1.0000,False,False,False
7204,0.0000,1.0000,False,False,False
7205,0.0000,1.0000,False,False,False
7206,1.0000,0.0000,False,False,False
7207,1.0000,0.0000,False,False,False
7208,1.0000,0.0000,False,False,False
7209,1.0000,0.0000,False,False,False
7210,1.0000,0.0000,False,False,False
7211,1.0000,0.0000,False,False,False
7212,0.0000,1.0000,False,False,False
7213,1.0000,0.0000,False,False,False
7214,1.0000,0.0000,False,False,False
7215,1.0000,0.0000,False,False,False
7216,1.0000,0.0000,False,False,False
7217,0.0000,1.0000,False,False,False
7218,1.0000,0.0000,False,False,False
7219,0.0000,1.0000,False,False,False
7220,1.0000,0.0000,False,False,False
7221,1.0000,0.0000,False,False,False
7222,1.0000,0.0000,False,False,False
7223,0.0000,1.0000,False,False,False
7224,0.0000,1.0000,False,False,False
7225,1.0000,0.0000,False,False,False
7226,1.0000,0.0000,False,False,False
7227,0.0000,1.0000,False,False,False
7228,0.0000,1.0000,False,False,False
7229,1.0000,0.0000,False,False,False
7230,0.0000,1.0000,False,False,False
7231,1.0000,0.0000,False,False,False
7232,1.0000,0.0000,False,False,False
7233,1.0000,0.0000,False,False,False
7234,1.0000,0.0000,False,False,False
7235,1.0000,0.0000,False,False,False
7236,1.0000,0.0000,False,False,False
7237,0.0000,1.0000,False,False,False
7238,0.0000,1.0000,False,False,False
7239,0.0000,1.0000,False,False,False
7240,1.0000,0.0000,False,False,False
7241,1.0000,0.0000,False,False,False
7242,1.0000,0.0000,False,False,False
7243,1.0000,0.0000,False,False,False
7244,1.0000,0.0000,False,False,False
7245,0.0000,1.0000,False,False,False
7246,1.0000,0.0000,False,False,False
7247,1.0000,0.0000,False,False,False
7248,0.0000,1.0000,False,False,False
7249,0.0000,1.0000,False,False,False
7250,1.0000,0.0000,False,False,False
7251,1.0000,0.0000,False,False,False
7252,1.0000,0.0000,False,False,False
7253,1.0000,0.0000,False,False,False
7254,1.0000,0.0000,False,False,False
7255,1.0000,0.0000,False,False,False
7256,1.0000,0.0000,False,False,False
7257,1.0000,0.0000,False,False,False
7258,1.0000,0.0000,False,False,False
7259,1.0000,0.0000,False,False,False
7260,1.0000,0.0000,False,False,False
7261,1.0000,0.0000,False,False,False
7262,0.0000,1.0000,False,False,False
7263,1.0000,0.0000,False,False,False
7264,1.0000,0.0000,False,False,False
7265,1.0000,0.0000,False,False,False
7266,1.0000,0.0000,False,False,False
7267,1.0000,0.0000,False,False,False
7268,1.0000,0.0000,False,False,False
7269,0.0000,1.0000,False,False,False
7270,1.0000,0.0000,False,False,False
7271,0.0000,1.0000,False,False,False
7272,1.0000,0.0000,False,False,False
7273,1.0000,0.0000,False,False,False
7274,1.0000,0.0000,False,False,False
7275,1.0000,0.0000,False,False,False
7276,1.0000,0.0000,False,False,False
7277,0.0000,1.0000,False,False,False
7278,0.0000,1.0000,False,False,False
7279,1.0000,0.0000,False,False,False
7280,1.0000,0.0000,False,False,False
7281,0.0000,1.0000,False,False,False
7282,1.0000,0.0000,False,False,False
7283,1.0000,0.0000,False,False,False
7284,1.0000,0.0000,False,False,False
7285,1.0000,0.0000,False,False,False
7286,1.0000,0.0000,False,False,False
7287,1.0000,0.0000,False,False,False
7288,0.0000,1.0000,False,False,False
7289,1.0000,0.0000,False,False,False
7290,0.0000,1.0000,False,False,False
7291,0.0000,1.0000,False,False,False
7292,1.0000,0.0000,False,False,False
7293,1.0000,0.0000,False,False,False
7294,1.0000,0.0000,False,False,False
7295,1.0000,0.0000,False,False,False
7296,1.0000,0.0000,False,False,False
7297,1.0000,0.0000,False,False,False
7298,1.0000,0.0000,False,False,False
7299,1.0000,0.0000,False,False,False
7300,1.0000,0.0000,False,False,False
7301,1.0000,0.0000,False,False,False
7302,1.0000,0.0000,False,False,False
7303,1.0000,0.0000,False,False,False
7304,1.0000,0.0000,False,False,False
7305,1.0000,0.0000,False,False,False
7306,0.0000,1.0000,False,False,False
7307,1.0000,0.0000,False,False,False
7308,1.0000,0.0000,False,False,False
7309,0.0000,1.0000,False,False,False
7310,1.0000,0.0000,False,False,False
7311,1.0000,0.0000,False,False,False
7312,0.0000,1.0000,False,False,False
7313,1.0000,0.0000,False,False,False
7314,1.0000,0.0000,False,False,False
7315,0.0000,1.0000,False,False,False
7316,1.0000,0.0000,False,False,False
7317,1.0000,0.0000,False,False,False
7318,1.0000,0.0000,False,False,False
7319,0.0000,1.0000,False,False,False
7320,1.0000,0.0000,False,False,False
7321,1.0000,0.0000,False,False,False
7322,1.0000,0.0000,False,False,False
7323,1.0000,0.0000,False,False,False
7324,1.0000,0.0000,False,False,False
7325,1.0000,0.0000,False,False,False
7326,1.0000,0.0000,False,False,False
7327,0.0000,1.0000,False,False,False
7328,1.0000,0.0000,False,False,False
7329,1.0000,0.0000,False,False,False
7330,1.0000,0.0000,False,False,False
7331,1.0000,0.0000,False,False,False
7332,1.0000,0.0000,False,False,False
7333,0.0000,1.0000,False,False,False
7334,0.0000,1.0000,False,False,False
7335,1.0000,0.0000,False,False,False
7336,1.0000,0.0000,False,False,False
7337,0.0000,1.0000,False,False,False
7338,1.0000,0.0000,False,False,False
7339,0.0000,1.0000,False,False,False
7340,1.0000,0.0000,False,False,False
7341,1.0000,0.0000,False,False,False
7342,0.0000,1.0000,False,False,False
7343,0.0000,1.0000,False,False,False
7344,1.0000,0.0000,False,False,False
7345,0.0000,1.0000,False,False,False
7346,1.0000,0.0000,False,False,False
7347,1.0000,0.0000,False,False,False
7348,1.0000,0.0000,False,False,False
7349,0.0000,1.0000,False,False,False
7350,1.0000,0.0000,False,False,False
7351,1.0000,0.0000,False,False,False
7352,1.0000,0.0000,False,False,False
7353,0.0000,1.0000,False,False,False
7354,1.0000,0.0000,False,False,False
7355,1.0000,0.0000,False,False,False
7356,0.0000,1.0000,False,False,False
7357,1.0000,0.0000,False,False,False
7358,0.0000,1.0000,False,False,False
7359,1.0000,0.0000,False,False,False
7360,1.0000,0.0000,False,False,False
7361,1.0000,0.0000,False,False,False
7362,1.0000,0.0000,False,False,False
7363,1.0000,0.0000,False,False,False
7364,1.0000,0.0000,False,False,False
7365,1.0000,0.0000,False,False,False
7366,1.0000,0.0000,False,False,False
7367,1.0000,0.0000,False,False,False
7368,1.0000,0.0000,False,False,False
7369,0.0000,1.0000,False,False,False
7370,0.0000,1.0000,False,False,False
7371,0.0000,1.0000,False,False,False
7372,1.0000,0.0000,False,False,False
7373,1.0000,0.0000,False,False,False
7374,1.0000,0.0000,False,False,False
7375,1.0000,0.0000,False,False,False
7376,0.0000,1.0000,False,False,False
7377,1.0000,0.0000,False,False,False
7378,1.0000,0.0000,False,False,False
7379,0.0000,1.0000,False,False,False
7380,1.0000,0.0000,False,False,False
7381,1.0000,0.0000,False,False,False
7382,0.0000,1.0000,False,False,False
7383,1.0000,0.0000,False,False,False
7384,1.0000,0.0000,False,False,False
7385,1.0000,0.0000,False,False,False
7386,1.0000,0.0000,False,False,False
7387,1.0000,0.0000,False,False,False
7388,0.0000,1.0000,False,False,False
7389,1.0000,0.0000,False,False,False
7390,1.0000,0.0000,False,False,False
7391,0.0000,1.0000,False,False,False
7392,1.0000,0.0000,False,False,False
7393,1.0000,0.0000,False,False,False
7394,1.0000,0.0000,False,False,False
7395,1.0000,0.0000,False,False,False
7396,1.0000,0.0000,False,False,False
7397,1.0000,0.0000,False,False,False
7398,0.0000,1.0000,False,False,False
7399,1.0000,0.0000,False,False,False
7400,1.0000,0.0000,False,False,False
7401,1.0000,0.0000,False,False,False
7402,0.0000,1.0000,False,False,False
7403,0.0000,1.0000,False,False,False
7404,1.0000,0.0000,False,False,False
7405,1.0000,0.0000,False,False,False
7406,1.0000,0.0000,False,False,False
7407,1.0000,0.0000,False,False,False
7408,1.0000,0.0000,False,False,False
7409,1.0000,0.0000,False,False,False
7410,1.0000,0.0000,False,False,False
7411,1.0000,0.0000,False,False,False
7412,1.0000,0.0000,False,False,False
7413,1.0000,0.0000,False,False,False
7414,1.0000,0.0000,False,False,False
7415,1.0000,0.0000,False,False,False
7416,1.0000,0.0000,False,False,False
7417,1.0000,0.0000,False,False,False
7418,1.0000,0.0000,False,False,False
7419,1.0000,0.0000,False,False,False
7420,1.0000,0.0000,False,False,False
7421,1.0000,0.0000,False,False,False
7422,1.0000,0.0000,False,False,False
7423,1.0000,0.0000,False,False,False
7424,1.0000,0.0000,False,False,False
7425,0.0000,1.0000,False,False,False
7426,1.0000,0.0000,False,False,False
7427,1.0000,0.0000,False,False,False
7428,0.0000,1.0000,False,False,False
7429,1.0000,0.0000,False,False,False
7430,1.0000,0.0000,False,False,False
7431,1.0000,0.0000,False,False,False
7432,1.0000,0.0000,False,False,False
7433,1.0000,0.0000,False,False,False
7434,0.0000,1.0000,False,False,False
7435,1.0000,0.0000,False,False,False
7436,1.0000,0.0000,False,False,False
7437,1.0000,0.0000,False,False,False
7438,0.0000,1.0000,False,False,False
7439,1.0000,0.0000,False,False,False
7440,1.0000,0.0000,False,False,False
7441,0.0000,1.0000,False,False,False
7442,1.0000,0.0000,False,False,False
7443,1.0000,0.0000,False,False,False
7444,0.0000,1.0000,False,False,False
7445,1.0000,0.0000,False,False,False
7446,0.0000,1.0000,False,False,False
7447,1.0000,0.0000,False,False,False
7448,1.0000,0.0000,False,False,False
7449,0.0000,1.0000,False,False,False
7450,1.0000,0.0000,False,False,False
7451,1.0000,0.0000,False,False,False
7452,1.0000,0.0000,False,False,False
7453,1.0000,0.0000,False,False,False
7454,1.0000,0.0000,False,False,False
7455,1.0000,0.0000,False,False,False
7456,1.0000,0.0000,False,False,False
7457,1.0000,0.0000,False,False,False
7458,1.0000,0.0000,False,False,False
7459,1.0000,0.0000,False,False,False
7460,1.0000,0.0000,False,False,False
7461,1.0000,0.0000,False,False,False
7462,1.0000,0.0000,False,False,False
7463,0.0000,1.0000,False,False,False
7464,1.0000,0.0000,False,False,False
7465,1.0000,0.0000,False,False,False
7466,0.0000,1.0000,False,False,False
7467,1.0000,0.0000,False,False,False
7468,0.0000,1.0000,False,False,False
7469,1.0000,0.0000,False,False,False
7470,1.0000,0.0000,False,False,False
7471,1.0000,0.0000,False,False,False
7472,1.0000,0.0000,False,False,False
7473,1.0000,0.0000,False,False,False
7474,1.0000,0.0000,False,False,False
7475,1.0000,0.0000,False,False,False
7476,1.0000,0.0000,False,False,False
7477,1.0000,0.0000,False,False,False
7478,0.0000,1.0000,False,False,False
7479,1.0000,0.0000,False,False,False
7480,1.0000,0.0000,False,False,False
7481,1.0000,0.0000,False,False,False
7482,1.0000,0.0000,False,False,False
7483,1.0000,0.0000,False,False,False
7484,1.0000,0.0000,False,False,False
7485,1.0000,0.0000,False,False,False
7486,1.0000,0.0000,False,False,False
7487,1.0000,0.0000,False,False,False
7488,1.0000,0.0000,False,False,False
7489,1.0000,0.0000,False,False,False
7490,1.0000,0.0000,False,False,False
7491,1.0000,0.0000,False,False,False
7492,1.0000,0.0000,False,False,False
7493,1.0000,0.0000,False,False,False
7494,1.0000,0.0000,False,False,False
7495,1.0000,0.0000,False,False,False
7496,1.0000,0.0000,False,False,False
7497,1.0000,0.0000,False,False,False
7498,0.0000,1.0000,False,False,False
7499,0.0000,1.0000,False,False,False
7500,1.0000,0.0000,True,True,False
7501,1.0000,0.0000,True,True,False
7502,1.0000,0.0000,True,True,False
7503,1.0000,0.0000,True,True,False
7504,1.0000,0.0000,True,True,False
7505,0.0000,1.0000,True,True,False
7506,1.0000,0.0000,True,True,False
7507,1.0000,0.0000,True,True,False
7508,1.0000,0.0000,True,True,False
7509,0.0000,1.0000,True,True,False
7510,1.0000,0.0000,True,False,True
7511,1.0000,0.0000,False,False,False
7512,1.0000,0.0000,False,False,False
7513,0.0000,1.0000,False,False,False
7514,1.0000,0.0000,False,False,False
7515,1.0000,0.0000,False,False,False
7516,1.0000,0.0000,False,False,False
7517,1.0000,0.0000,False,False,False
7518,1.0000,0.0000,False,False,False
7519,1.0000,0.0000,False,False,False
7520,0.0000,1.0000,False,False,False
7521,1.0000,0.0000,False,False,False
7522,1.0000,0.0000,False,False,False
7523,1.0000,0.0000,False,False,False
7524,1.0000,0.0000,False,False,False
7525,1.0000,0.0000,False,False,False
7526,1.0000,0.0000,False,False,False
7527,1.0000,0.0000,False,False,False
7528,1.0000,0.0000,False,False,False
7529,0.0000,1.0000,False,False,False
7530,1.0000,0.0000,False,False,False
7531,1.0000,0.0000,False,False,False
7532,1.0000,0.0000,False,False,False
7533,1.0000,0.0000,False,False,False
7534,1.0000,0.0000,False,False,False
7535,1.0000,0.0000,False,False,False
7536,0.0000,1.0000,False,False,False
7537,1.0000,0.0000,False,False,False
7538,1.0000,0.0000,False,False,False
7539,1.0000,0.0000,False,False,False
7540,1.0000,0.0000,False,False,False
7541,1.0000,0.0000,False,False,False
7542,1.0000,0.0000,False,False,False
7543,0.0000,1.0000,False,False,False
7544,1.0000,0.0000,False,False,False
7545,1.0000,0.0000,False,False,False
7546,1.0000,0.0000,False,False,False
7547,0.0000,1.0000,False,False,False
7548,1.0000,0.0000,False,False,False
7549,1.0000,0.0000,False,False,False
7550,0.0000,1.0000,False,False,False
7551,0.0000,1.0000,False,False,False
7552,1.0000,0.0000,False,False,False
7553,0.0000,1.0000,False,False,False
7554,0.0000,1.0000,False,False,False
7555,1.0000,0.0000,False,False,False
7556,1.0000,0.0000,False,False,False
7557,1.0000,0.0000,False,False,False
7558,0.0000,1.0000,False,False,False
7559,0.0000,1.0000,False,False,False
7560,1.0000,0.0000,False,False,False
7561,1.0000,0.0000,False,False,False
7562,1.0000,0.0000,False,False,False
7563,1.0000,0.0000,False,False,False
7564,1.0000,0.0000,False,False,False
7565,0.0000,1.0000,False,False,False
7566,1.0000,0.0000,False,False,False
7567,1.0000,0.0000,False,False,False
7568,1.0000,0.0000,False,False,False
7569,1.0000,0.0000,False,False,False
7570,1.0000,0.0000,False,False,False
7571,0.0000,1.0000,False,False,False
7572,1.0000,0.0000,False,False,False
7573,1.0000,0.0000,False,False,False
7574,1.0000,0.0000,False,False,False
7575,1.0000,0.0000,False,False,False
7576,1.0000,0.0000,False,False,False
7577,1.0000,0.0000,False,False,False
7578,1.0000,0.0000,False,False,False
7579,0.0000,1.0000,False,False,False
7580,1.0000,0.0000,False,False,False
7581,1.0000,0.0000,False,False,False
7582,1.0000,0.0000,False,False,False
7583,1.0000,0.0000,False,False,False
7584,0.0000,1.0000,False,False,False
7585,1.0000,0.0000,False,False,False
7586,1.0000,0.0000,False,False,False
7587,0.0000,1.0000,False,False,False
7588,1.0000,0.0000,False,False,False
7589,1.0000,0.0000,False,False,False
7590,1.0000,0.0000,False,False,False
7591,1.0000,0.0000,False,False,False
7592,1.0000,0.0000,False,False,False
7593,1.0000,0.0000,False,False,False
7594,1.0000,0.0000,False,False,False
7595,0.0000,1.0000,False,False,False
7596,1.0000,0.0000,False,False,False
7597,1.0000,0.0000,False,False,False
7598,1.0000,0.0000,False,False,False
7599,1.0000,0.0000,False,False,False
7600,0.0000,1.0000,False,False,False
7601,1.0000,0.0000,False,False,False
7602,1.0000,0.0000,False,False,False
7603,0.0000,1.0000,False,False,False
7604,0.0000,1.0000,False,False,False
7605,1.0000,0.0000,False,False,False
7606,1.0000,0.0000,False,False,False
7607,1.0000,0.0000,False,False,False
7608,1.0000,0.0000,False,False,False
7609,1.0000,0.0000,False,False,False
7610,1.0000,0.0000,False,False,False
7611,0.0000,1.0000,False,False,False
7612,1.0000,0.0000,False,False,False
7613,0.0000,1.0000,False,False,False
7614,1.0000,0.0000,False,False,False
7615,0.0000,1.0000,False,False,False
7616,0.0000,1.0000,False,False,False
7617,1.0000,0.0000,False,False,False
7618,1.0000,0.0000,False,False,False
7619,0.0000,1.0000,False,False,False
7620,1.0000,0.0000,False,False,False
7621,0.0000,1.0000,False,False,False
7622,1.0000,0.0000,False,False,False
7623,0.0000,1.0000,False,False,False
7624,1.0000,0.0000,False,False,False
7625,1.0000,0.0000,False,False,False
7626,1.0000,0.0000,False,False,False
7627,1.0000,0.0000,False,False,False
7628,1.0000,0.0000,False,False,False
7629,1.0000,0.0000,False,False,False
7630,1.0000,0.0000,False,False,False
7631,1.0000,0.0000,False,False,False
7632,1.0000,0.0000,False,False,False
7633,1.0000,0.0000,False,False,False
7634,1.0000,0.0000,False,False,False
7635,0.0000,1.0000,False,False,False
7636,1.0000,0.0000,False,False,False
7637,1.0000,0.0000,False,False,False
7638,1.0000,0.0000,False,False,False
7639,0.0000,1.0000,False,False,False
7640,1.0000,0.0000,False,False,False
7641,0.0000,1.0000,False,False,False
7642,1.0000,0.0000,False,False,False
7643,1.0000,0.0000,False,False,False
7644,1.0000,0.0000,False,False,False
7645,0.0000,1.0000,False,False,False
7646,1.0000,0.0000,False,False,False
7647,0.0000,1.0000,False,False,False
7648,0.0000,1.0000,False,False,False
7649,1.0000,0.0000,False,False,False
7650,0.0000,1.0000,False,False,False
7651,1.0000,0.0000,False,False,False
7652,1.0000,0.0000,False,False,False
7653,1.0000,0.0000,False,False,False
7654,1.0000,0.0000,False,False,False
7655,1.0000,0.0000,False,False,False
7656,1.0000,0.0000,False,False,False
7657,1.0000,0.0000,False,False,False
7658,1.0000,0.0000,False,False,False
7659,1.0000,0.0000,False,False,False
7660,1.0000,0.0000,False,False,False
7661,1.0000,0.0000,False,False,False
7662,1.0000,0.0000,False,False,False
7663,1.0000,0.0000,False,False,False
7664,1.0000,0.0000,False,False,False
7665,1.0000,0.0000,False,False,False
7666,1.0000,0.0000,False,False,False
7667,0.0000,1.0000,False,False,False
7668,1.0000,0.0000,False,False,False
7669,1.0000,0.0000,False,False,False
7670,1.0000,0.0000,False,False,False
7671,0.0000,1.0000,False,False,False
7672,1.0000,0.0000,False,False,False
7673,1.0000,0.0000,False,False,False
7674,1.0000,0.0000,False,False,False
7675,1.0000,0.0000,False,False,False
7676,1.0000,0.0000,False,False,False
7677,1.0000,0.0000,False,False,False
7678,1.0000,0.0000,False,False,False
7679,1.0000,0.0000,False,False,False
7680,1.0000,0.0000,False,False,False
7681,1.0000,0.0000,False,False,False
7682,1.0000,0.0000,False,False,False
7683,1.0000,0.0000,False,False,False
7684,1.0000,0.0000,False,False,False
7685,1.0000,0.0000,False,False,False
7686,1.0000,0.0000,False,False,False
7687,0.0000,1.0000,False,False,False
7688,1.0000,0.0000,False,False,False
7689,1.0000,0.0000,False,False,False
7690,0.0000,1.0000,False,False,False
7691,1.0000,0.0000,False,False,False
7692,1.0000,0.0000,False,False,False
7693,0.0000,1.0000,False,False,False
7694,1.0000,0.0000,False,False,False
7695,0.0000,1.0000,False,False,False
7696,1.0000,0.0000,False,False,False
7697,1.0000,0.0000,False,False,False
7698,1.0000,0.0000,False,False,False
7699,1.0000,0.0000,False,False,False
7700,1.0000,0.0000,False,False,False
7701,1.0000,0.0000,False,False,False
7702,1.0000,0.0000,False,False,False
7703,1.0000,0.0000,False,False,False
7704,0.0000,1.0000,False,False,False
7705,1.0000,0.0000,False,False,False
7706,1.0000,0.0000,False,False,False
7707,1.0000,0.0000,False,False,False
7708,0.0000,1.0000,False,False,False
7709,1.0000,0.0000,False,False,False
7710,0.0000,1.0000,False,False,False
7711,1.0000,0.0000,False,False,False
7712,1.0000,0.0000,False,False,False
7713,1.0000,0.0000,False,False,False
7714,0.0000,1.0000,False,False,False
7715,1.0000,0.0000,False,False,False
7716,1.0000,0.0000,False,False,False
7717,0.0000,1.0000,False,False,False
7718,1.0000,0.0000,False,False,False
7719,1.0000,0.0000,False,False,False
7720,1.0000,0.0000,False,False,False
7721,1.0000,0.0000,False,False,False
7722,1.0000,0.0000,False,False,False
7723,1.0000,0.0000,False,False,False
7724,1.0000,0.0000,False,False,False
7725,1.0000,0.0000,False,False,False
7726,1.0000,0.0000,False,False,False
7727,1.0000,0.0000,False,False,False
7728,0.0000,1.0000,False,False,False
7729,0.0000,1.0000,False,False,False
7730,1.0000,0.0000,False,False,False
7731,1.0000,0.0000,False,False,False
7732,1.0000,0.0000,False,False,False
7733,0.0000,1.0000,False,False,False
7734,1.0000,0.0000,False,False,False
7735,1.0000,0.0000,False,False,False
7736,0.0000,1.0000,False,False,False
7737,1.0000,0.0000,False,False,False
7738,1.0000,0.0000,False,False,False
7739,1.0000,0.0000,False,False,False
7740,1.0000,0.0000,False,False,False
7741,1.0000,0.0000,False,False,False
7742,1.0000,0.0000,False,False,False
7743,1.0000,0.0000,False,False,False
7744,0.0000,1.0000,False,False,False
7745,1.0000,0.0000,False,False,False
7746,1.0000,0.0000,False,False,False
7747,1.0000,0.0000,False,False,False
7748,1.0000,0.0000,False,False,False
7749,1.0000,0.0000,False,False,False
7750,0.0000,1.0000,False,False,False
7751,1.0000,0.0000,False,False,False
7752,1.0000,0.0000,False,False,False
7753,1.0000,0.0000,False,False,False
7754,1.0000,0.0000,False,False,False
7755,0.0000,1.0000,False,False,False
7756,1.0000,0.0000,False,False,False
7757,0.0000,1.0000,False,False,False
7758,1.0000,0.0000,False,False,False
7759,1.0000,0.0000,False,False,False
7760,1.0000,0.0000,False,False,False
7761,1.0000,0.0000,False,False,False
7762,1.0000,0.0000,False,False,False
7763,0.0000,1.0000,False,False,False
7764,0.0000,1.0000,False,False,False
7765,1.0000,0.0000,False,False,False
7766,1.0000,0.0000,False,False,False
7767,1.0000,0.0000,False,False,False
7768,1.0000,0.0000,False,False,False
7769,1.0000,0.0000,False,False,False
7770,0.0000,1.0000,False,False,False
7771,1.0000,0.0000,False,False,False
7772,1.0000,0.0000,False,False,False
7773,1.0000,0.0000,False,False,False
7774,1.0000,0.0000,False,False,False
7775,1.0000,0.0000,False,False,False
7776,1.0000,0.0000,False,False,False
7777,1.0000,0.0000,False,False,False
7778,1.0000,0.0000,False,False,False
7779,1.0000,0.0000,False,False,False
7780,1.0000,0.0000,False,False,False
7781,0.0000,1.0000,False,False,False
7782,0.0000,1.0000,False,False,False
7783,1.0000,0.0000,False,False,False
7784,0.0000,1.0000,False,False,False
7785,1.0000,0.0000,False,False,False
7786,1.0000,0.0000,False,False,False
7787,1.0000,0.0000,False,False,False
7788,1.0000,0.0000,False,False,False
7789,1.0000,0.0000,False,False,False
7790,1.0000,0.0000,False,False,False
7791,1.0000,0.0000,False,False,False
7792,1.0000,0.0000,False,False,False
7793,0.0000,1.0000,False,False,False
7794,1.0000,0.0000,False,False,False
7795,0.0000,1.0000,False,False,False
7796,1.0000,0.0000,False,False,False
7797,0.0000,1.0000,False,False,False
7798,1.0000,0.0000,False,False,False
7799,1.0000,0.0000,False,False,False
7800,1.0000,0.0000,False,False,False
7801,1.0000,0.0000,False,False,False
7802,1.0000,0.0000,False,False,False
7803,1.0000,0.0000,False,False,False
7804,1.0000,0.0000,False,False,False
7805,0.0000,1.0000,False,False,False
7806,1.0000,0.0000,False,False,False
7807,1.0000,0.0000,False,False,False
7808,0.0000,1.0000,False,False,False
7809,1.0000,0.0000,False,False,False
7810,1.0000,0.0000,False,False,False
7811,0.0000,1.0000,False,False,False
7812,1.0000,0.0000,False,False,False
7813,0.0000,1.0000,False,False,False
7814,1.0000,0.0000,False,False,False
7815,1.0000,0.0000,False,False,False
7816,1.0000,0.0000,False,False,False
7817,1.0000,0.0000,False,False,False
7818,1.0000,0.0000,False,False,False
7819,1.0000,0.0000,False,False,False
7820,1.0000,0.0000,False,False,False
7821,0.0000,1.0000,False,False,False
7822,0.0000,1.0000,False,False,False
7823,1.0000,0.0000,False,False,False
7824,1.0000,0.0000,False,False,False
7825,1.0000,0.0000,False,False,False
7826,1.0000,0.0000,False,False,False
7827,1.0000,0.0000,False,False,False
7828,0.0000,1.0000,False,False,False
7829,1.0000,0.0000,False,False,False
7830,1.0000,0.0000,False,False,False
7831,1.0000,0.0000,False,False,False
7832,1.0000,0.0000,False,False,False
7833,1.0000,0.0000,False,False,False
7834,0.0000,1.0000,False,False,False
7835,1.0000,0.0000,False,False,False
7836,1.0000,0.0000,False,False,False
7837,0.0000,1.0000,False,False,False
7838,1.0000,0.0000,False,False,False
7839,1.0000,0.0000,False,False,False
7840,1.0000,0.0000,False,False,False
7841,1.0000,0.0000,False,False,False
7842,0.0000,1.0000,False,False,False
7843,1.0000,0.0000,False,False,False
7844,0.0000,1.0000,False,False,False
7845,1.0000,0.0000,False,False,False
7846,1.0000,0.0000,False,False,False
7847,1.0000,0.0000,False,False,False
7848,1.0000,0.0000,False,False,False
7849,1.0000,0.0000,False,False,False
7850,1.0000,0.0000,False,False,False
7851,1.0000,0.0000,False,False,False
7852,0.0000,1.0000,False,False,False
7853,0.0000,1.0000,False,False,False
7854,1.0000,0.0000,False,False,False
7855,1.0000,0.0000,False,False,False
7856,1.0000,0.0000,False,False,False
7857,1.0000,0.0000,False,False,False
7858,0.0000,1.0000,False,False,False
7859,1.0000,0.0000,False,False,False
7860,1.0000,0.0000,False,False,False
7861,0.0000,1.0000,False,False,False
7862,0.0000,1.0000,False,False,False
7863,1.0000,0.0000,False,False,False
7864,1.0000,0.0000,False,False,False
7865,1.0000,0.0000,False,False,False
7866,1.0000,0.0000,False,False,False
7867,1.0000,0.0000,False,False,False
7868,1.0000,0.0000,False,False,False
7869,1.0000,0.0000,False,False,False
7870,0.0000,1.0000,False,False,False
7871,1.0000,0.0000,False,False,False
7872,1.0000,0.0000,False,False,False
7873,0.0000,1.0000,False,False,False
7874,1.0000,0.0000,False,False,False
7875,1.0000,0.0000,False,False,False
7876,1.0000,0.0000,False,False,False
7877,1.0000,0.0000,False,False,False
7878,1.0000,0.0000,False,False,False
7879,0.0000,1.0000,False,False,False
7880,0.0000,1.0000,False,False,False
7881,1.0000,0.0000,False,False,False
7882,0.0000,1.0000,False,False,False
7883,1.0000,0.0000,False,False,False
7884,1.0000,0.0000,False,False,False
7885,1.0000,0.0000,False,False,False
7886,1.0000,0.0000,False,False,False
7887,1.0000,0.0000,False,False,False
7888,0.0000,1.0000,False,False,False
7889,0.0000,1.0000,False,False,False
7890,0.0000,1.0000,False,False,False
7891,0.0000,1.0000,False,False,False
7892,0.0000,1.0000,False,False,False
7893,1.0000,0.0000,False,False,False
7894,1.0000,0.0000,False,False,False
7895,1.0000,0.0000,False,False,False
7896,1.0000,0.0000,False,False,False
7897,1.0000,0.0000,False,False,False
7898,1.0000,0.0000,False,False,False
7899,1.0000,0.0000,False,False,False
7900,0.0000,1.0000,False,False,False
7901,1.0000,0.0000,False,False,False
7902,0.0000,1.0000,False,False,False
7903,1.0000,0.0000,False,False,False
7904,1.0000,0.0000,False,False,False
7905,0.0000,1.0000,False,False,False
7906,1.0000,0.0000,False,False,False
7907,0.0000,1.0000,False,False,False
7908,1.0000,0.0000,False,False,False
7909,1.0000,0.0000,False,False,False
7910,1.0000,0.0000,False,False,False
7911,1.0000,0.0000,False,False,False
7912,1.0000,0.0000,False,False,False
7913,1.0000,0.0000,False,False,False
7914,0.0000,1.0000,False,False,False
7915,1.0000,0.0000,False,False,False
7916,1.0000,0.0000,False,False,False
7917,1.0000,0.0000,False,False,False
7918,1.0000,0.0000,False,False,False
7919,1.0000,0.0000,False,False,False
7920,1.0000,0.0000,False,False,False
7921,1.0000,0.0000,False,False,False
7922,0.0000,1.0000,False,False,False
7923,1.0000,0.0000,False,False,False
7924,1.0000,0.0000,False,False,False
7925,1.0000,0.0000,False,False,False
7926,1.0000,0.0000,False,False,False
7927,1.0000,0.0000,False,False,False
7928,1.0000,0.0000,False,False,False
7929,1.0000,0.0000,False,False,False
7930,0.0000,1.0000,False,False,False
7931,1.0000,0.0000,False,False,False
7932,1.0000,0.0000,False,False,False
7933,1.0000,0.0000,False,False,False
7934,1.0000,0.0000,False,False,False
7935,1.0000,0.0000,False,False,False
7936,1.0000,0.0000,False,False,False
7937,0.0000,1.0000,False,False,False
7938,1.0000,0.0000,False,False,False
7939,1.0000,0.0000,False,False,False
7940,1.0000,0.0000,False,False,False
7941,1.0000,0.0000,False,False,False
7942,1.0000,0.0000,False,False,False
7943,1.0000,0.0000,False,False,False
7944,1.0000,0.0000,False,False,False
7945,1.0000,0.0000,False,False,False
7946,1.0000,0.0000,False,False,False
7947,1.0000,0.0000,False,False,False
7948,1.0000,0.0000,False,False,False
7949,1.0000,0.0000,False,False,False
7950,0.0000,1.0000,False,False,False
7951,1.0000,0.0000,False,False,False
7952,1.0000,0.0000,False,False,False
7953,0.0000,1.0000,False,False,False
7954,1.0000,0.0000,False,False,False
7955,1.0000,0.0000,False,False,False
7956,1.0000,0.0000,False,False,False
7957,1.0000,0.0000,False,False,False
7958,1.0000,0.0000,False,False,False
7959,1.0000,0.0000,False,False,False
7960,0.0000,1.0000,False,False,False
7961,1.0000,0.0000,False,False,False
7962,1.0000,0.0000,False,False,False
7963,1.0000,0.0000,False,False,False
7964,1.0000,0.0000,False,False,False
7965,1.0000,0.0000,False,False,False
7966,0.0000,1.0000,False,False,False
7967,1.0000,0.0000,False,False,False
7968,1.0000,0.0000,False,False,False
7969,1.0000,0.0000,False,False,False
7970,1.0000,0.0000,False,False,False
7971,1.0000,0.0000,False,False,False
7972,0.0000,1.0000,False,False,False
7973,1.0000,0.0000,False,False,False
7974,1.0000,0.0000,False,False,False
7975,1.0000,0.0000,False,False,False
7976,1.0000,0.0000,False,False,False
7977,1.0000,0.0000,False,False,False
7978,1.0000,0.0000,False,False,False
7979,1.0000,0.0000,False,False,False
7980,0.0000,1.0000,False,False,False
7981,1.0000,0.0000,False,False,False
7982,1.0000,0.0000,False,False,False
7983,1.0000,0.0000,False,False,False
7984,0.0000,1.0000,False,False,False
7985,1.0000,0.0000,False,False,False
7986,1.0000,0.0000,False,False,False
7987,1.0000,0.0000,False,False,False
7988,1.0000,0.0000,False,False,False
7989,1.0000,0.0000,False,False,False
7990,1.0000,0.0000,False,False,False
7991,1.0000,0.0000,False,False,False
7992,1.0000,0.0000,False,False,False
7993,1.0000,0.0000,False,False,False
7994,0.0000,1.0000,False,False,False
7995,1.0000,0.0000,False,False,False
7996,1.0000,0.0000,False,False,False
7997,1.0000,0.0000,False,False,False
7998,1.0000,0.0000,False,False,False
7999,1.0000,0.0000,False,False,False
8000,0.0000,1.0000,False,False,False
8001,1.0000,0.0000,False,False,False
8002,1.0000,0.0000,False,False,False
8003,1.0000,0.0000,False,False,False
8004,0.0000,1.0000,False,False,False
8005,0.0000,1.0000,False,False,False
8006,1.0000,0.0000,False,False,False
8007,1.0000,0.0000,False,False,False
8008,1.0000,0.0000,False,False,False
8009,1.0000,0.0000,False,False,False
8010,0.0000,1.0000,False,False,False
8011,1.0000,0.0000,False,False,False
8012,1.0000,0.0000,False,False,False
8013,1.0000,0.0000,False,False,False
8014,0.0000,1.0000,False,False,False
8015,0.0000,1.0000,False,False,False
8016,1.0000,0.0000,False,False,False
8017,1.0000,0.0000,False,False,False
8018,0.0000,1.0000,False,False,False
8019,1.0000,0.0000,False,False,False
8020,0.0000,1.0000,False,False,False
8021,1.0000,0.0000,False,False,False
8022,1.0000,0.0000,False,False,False
8023,0.0000,1.0000,False,False,False
8024,1.0000,0.0000,False,False,False
8025,0.0000,1.0000,False,False,False
8026,1.0000,0.0000,False,False,False
8027,1.0000,0.0000,False,False,False
8028,1.0000,0.0000,False,False,False
8029,1.0000,0.0000,False,False,False
8030,1.0000,0.0000,False,False,False
8031,1.0000,0.0000,False,False,False
8032,0.0000,1.0000,False,False,False
8033,1.0000,0.0000,False,False,False
8034,1.0000,0.0000,False,False,False
8035,1.0000,0.0000,False,False,False
8036,1.0000,0.0000,False,False,False
8037,1.0000,0.0000,False,False,False
8038,1.0000,0.0000,False,False,False
8039,1.0000,0.0000,False,False,False
8040,1.0000,0.0000,False,False,False
8041,1.0000,0.0000,False,False,False
8042,1.0000,0.0000,False,False,False
8043,1.0000,0.0000,False,False,False
8044,1.0000,0.0000,False,False,False
8045,1.0000,0.0000,False,False,False
8046,1.0000,0.0000,False,False,False
8047,1.0000,0.0000,False,False,False
8048,1.0000,0.0000,False,False,False
8049,1.0000,0.0000,False,False,False
8050,1.0000,0.0000,False,False,False
8051,1.0000,0.0000,False,False,False
8052,1.0000,0.0000,False,False,False
8053,1.0000,0.0000,False,False,False
8054,1.0000,0.0000,False,False,False
8055,1.0000,0.0000,False,False,False
8056,1.0000,0.0000,False,False,False
8057,1.0000,0.0000,False,False,False
8058,1.0000,0.0000,False,False,False
8059,1.0000,0.0000,False,False,False
8060,0.0000,1.0000,False,False,False
8061,1.0000,0.0000,False,False,False
8062,1.0000,0.0000,False,False,False
8063,1.0000,0.0000,False,False,False
8064,1.0000,0.0000,False,False,False
8065,1.0000,0.0000,False,False,False
8066,1.0000,0.0000,False,False,False
8067,0.0000,1.0000,False,False,False
8068,0.0000,1.0000,False,False,False
8069,0.0000,1.0000,False,False,False
8070,1.0000,0.0000,False,False,False
8071,0.0000,1.0000,False,False,False
8072,1.0000,0.0000,False,False,False
8073,1.0000,0.0000,False,False,False
8074,0.0000,1.0000,False,False,False
8075,1.0000,0.0000,False,False,False
8076,1.0000,0.0000,False,False,False
8077,1.0000,0.0000,False,False,False
8078,1.0000,0.0000,False,False,False
8079,0.0000,1.0000,False,False,False
8080,1.0000,0.0000,False,False,False
8081,1.0000,0.0000,False,False,False
8082,0.0000,1.0000,False,False,False
8083,1.0000,0.0000,False,False,False
8084,1.0000,0.0000,False,False,False
8085,0.0000,1.0000,False,False,False
8086,1.0000,0.0000,False,False,False
8087,1.0000,0.0000,False,False,False
8088,1.0000,0.0000,False,False,False
8089,1.0000,0.0000,False,False,False
8090,1.0000,0.0000,False,False,False
8091,1.0000,0.0000,False,False,False
8092,1.0000,0.0000,False,False,False
8093,0.0000,1.0000,False,False,False
8094,1.0000,0.0000,False,False,False
8095,1.0000,0.0000,False,False,False
8096,1.0000,0.0000,False,False,False
8097,1.0000,0.0000,False,False,False
8098,1.0000,0.0000,False,False,False
8099,1.0000,0.0000,False,False,False
8100,1.0000,0.0000,False,False,False
8101,0.0000,1.0000,False,False,False
8102,1.0000,0.0000,False,False,False
8103,0.0000,1.0000,False,False,False
8104,0.0000,1.0000,False,False,False
8105,1.0000,0.0000,False,False,False
8106,1.0000,0.0000,False,False,False
8107,1.0000,0.0000,False,False,False
8108,1.0000,0.0000,False,False,False
8109,0.0000,1.0000,False,False,False
8110,1.0000,0.0000,False,False,False
8111,1.0000,0.0000,False,False,False
8112,1.0000,0.0000,False,False,False
8113,1.0000,0.0000,False,False,False
8114,1.0000,0.0000,False,False,False
8115,1.0000,0.0000,False,False,False
8116,1.0000,0.0000,False,False,False
8117,1.0000,0.0000,False,False,False
8118,1.0000,0.0000,False,False,False
8119,1.0000,0.0000,False,False,False
8120,1.0000,0.0000,False,False,False
8121,1.0000,0.0000,False,False,False
8122,1.0000,0.0000,False,False,False
8123,0.0000,1.0000,False,False,False
8124,1.0000,0.0000,False,False,False
8125,1.0000,0.0000,False,False,False
8126,1.0000,0.0000,False,False,False
8127,1.0000,0.0000,False,False,False
8128,0.0000,1.0000,False,False,False
8129,1.0000,0.0000,False,False,False
8130,1.0000,0.0000,False,False,False
8131,1.0000,0.0000,False,False,False
8132,1.0000,0.0000,False,False,False
8133,0.0000,1.0000,False,False,False
8134,0.0000,1.0000,False,False,False
8135,0.0000,1.0000,False,False,False
8136,1.0000,0.0000,False,False,False
8137,1.0000,0.0000,False,False,False
8138,0.0000,1.0000,False,False,False
8139,1.0000,0.0000,False,False,False
8140,1.0000,0.0000,False,False,False
8141,1.0000,0.0000,False,False,False
8142,1.0000,0.0000,False,False,False
8143,1.0000,0.0000,False,False,False
8144,1.0000,0.0000,False,False,False
8145,1.0000,0.0000,False,False,False
8146,1.0000,0.0000,False,False,False
8147,1.0000,0.0000,False,False,False
8148,1.0000,0.0000,False,False,False
8149,1.0000,0.0000,False,False,False
8150,1.0000,0.0000,False,False,False
8151,1.0000,0.0000,False,False,False
8152,1.0000,0.0000,False,False,False
8153,0.0000,1.0000,False,False,False
8154,1.0000,0.0000,False,False,False
8155,0.0000,1.0000,False,False,False
8156,1.0000,0.0000,False,False,False
8157,1.0000,0.0000,False,False,False
8158,1.0000,0.0000,False,False,False
8159,0.0000,1.0000,False,False,False
8160,1.0000,0.0000,False,False,False
8161,1.0000,0.0000,False,False,False
8162,1.0000,0.0000,False,False,False
8163,1.0000,0.0000,False,False,False
8164,1.0000,0.0000,False,False,False
8165,1.0000,0.0000,False,False,False
8166,1.0000,0.0000,False,False,False
8167,1.0000,0.0000,False,False,False
8168,1.0000,0.0000,False,False,False
8169,0.0000,1.0000,False,False,False
8170,0.0000,1.0000,False,False,False
8171,1.0000,0.0000,False,False,False
8172,1.0000,0.0000,False,False,False
8173,0.0000,1.0000,False,False,False
8174,1.0000,0.0000,False,False,False
8175,1.0000,0.0000,False,False,False
8176,1.0000,0.0000,False,False,False
8177,0.0000,1.0000,False,False,False
8178,1.0000,0.0000,False,False,False
8179,1.0000,0.0000,False,False,False
8180,1.0000,0.0000,False,False,False
8181,1.0000,0.0000,False,False,False
8182,1.0000,0.0000,False,False,False
8183,1.0000,0.0000,False,False,False
8184,1.0000,0.0000,False,False,False
8185,1.0000,0.0000,False,False,False
8186,1.0000,0.0000,False,False,False
8187,1.0000,0.0000,False,False,False
8188,0.0000,1.0000,False,False,False
8189,1.0000,0.0000,False,False,False
8190,0.0000,1.0000,False,False,False
8191,1.0000,0.0000,False,False,False
8192,1.0000,0.0000,False,False,False
8193,1.0000,0.0000,False,False,False
8194,0.0000,1.0000,False,False,False
8195,1.0000,0.0000,False,False,False
8196,1.0000,0.0000,False,False,False
8197,1.0000,0.0000,False,False,False
8198,1.0000,0.0000,False,False,False
8199,0.0000,1.0000,False,False,False
8200,1.0000,0.0000,False,False,False
8201,0.0000,1.0000,False,False,False
8202,1.0000,0.0000,False,False,False
8203,0.0000,1.0000,False,False,False
8204,1.0000,0.0000,False,False,False
8205,0.0000,1.0000,False,False,False
8206,1.0000,0.0000,False,False,False
8207,1.0000,0.0000,False,False,False
8208,0.0000,1.0000,False,False,False
8209,1.0000,0.0000,False,False,False
8210,0.0000,1.0000,False,False,False
8211,1.0000,0.0000,False,False,False
8212,1.0000,0.0000,False,False,False
8213,1.0000,0.0000,False,False,False
8214,1.0000,0.0000,False,False,False
8215,0.0000,1.0000,False,False,False
8216,1.0000,0.0000,False,False,False
8217,1.0000,0.0000,False,False,False
8218,0.0000,1.0000,False,False,False
8219,0.0000,1.0000,False,False,False
8220,1.0000,0.0000,False,False,False
8221,1.0000,0.0000,False,False,False
8222,1.0000,0.0000,False,False,False
8223,0.0000,1.0000,False,False,False
8224,1.0000,0.0000,False,False,False
8225,0.0000,1.0000,False,False,False
8226,1.0000,0.0000,False,False,False
8227,1.0000,0.0000,False,False,False
8228,0.0000,1.0000,False,False,False
8229,1.0000,0.0000,False,False,False
8230,0.0000,1.0000,False,False,False
8231,1.0000,0.0000,False,False,False
8232,0.0000,1.0000,False,False,False
8233,1.0000,0.0000,False,False,False
8234,1.0000,0.0000,False,False,False
8235,1.0000,0.0000,False,False,False
8236,1.0000,0.0000,False,False,False
8237,1.0000,0.0000,False,False,False
8238,1.0000,0.0000,False,False,False
8239,1.0000,0.0000,False,False,False
8240,1.0000,0.0000,False,False,False
8241,1.0000,0.0000,False,False,False
8242,1.0000,0.0000,False,False,False
8243,1.0000,0.0000,False,False,False
8244,0.0000,1.0000,False,False,False
8245,1.0000,0.0000,False,False,False
8246,1.0000,0.0000,False,False,False
8247,1.0000,0.0000,False,False,False
8248,0.0000,1.0000,False,False,False
8249,0.0000,1.0000,False,False,False
8250,1.0000,0.0000,False,False,False
8251,1.0000,0.0000,False,False,False
8252,0.0000,1.0000,False,False,False
8253,1.0000,0.0000,False,False,False
8254,0.0000,1.0000,False,False,False
8255,1.0000,0.0000,False,False,False
8256,0.0000,1.0000,False,False,False
8257,1.0000,0.0000,False,False,False
8258,1.0000,0.0000,False,False,False
8259,1.0000,0.0000,False,False,False
8260,1.0000,0.0000,False,False,False
8261,1.0000,0.0000,False,False,False
8262,0.0000,1.0000,False,False,False
8263,1.0000,0.0000,False,False,False
8264,0.0000,1.0000,False,False,False
8265,1.0000,0.0000,False,False,False
8266,1.0000,0.0000,False,False,False
8267,1.0000,0.0000,False,False,False
8268,1.0000,0.0000,False,False,False
8269,1.0000,0.0000,False,False,False
8270,1.0000,0.0000,False,False,False
8271,0.0000,1.0000,False,False,False
8272,1.0000,0.0000,False,False,False
8273,1.0000,0.0000,False,False,False
8274,1.0000,0.0000,False,False,False
8275,1.0000,0.0000,False,False,False
8276,0.0000,1.0000,False,False,False
8277,1.0000,0.0000,False,False,False
8278,1.0000,0.0000,False,False,False
8279,1.0000,0.0000,False,False,False
8280,1.0000,0.0000,False,False,False
8281,1.0000,0.0000,False,False,False
8282,1.0000,0.0000,False,False,False
8283,1.0000,0.0000,False,False,False
8284,1.0000,0.0000,False,False,False
8285,1.0000,0.0000,False,False,False
8286,1.0000,0.0000,False,False,False
8287,1.0000,0.0000,False,False,False
8288,1.0000,0.0000,False,False,False
8289,0.0000,1.0000,False,False,False
8290,1.0000,0.0000,False,False,False
8291,1.0000,0.0000,False,False,False
8292,1.0000,0.0000,False,False,False
8293,1.0000,0.0000,False,False,False
8294,1.0000,0.0000,False,False,False
8295,1.0000,0.0000,False,False,False
8296,1.0000,0.0000,False,False,False
8297,1.0000,0.0000,False,False,False
8298,1.0000,0.0000,False,False,False
8299,1.0000,0.0000,False,False,False
8300,1.0000,0.0000,False,False,False
8301,0.0000,1.0000,False,False,False
8302,1.0000,0.0000,False,False,False
8303,0.0000,1.0000,False,False,False
8304,1.0000,0.0000,False,False,False
8305,1.0000,0.0000,False,False,False
8306,1.0000,0.0000,False,False,False
8307,1.0000,0.0000,False,False,False
8308,0.0000,1.0000,False,False,False
8309,0.0000,1.0000,False,False,False
8310,1.0000,0.0000,False,False,False
8311,0.0000,1.0000,False,False,False
8312,0.0000,1.0000,False,False,False
8313,1.0000,0.0000,False,False,False
8314,1.0000,0.0000,False,False,False
8315,1.0000,0.0000,False,False,False
8316,0.0000,1.0000,False,False,False
8317,0.0000,1.0000,False,False,False
8318,1.0000,0.0000,False,False,False
8319,1.0000,0.0000,False,False,False
8320,0.0000,1.0000,False,False,False
8321,1.0000,0.0000,False,False,False
8322,0.0000,1.0000,False,False,False
8323,1.0000,0.0000,False,False,False
8324,1.0000,0.0000,False,False,False
8325,1.0000,0.0000,False,False,False
8326,1.0000,0.0000,False,False,False
8327,0.0000,1.0000,False,False,False
8328,1.0000,0.0000,False,False,False
8329,1.0000,0.0000,False,False,False
8330,1.0000,0.0000,False,False,False
8331,1.0000,0.0000,False,False,False
8332,1.0000,0.0000,False,False,False
8333,1.0000,0.0000,False,False,False
8334,0.0000,1.0000,False,False,False
8335,0.0000,1.0000,False,False,False
8336,1.0000,0.0000,False,False,False
8337,1.0000,0.0000,False,False,False
8338,1.0000,0.0000,False,False,False
8339,0.0000,1.0000,False,False,False
8340,0.0000,1.0000,False,False,False
8341,1.0000,0.0000,False,False,False
8342,1.0000,0.0000,False,False,False
8343,1.0000,0.0000,False,False,False
8344,0.0000,1.0000,False,False,False
8345,1.0000,0.0000,False,False,False
8346,0.0000,1.0000,False,False,False
8347,0.0000,1.0000,False,False,False
8348,1.0000,0.0000,False,False,False
8349,1.0000,0.0000,False,False,False
8350,0.0000,1.0000,False,False,False
8351,1.0000,0.0000,False,False,False
8352,1.0000,0.0000,False,False,False
8353,1.0000,0.0000,False,False,False
8354,1.0000,0.0000,False,False,False
8355,1.0000,0.0000,False,False,False
8356,1.0000,0.0000,False,False,False
8357,1.0000,0.0000,False,False,False
8358,1.0000,0.0000,False,False,False
8359,0.0000,1.0000,False,False,False
8360,1.0000,0.0000,False,False,False
8361,1.0000,0.0000,False,False,False
8362,1.0000,0.0000,False,False,False
8363,1.0000,0.0000,False,False,False
8364,0.0000,1.0000,False,False,False
8365,0.0000,1.0000,False,False,False
8366,1.0000,0.0000,False,False,False
8367,1.0000,0.0000,False,False,False
8368,0.0000,1.0000,False,False,False
8369,1.0000,0.0000,False,False,False
8370,0.0000,1.0000,False,False,False
8371,0.0000,1.0000,False,False,False
8372,1.0000,0.0000,False,False,False
8373,1.0000,0.0000,False,False,False
8374,1.0000,0.0000,False,False,False
8375,1.0000,0.0000,False,False,False
8376,1.0000,0.0000,False,False,False
8377,1.0000,0.0000,False,False,False
8378,1.0000,0.0000,False,False,False
8379,1.0000,0.0000,False,False,False
8380,1.0000,0.0000,False,False,False
8381,1.0000,0.0000,False,False,False
8382,1.0000,0.0000,False,False,False
8383,1.0000,0.0000,False,False,False
8384,1.0000,0.0000,False,False,False
8385,1.0000,0.0000,False,False,False
8386,0.0000,1.0000,False,False,False
8387,1.0000,0.0000,False,False,False
8388,1.0000,0.0000,False,False,False
8389,0.0000,1.0000,False,False,False
8390,0.0000,1.0000,False,False,False
8391,1.0000,0.0000,False,False,False
8392,1.0000,0.0000,False,False,False
8393,1.0000,0.0000,False,False,False
8394,1.0000,0.0000,False,False,False
8395,1.0000,0.0000,False,False,False
8396,0.0000,1.0000,False,False,False
8397,1.0000,0.0000,False,False,False
8398,1.0000,0.0000,False,False,False
8399,1.0000,0.0000,False,False,False
8400,0.0000,1.0000,False,False,False
8401,1.0000,0.0000,False,False,False
8402,1.0000,0.0000,False,False,False
8403,1.0000,0.0000,False,False,False
8404,1.0000,0.0000,False,False,False
8405,1.0000,0.0000,False,False,False
8406,0.0000,1.0000,False,False,False
8407,1.0000,0.0000,False,False,False
8408,1.0000,0.0000,False,False,False
8409,1.0000,0.0000,False,False,False
8410,1.0000,0.0000,False,False,False
8411,0.0000,1.0000,False,False,False
8412,1.0000,0.0000,False,False,False
8413,1.0000,0.0000,False,False,False
8414,1.0000,0.0000,False,False,False
8415,1.0000,0.0000,False,False,False
8416,1.0000,0.0000,False,False,False
8417,1.0000,0.0000,False,False,False
8418,1.0000,0.0000,False,False,False
8419,1.0000,0.0000,False,False,False
8420,1.0000,0.0000,False,False,False
8421,1.0000,0.0000,False,False,False
8422,1.0000,0.0000,False,False,False
8423,1.0000,0.0000,False,False,False
8424,1.0000,0.0000,False,False,False
8425,1.0000,0.0000,False,False,False
8426,1.0000,0.0000,False,False,False
8427,0.0000,1.0000,False,False,False
8428,1.0000,0.0000,False,False,False
8429,1.0000,0.0000,False,False,False
8430,0.0000,1.0000,False,False,False
8431,1.0000,0.0000,False,False,False
8432,1.0000,0.0000,False,False,False
8433,1.0000,0.0000,False,False,False
8434,1.0000,0.0000,False,False,False
8435,1.0000,0.0000,False,False,False
8436,1.0000,0.0000,False,False,False
8437,0.0000,1.0000,False,False,False
8438,1.0000,0.0000,False,False,False
8439,0.0000,1.0000,False,False,False
8440,1.0000,0.0000,False,False,False
8441,0.0000,1.0000,False,False,False
8442,1.0000,0.0000,False,False,False
8443,1.0000,0.0000,False,False,False
8444,1.0000,0.0000,False,False,False
8445,0.0000,1.0000,False,False,False
8446,1.0000,0.0000,False,False,False
8447,0.0000,1.0000,False,False,False
8448,1.0000,0.0000,False,False,False
8449,0.0000,1.0000,False,False,False
8450,1.0000,0.0000,False,False,False
8451,1.0000,0.0000,False,False,False
8452,1.0000,0.0000,False,False,False
8453,1.0000,0.0000,False,False,False
8454,1.0000,0.0000,False,False,False
8455,1.0000,0.0000,False,False,False
8456,1.0000,0.0000,False,False,False
8457,0.0000,1.0000,False,False,False
8458,1.0000,0.0000,False,False,False
8459,0.0000,1.0000,False,False,False
8460,1.0000,0.0000,False,False,False
8461,1.0000,0.0000,False,False,False
8462,0.0000,1.0000,False,False,False
8463,1.0000,0.0000,False,False,False
8464,1.0000,0.0000,False,False,False
8465,1.0000,0.0000,False,False,False
8466,0.0000,1.0000,False,False,False
8467,1.0000,0.0000,False,False,False
8468,1.0000,0.0000,False,False,False
8469,0.0000,1.0000,False,False,False
8470,1.0000,0.0000,False,False,False
8471,0.0000,1.0000,False,False,False
8472,1.0000,0.0000,False,False,False
8473,1.0000,0.0000,False,False,False
8474,1.0000,0.0000,False,False,False
8475,1.0000,0.0000,False,False,False
8476,1.0000,0.0000,False,False,False
8477,1.0000,0.0000,False,False,False
8478,1.0000,0.0000,False,False,False
8479,0.0000,1.0000,False,False,False
8480,0.0000,1.0000,False,False,False
8481,0.0000,1.0000,False,False,False
8482,0.0000,1.0000,False,False,False
8483,0.0000,1.0000,False,False,False
8484,1.0000,0.0000,False,False,False
8485,1.0000,0.0000,False,False,False
8486,1.0000,0.0000,False,False,False
8487,1.0000,0.0000,False,False,False
8488,1.0000,0.0000,False,False,False
8489,1.0000,0.0000,False,False,False
8490,1.0000,0.0000,False,False,False
8491,1.0000,0.0000,False,False,False
8492,1.0000,0.0000,False,False,False
8493,1.0000,0.0000,False,False,False
8494,0.0000,1.0000,False,False,False
8495,1.0000,0.0000,False,False,False
8496,1.0000,0.0000,False,False,False
8497,1.0000,0.0000,False,False,False
8498,1.0000,0.0000,False,False,False
8499,1.0000,0.0000,False,False,False
8500,1.0000,0.0000,False,False,False
8501,1.0000,0.0000,False,False,False
8502,1.0000,0.0000,False,False,False
8503,1.0000,0.0000,False,False,False
8504,1.0000,0.0000,False,False,False
8505,0.0000,1.0000,False,False,False
8506,0.0000,1.0000,False,False,False
8507,1.0000,0.0000,False,False,False
8508,1.0000,0.0000,False,False,False
8509,1.0000,0.0000,False,False,False
8510,1.0000,0.0000,False,False,False
8511,1.0000,0.0000,False,False,False
8512,1.0000,0.0000,False,False,False
8513,1.0000,0.0000,False,False,False
8514,1.0000,0.0000,False,False,False
8515,1.0000,0.0000,False,False,False
8516,1.0000,0.0000,False,False,False
8517,1.0000,0.0000,False,False,False
8518,0.0000,1.0000,False,False,False
8519,1.0000,0.0000,False,False,False
8520,1.0000,0.0000,False,False,False
8521,1.0000,0.0000,False,False,False
8522,0.0000,1.0000,False,False,False
8523,0.0000,1.0000,False,False,False
8524,1.0000,0.0000,False,False,False
8525,0.0000,1.0000,False,False,False
8526,1.0000,0.0000,False,False,False
8527,1.0000,0.0000,False,False,False
8528,1.0000,0.0000,False,False,False
8529,1.0000,0.0000,False,False,False
8530,1.0000,0.0000,False,False,False
8531,1.0000,0.0000,False,False,False
8532,1.0000,0.0000,False,False,False
8533,1.0000,0.0000,False,False,False
8534,1.0000,0.0000,False,False,False
8535,1.0000,0.0000,False,False,False
8536,1.0000,0.0000,False,False,False
8537,1.0000,0.0000,False,False,False
8538,1.0000,0.0000,False,False,False
8539,1.0000,0.0000,False,False,False
8540,1.0000,0.0000,False,False,False
8541,1.0000,0.0000,False,False,False
8542,0.0000,1.0000,False,False,False
8543,1.0000,0.0000,False,False,False
8544,1.0000,0.0000,False,False,False
8545,1.0000,0.0000,False,False,False
8546,1.0000,0.0000,False,False,False
8547,1.0000,0.0000,False,False,False
8548,1.0000,0.0000,False,False,False
8549,0.0000,1.0000,False,False,False
8550,1.0000,0.0000,False,False,False
8551,0.0000,1.0000,False,False,False
8552,1.0000,0.0000,False,False,False
8553,0.0000,1.0000,False,False,False
8554,0.0000,1.0000,False,False,False
8555,0.0000,1.0000,False,False,False
8556,0.0000,1.0000,False,False,False
8557,1.0000,0.0000,False,False,False
8558,1.0000,0.0000,False,False,False
8559,0.0000,1.0000,False,False,False
8560,1.0000,0.0000,False,False,False
8561,0.0000,1.0000,False,False,False
8562,1.0000,0.0000,False,False,False
8563,1.0000,0.0000,False,False,False
8564,1.0000,0.0000,False,False,False
8565,1.0000,0.0000,False,False,False
8566,1.0000,0.0000,False,False,False
8567,1.0000,0.0000,False,False,False
8568,1.0000,0.0000,False,False,False
8569,0.0000,1.0000,False,False,False
8570,1.0000,0.0000,False,False,False
8571,0.0000,1.0000,False,False,False
8572,1.0000,0.0000,False,False,False
8573,0.0000,1.0000,False,False,False
8574,1.0000,0.0000,False,False,False
8575,1.0000,0.0000,False,False,False
8576,1.0000,0.0000,False,False,False
8577,0.0000,1.0000,False,False,False
8578,1.0000,0.0000,False,False,False
8579,0.0000,1.0000,False,False,False
8580,1.0000,0.0000,False,False,False
8581,1.0000,0.0000,False,False,False
8582,1.0000,0.0000,False,False,False
8583,1.0000,0.0000,False,False,False
8584,1.0000,0.0000,False,False,False
8585,1.0000,0.0000,False,False,False
8586,1.0000,0.0000,False,False,False
8587,1.0000,0.0000,False,False,False
8588,0.0000,1.0000,False,False,False
8589,0.0000,1.0000,False,False,False
8590,1.0000,0.0000,False,False,False
8591,1.0000,0.0000,False,False,False
8592,1.0000,0.0000,False,False,False
8593,1.0000,0.0000,False,False,False
8594,1.0000,0.0000,False,False,False
8595,1.0000,0.0000,False,False,False
8596,1.0000,0.0000,False,False,False
8597,1.0000,0.0000,False,False,False
8598,1.0000,0.0000,False,False,False
8599,1.0000,0.0000,False,False,False
8600,1.0000,0.0000,False,False,False
8601,1.0000,0.0000,False,False,False
8602,0.0000,1.0000,False,False,False
8603,1.0000,0.0000,False,False,False
8604,1.0000,0.0000,False,False,False
8605,0.0000,1.0000,False,False,False
8606,0.0000,1.0000,False,False,False
8607,1.0000,0.0000,False,False,False
8608,0.0000,1.0000,False,False,False
8609,0.0000,1.0000,False,False,False
8610,0.0000,1.0000,False,False,False
8611,0.0000,1.0000,False,False,False
8612,1.0000,0.0000,False,False,False
8613,1.0000,0.0000,False,False,False
8614,1.0000,0.0000,False,False,False
8615,1.0000,0.0000,False,False,False
8616,1.0000,0.0000,False,False,False
8617,1.0000,0.0000,False,False,False
8618,1.0000,0.0000,False,False,False
8619,0.0000,1.0000,False,False,False
8620,1.0000,0.0000,False,False,False
8621,1.0000,0.0000,False,False,False
8622,1.0000,0.0000,False,False,False
8623,0.0000,1.0000,False,False,False
8624,1.0000,0.0000,False,False,False
8625,1.0000,0.0000,False,False,False
8626,1.0000,0.0000,False,False,False
8627,1.0000,0.0000,False,False,False
8628,1.0000,0.0000,False,False,False
8629,1.0000,0.0000,False,False,False
8630,1.0000,0.0000,False,False,False
8631,1.0000,0.0000,False,False,False
8632,0.0000,1.0000,False,False,False
8633,1.0000,0.0000,False,False,False
8634,1.0000,0.0000,False,False,False
8635,1.0000,0.0000,False,False,False
8636,1.0000,0.0000,False,False,False
8637,0.0000,1.0000,False,False,False
8638,0.0000,1.0000,False,False,False
8639,0.0000,1.0000,False,False,False
8640,1.0000,0.0000,False,False,False
8641,1.0000,0.0000,False,False,False
8642,0.0000,1.0000,False,False,False
8643,1.0000,0.0000,False,False,False
8644,1.0000,0.0000,False,False,False
8645,1.0000,0.0000,False,False,False
8646,0.0000,1.0000,False,False,False
8647,1.0000,0.0000,False,False,False
8648,1.0000,0.0000,False,False,False
8649,1.0000,0.0000,False,False,False
8650,1.0000,0.0000,False,False,False
8651,0.0000,1.0000,False,False,False
8652,1.0000,0.0000,False,False,False
8653,0.0000,1.0000,False,False,False
8654,0.0000,1.0000,False,False,False
8655,1.0000,0.0000,False,False,False
8656,1.0000,0.0000,False,False,False
8657,0.0000,1.0000,False,False,False
8658,1.0000,0.0000,False,False,False
8659,0.0000,1.0000,False,False,False
8660,1.0000,0.0000,False,False,False
8661,1.0000,0.0000,False,False,False
8662,1.0000,0.0000,False,False,False
8663,1.0000,0.0000,False,False,False
8664,1.0000,0.0000,False,False,False
8665,0.0000,1.0000,False,False,False
8666,0.0000,1.0000,False,False,False
8667,0.0000,1.0000,False,False,False
8668,1.0000,0.0000,False,False,False
8669,1.0000,0.0000,False,False,False
8670,1.0000,0.0000,False,False,False
8671,1.0000,0.0000,False,False,False
8672,0.0000,1.0000,False,False,False
8673,1.0000,0.0000,False,False,False
8674,1.0000,0.0000,False,False,False
8675,1.0000,0.0000,False,False,False
8676,0.0000,1.0000,False,False,False
8677,0.0000,1.0000,False,False,False
8678,1.0000,0.0000,False,False,False
8679,1.0000,0.0000,False,False,False
8680,1.0000,0.0000,False,False,False
8681,1.0000,0.0000,False,False,False
8682,1.0000,0.0000,False,False,False
8683,1.0000,0.0000,False,False,False
8684,0.0000,1.0000,False,False,False
8685,1.0000,0.0000,False,False,False
8686,1.0000,0.0000,False,False,False
8687,1.0000,0.0000,False,False,False
8688,1.0000,0.0000,False,False,False
8689,1.0000,0.0000,False,False,False
8690,0.0000,1.0000,False,False,False
8691,1.0000,0.0000,False,False,False
8692,0.0000,1.0000,False,False,False
8693,1.0000,0.0000,False,False,False
8694,1.0000,0.0000,False,False,False
8695,1.0000,0.0000,False,False,False
8696,0.0000,1.0000,False,False,False
8697,1.0000,0.0000,False,False,False
8698,1.0000,0.0000,False,False,False
8699,1.0000,0.0000,False,False,False
8700,1.0000,0.0000,False,False,False
8701,1.0000,0.0000,False,False,False
8702,1.0000,0.0000,False,False,False
8703,1.0000,0.0000,False,False,False
8704,1.0000,0.0000,False,False,False
8705,1.0000,0.0000,False,False,False
8706,0.0000,1.0000,False,False,False
8707,1.0000,0.0000,False,False,False
8708,0.0000,1.0000,False,False,False
8709,1.0000,0.0000,False,False,False
8710,1.0000,0.0000,False,False,False
8711,1.0000,0.0000,False,False,False
8712,1.0000,0.0000,False,False,False
8713,1.0000,0.0000,False,False,False
8714,0.0000,1.0000,False,False,False
8715,1.0000,0.0000,False,False,False
8716,0.0000,1.0000,False,False,False
8717,1.0000,0.0000,False,False,False
8718,0.0000,1.0000,False,False,False
8719,1.0000,0.0000,False,False,False
8720,1.0000,0.0000,False,False,False
8721,1.0000,0.0000,False,False,False
8722,1.0000,0.0000,False,False,False
8723,1.0000,0.0000,False,False,False
8724,1.0000,0.0000,False,False,False
8725,1.0000,0.0000,False,False,False
8726,0.0000,1.0000,False,False,False
8727,1.0000,0.0000,False,False,False
8728,1.0000,0.0000,False,False,False
8729,1.0000,0.0000,False,False,False
8730,1.0000,0.0000,False,False,False
8731,1.0000,0.0000,False,False,False
8732,0.0000,1.0000,False,False,False
8733,1.0000,0.0000,False,False,False
8734,1.0000,0.0000,False,False,False
8735,1.0000,0.0000,False,False,False
8736,0.0000,1.0000,False,False,False
8737,1.0000,0.0000,False,False,False
8738,1.0000,0.0000,False,False,False
8739,1.0000,0.0000,False,False,False
8740,0.0000,1.0000,False,False,False
8741,1.0000,0.0000,False,False,False
8742,1.0000,0.0000,False,False,False
8743,0.0000,1.0000,False,False,False
8744,1.0000,0.0000,False,False,False
8745,1.0000,0.0000,False,False,False
8746,0.0000,1.0000,False,False,False
8747,1.0000,0.0000,False,False,False
8748,1.0000,0.0000,False,False,False
8749,1.0000,0.0000,False,False,False
8750,0.0000,1.0000,False,False,False
8751,0.0000,1.0000,False,False,False
8752,1.0000,0.0000,False,False,False
8753,1.0000,0.0000,False,False,False
8754,0.0000,1.0000,False,False,False
8755,1.0000,0.0000,False,False,False
8756,1.0000,0.0000,False,False,False
8757,1.0000,0.0000,False,False,False
8758,0.0000,1.0000,False,False,False
8759,0.0000,1.0000,False,False,False
8760,0.0000,1.0000,False,False,False
8761,1.0000,0.0000,False,False,False
8762,1.0000,0.0000,False,False,False
8763,1.0000,0.0000,False,False,False
8764,1.0000,0.0000,False,False,False
8765,0.0000,1.0000,False,False,False
8766,0.0000,1.0000,False,False,False
8767,1.0000,0.0000,False,False,False
8768,1.0000,0.0000,False,False,False
8769,0.0000,1.0000,False,False,False
8770,1.0000,0.0000,False,False,False
8771,1.0000,0.0000,False,False,False
8772,1.0000,0.0000,False,False,False
8773,1.0000,0.0000,False,False,False
8774,1.0000,0.0000,False,False,False
8775,0.0000,1.0000,False,False,False
8776,1.0000,0.0000,False,False,False
8777,1.0000,0.0000,False,False,False
8778,1.0000,0.0000,False,False,False
8779,1.0000,0.0000,False,False,False
8780,1.0000,0.0000,False,False,False
8781,1.0000,0.0000,False,False,False
8782,1.0000,0.0000,False,False,False
8783,1.0000,0.0000,False,False,False
8784,1.0000,0.0000,False,False,False
8785,1.0000,0.0000,False,False,False
8786,0.0000,1.0000,False,False,False
8787,0.0000,1.0000,False,False,False
8788,0.0000,1.0000,False,False,False
8789,1.0000,0.0000,False,False,False
8790,0.0000,1.0000,False,False,False
8791,1.0000,0.0000,False,False,False
8792,1.0000,0.0000,False,False,False
8793,1.0000,0.0000,False,False,False
8794,1.0000,0.0000,False,False,False
8795,1.0000,0.0000,False,False,False
8796,1.0000,0.0000,False,False,False
8797,1.0000,0.0000,False,False,False
8798,1.0000,0.0000,False,False,False
8799,1.0000,0.0000,False,False,False
8800,1.0000,0.0000,False,False,False
8801,1.0000,0.0000,False,False,False
8802,1.0000,0.0000,False,False,False
8803,1.0000,0.0000,False,False,False
8804,1.0000,0.0000,False,False,False
8805,1.0000,0.0000,False,False,False
8806,1.0000,0.0000,False,False,False
8807,1.0000,0.0000,False,False,False
8808,1.0000,0.0000,False,False,False
8809,1.0000,0.0000,False,False,False
8810,1.0000,0.0000,False,False,False
8811,1.0000,0.0000,False,False,False
8812,1.0000,0.0000,False,False,False
8813,0.0000,1.0000,False,False,False
8814,1.0000,0.0000,False,False,False
8815,1.0000,0.0000,False,False,False
8816,1.0000,0.0000,False,False,False
8817,1.0000,0.0000,False,False,False
8818,1.0000,0.0000,False,False,False
8819,1.0000,0.0000,False,False,False
8820,1.0000,0.0000,False,False,False
8821,1.0000,0.0000,False,False,False
8822,0.0000,1.0000,False,False,False
8823,1.0000,0.0000,False,False,False
8824,1.0000,0.0000,False,False,False
8825,1.0000,0.0000,False,False,False
8826,0.0000,1.0000,False,False,False
8827,1.0000,0.0000,False,False,False
8828,0.0000,1.0000,False,False,False
8829,1.0000,0.0000,False,False,False
8830,1.0000,0.0000,False,False,False
8831,0.0000,1.0000,False,False,False
8832,0.0000,1.0000,False,False,False
8833,0.0000,1.0000,False,False,False
8834,1.0000,0.0000,False,False,False
8835,1.0000,0.0000,False,False,False
8836,1.0000,0.0000,False,False,False
8837,1.0000,0.0000,False,False,False
8838,1.0000,0.0000,False,False,False
8839,1.0000,0.0000,False,False,False
8840,1.0000,0.0000,False,False,False
8841,1.0000,0.0000,False,False,False
8842,1.0000,0.0000,False,False,False
8843,0.0000,1.0000,False,False,False
8844,0.0000,1.0000,False,False,False
8845,0.0000,1.0000,False,False,False
8846,0.0000,1.0000,False,False,False
8847,1.0000,0.0000,False,False,False
8848,1.0000,0.0000,False,False,False
8849,1.0000,0.0000,False,False,False
8850,1.0000,0.0000,False,False,False
8851,1.0000,0.0000,False,False,False
8852,1.0000,0.0000,False,False,False
8853,1.0000,0.0000,False,False,False
8854,0.0000,1.0000,False,False,False
8855,1.0000,0.0000,False,False,False
8856,1.0000,0.0000,False,False,False
8857,1.0000,0.0000,False,False,False
8858,1.0000,0.0000,False,False,False
8859,1.0000,0.0000,False,False,False
8860,1.0000,0.0000,False,False,False
8861,1.0000,0.0000,False,False,False
8862,1.0000,0.0000,False,False,False
8863,0.0000,1.0000,False,False,False
8864,1.0000,0.0000,False,False,False
8865,0.0000,1.0000,False,False,False
8866,1.0000,0.0000,False,False,False
8867,1.0000,0.0000,False,False,False
8868,1.0000,0.0000,False,False,False
8869,0.0000,1.0000,False,False,False
8870,1.0000,0.0000,False,False,False
8871,0.0000,1.0000,False,False,False
8872,0.0000,1.0000,False,False,False
8873,1.0000,0.0000,False,False,False
8874,1.0000,0.0000,False,False,False
8875,1.0000,0.0000,False,False,False
8876,1.0000,0.0000,False,False,False
8877,1.0000,0.0000,False,False,False
8878,1.0000,0.0000,False,False,False
8879,1.0000,0.0000,False,False,False
8880,0.0000,1.0000,False,False,False
8881,0.0000,1.0000,False,False,False
8882,1.0000,0.0000,False,False,False
8883,1.0000,0.0000,False,False,False
8884,1.0000,0.0000,False,False,False
8885,1.0000,0.0000,False,False,False
8886,1.0000,0.0000,False,False,False
8887,0.0000,1.0000,False,False,False
8888,1.0000,0.0000,False,False,False
8889,1.0000,0.0000,False,False,False
8890,1.0000,0.0000,False,False,False
8891,0.0000,1.0000,False,False,False
8892,0.0000,1.0000,False,False,False
8893,1.0000,0.0000,False,False,False
8894,1.0000,0.0000,False,False,False
8895,0.0000,1.0000,False,False,False
8896,0.0000,1.0000,False,False,False
8897,1.0000,0.0000,False,False,False
8898,1.0000,0.0000,False,False,False
8899,1.0000,0.0000,False,False,False
8900,1.0000,0.0000,False,False,False
8901,1.0000,0.0000,False,False,False
8902,1.0000,0.0000,False,False,False
8903,1.0000,0.0000,False,False,False
8904,0.0000,1.0000,False,False,False
8905,0.0000,1.0000,False,False,False
8906,1.0000,0.0000,False,False,False
8907,0.0000,1.0000,False,False,False
8908,0.0000,1.0000,False,False,False
8909,0.0000,1.0000,False,False,False
8910,1.0000,0.0000,False,False,False
8911,1.0000,0.0000,False,False,False
8912,0.0000,1.0000,False,False,False
8913,1.0000,0.0000,False,False,False
8914,1.0000,0.0000,False,False,False
8915,1.0000,0.0000,False,False,False
8916,1.0000,0.0000,False,False,False
8917,1.0000,0.0000,False,False,False
8918,1.0000,0.0000,False,False,False
8919,1.0000,0.0000,False,False,False
8920,0.0000,1.0000,False,False,False
8921,1.0000,0.0000,False,False,False
8922,1.0000,0.0000,False,False,False
8923,1.0000,0.0000,False,False,False
8924,1.0000,0.0000,False,False,False
8925,1.0000,0.0000,False,False,False
8926,1.0000,0.0000,False,False,False
8927,1.0000,0.0000,False,False,False
8928,1.0000,0.0000,False,False,False
8929,1.0000,0.0000,False,False,False
8930,1.0000,0.0000,False,False,False
8931,1.0000,0.0000,False,False,False
8932,1.0000,0.0000,False,False,False
8933,1.0000,0.0000,False,False,False
8934,0.0000,1.0000,False,False,False
8935,1.0000,0.0000,False,False,False
8936,1.0000,0.0000,False,False,False
8937,1.0000,0.0000,False,False,False
8938,1.0000,0.0000,False,False,False
8939,1.0000,0.0000,False,False,False
8940,1.0000,0.0000,False,False,False
8941,1.0000,0.0000,False,False,False
8942,1.0000,0.0000,False,False,False
8943,1.0000,0.0000,False,False,False
8944,0.0000,1.0000,False,False,False
8945,1.0000,0.0000,False,False,False
8946,1.0000,0.0000,False,False,False
8947,1.0000,0.0000,False,False,False
8948,1.0000,0.0000,False,False,False
8949,1.0000,0.0000,False,False,False
8950,1.0000,0.0000,False,False,False
8951,1.0000,0.0000,False,False,False
8952,1.0000,0.0000,False,False,False
8953,1.0000,0.0000,False,False,False
8954,1.0000,0.0000,False,False,False
8955,1.0000,0.0000,False,False,False
8956,1.0000,0.0000,False,False,False
8957,1.0000,0.0000,False,False,False
8958,1.0000,0.0000,False,False,False
8959,1.0000,0.0000,False,False,False
8960,1.0000,0.0000,False,False,False
8961,1.0000,0.0000,False,False,False
8962,1.0000,0.0000,False,False,False
8963,1.0000,0.0000,False,False,False
8964,1.0000,0.0000,False,False,False
8965,1.0000,0.0000,False,False,False
8966,1.0000,0.0000,False,False,False
8967,1.0000,0.0000,False,False,False
8968,1.0000,0.0000,False,False,False
8969,1.0000,0.0000,False,False,False
8970,1.0000,0.0000,False,False,False
8971,1.0000,0.0000,False,False,False
8972,1.0000,0.0000,False,False,False
8973,0.0000,1.0000,False,False,False
8974,1.0000,0.0000,False,False,False
8975,1.0000,0.0000,False,False,False
8976,1.0000,0.0000,False,False,False
8977,1.0000,0.0000,False,False,False
8978,1.0000,0.0000,False,False,False
8979,1.0000,0.0000,False,False,False
8980,1.0000,0.0000,False,False,False
8981,0.0000,1.0000,False,False,False
8982,1.0000,0.0000,False,False,False
8983,0.0000,1.0000,False,False,False
8984,1.0000,0.0000,False,False,False
8985,1.0000,0.0000,False,False,False
8986,1.0000,0.0000,False,False,False
8987,1.0000,0.0000,False,False,False
8988,0.0000,1.0000,False,False,False
8989,1.0000,0.0000,False,False,False
8990,1.0000,0.0000,False,False,False
8991,0.0000,1.0000,False,False,False
8992,1.0000,0.0000,False,False,False
8993,1.0000,0.0000,False,False,False
8994,0.0000,1.0000,False,False,False
8995,1.0000,0.0000,False,False,False
8996,1.0000,0.0000,False,False,False
8997,1.0000,0.0000,False,False,False
8998,1.0000,0.0000,False,False,False
8999,1.0000,0.0000,False,False,False
9000,0.0000,1.0000,False,False,False
9001,1.0000,0.0000,False,False,False
9002,1.0000,0.0000,False,False,False
9003,1.0000,0.0000,False,False,False
9004,0.0000,1.0000,False,False,False
9005,1.0000,0.0000,False,False,False
9006,0.0000,1.0000,False,False,False
9007,1.0000,0.0000,False,False,False
9008,1.0000,0.0000,False,False,False
9009,1.0000,0.0000,False,False,False
9010,1.0000,0.0000,False,False,False
9011,1.0000,0.0000,False,False,False
9012,1.0000,0.0000,False,False,False
9013,1.0000,0.0000,False,False,False
9014,1.0000,0.0000,False,False,False
9015,0.0000,1.0000,False,False,False
9016,1.0000,0.0000,False,False,False
9017,1.0000,0.0000,False,False,False
9018,1.0000,0.0000,False,False,False
9019,1.0000,0.0000,False,False,False
9020,1.0000,0.0000,False,False,False
9021,0.0000,1.0000,False,False,False
9022,0.0000,1.0000,False,False,False
9023,1.0000,0.0000,False,False,False
9024,1.0000,0.0000,False,False,False
9025,0.0000,1.0000,False,False,False
9026,1.0000,0.0000,False,False,False
9027,1.0000,0.0000,False,False,False
9028,0.0000,1.0000,False,False,False
9029,0.0000,1.0000,False,False,False
9030,1.0000,0.0000,False,False,False
9031,1.0000,0.0000,False,False,False
9032,1.0000,0.0000,False,False,False
9033,1.0000,0.0000,False,False,False
9034,1.0000,0.0000,False,False,False
9035,1.0000,0.0000,False,False,False
9036,1.0000,0.0000,False,False,False
9037,1.0000,0.0000,False,False,False
9038,1.0000,0.0000,False,False,False
9039,1.0000,0.0000,False,False,False
9040,1.0000,0.0000,False,False,False
9041,0.0000,1.0000,False,False,False
9042,1.0000,0.0000,False,False,False
9043,1.0000,0.0000,False,False,False
9044,1.0000,0.0000,False,False,False
9045,1.0000,0.0000,False,False,False
9046,1.0000,0.0000,False,False,False
9047,1.0000,0.0000,False,False,False
9048,1.0000,0.0000,False,False,False
9049,0.0000,1.0000,False,False,False
9050,1.0000,0.0000,False,False,False
9051,1.0000,0.0000,False,False,False
9052,1.0000,0.0000,False,False,False
9053,1.0000,0.0000,False,False,False
9054,1.0000,0.0000,False,False,False
9055,1.0000,0.0000,False,False,False
9056,1.0000,0.0000,False,False,False
9057,1.0000,0.0000,False,False,False
9058,1.0000,0.0000,False,False,False
9059,1.0000,0.0000,False,False,False
9060,1.0000,0.0000,False,False,False
9061,0.0000,1.0000,False,False,False
9062,1.0000,0.0000,False,False,False
9063,1.0000,0.0000,False,False,False
9064,1.0000,0.0000,False,False,False
9065,0.0000,1.0000,False,False,False
9066,1.0000,0.0000,False,False,False
9067,1.0000,0.0000,False,False,False
9068,1.0000,0.0000,False,False,False
9069,1.0000,0.0000,False,False,False
9070,0.0000,1.0000,False,False,False
9071,1.0000,0.0000,False,False,False
9072,0.0000,1.0000,False,False,False
9073,1.0000,0.0000,False,False,False
9074,0.0000,1.0000,False,False,False
9075,1.0000,0.0000,False,False,False
9076,1.0000,0.0000,False,False,False
9077,1.0000,0.0000,False,False,False
9078,1.0000,0.0000,False,False,False
9079,0.0000,1.0000,False,False,False
9080,0.0000,1.0000,False,False,False
9081,1.0000,0.0000,False,False,False
9082,1.0000,0.0000,False,False,False
9083,1.0000,0.0000,False,False,False
9084,1.0000,0.0000,False,False,False
9085,0.0000,1.0000,False,False,False
9086,1.0000,0.0000,False,False,False
9087,1.0000,0.0000,False,False,False
9088,1.0000,0.0000,False,False,False
9089,1.0000,0.0000,False,False,False
9090,1.0000,0.0000,False,False,False
9091,1.0000,0.0000,False,False,False
9092,0.0000,1.0000,False,False,False
9093,1.0000,0.0000,False,False,False
9094,0.0000,1.0000,False,False,False
9095,0.0000,1.0000,False,False,False
9096,1.0000,0.0000,False,False,False
9097,1.0000,0.0000,False,False,False
9098,0.0000,1.0000,False,False,False
9099,1.0000,0.0000,False,False,False
9100,1.0000,0.0000,False,False,False
9101,1.0000,0.0000,False,False,False
9102,1.0000,0.0000,False,False,False
9103,1.0000,0.0000,False,False,False
9104,1.0000,0.0000,False,False,False
9105,0.0000,1.0000,False,False,False
9106,1.0000,0.0000,False,False,False
9107,1.0000,0.0000,False,False,False
9108,1.0000,0.0000,False,False,False
9109,1.0000,0.0000,False,False,False
9110,1.0000,0.0000,False,False,False
9111,1.0000,0.0000,False,False,False
9112,1.0000,0.0000,False,False,False
9113,1.0000,0.0000,False,False,False
9114,0.0000,1.0000,False,False,False
9115,1.0000,0.0000,False,False,False
9116,1.0000,0.0000,False,False,False
9117,0.0000,1.0000,False,False,False
9118,1.0000,0.0000,False,False,False
9119,1.0000,0.0000,False,False,False
9120,1.0000,0.0000,False,False,False
9121,0.0000,1.0000,False,False,False
9122,1.0000,0.0000,False,False,False
9123,1.0000,0.0000,False,False,False
9124,1.0000,0.0000,False,False,False
9125,1.0000,0.0000,False,False,False
9126,1.0000,0.0000,False,False,False
9127,1.0000,0.0000,False,False,False
9128,1.0000,0.0000,False,False,False
9129,1.0000,0.0000,False,False,False
9130,0.0000,1.0000,False,False,False
9131,1.0000,0.0000,False,False,False
9132,0.0000,1.0000,False,False,False
9133,1.0000,0.0000,False,False,False
9134,1.0000,0.0000,False,False,False
9135,1.0000,0.0000,False,False,False
9136,0.0000,1.0000,False,False,False
9137,1.0000,0.0000,False,False,False
9138,0.0000,1.0000,False,False,False
9139,1.0000,0.0000,False,False,False
9140,1.0000,0.0000,False,False,False
9141,0.0000,1.0000,False,False,False
9142,1.0000,0.0000,False,False,False
9143,0.0000,1.0000,False,False,False
9144,1.0000,0.0000,False,False,False
9145,1.0000,0.0000,False,False,False
9146,1.0000,0.0000,False,False,False
9147,1.0000,0.0000,False,False,False
9148,1.0000,0.0000,False,False,False
9149,1.0000,0.0000,False,False,False
9150,1.0000,0.0000,False,False,False
9151,1.0000,0.0000,False,False,False
9152,0.0000,1.0000,False,False,False
9153,0.0000,1.0000,False,False,False
9154,1.0000,0.0000,False,False,False
9155,1.0000,0.0000,False,False,False
9156,1.0000,0.0000,False,False,False
9157,1.0000,0.0000,False,False,False
9158,0.0000,1.0000,False,False,False
9159,1.0000,0.0000,False,False,False
9160,1.0000,0.0000,False,False,False
9161,1.0000,0.0000,False,False,False
9162,1.0000,0.0000,False,False,False
9163,1.0000,0.0000,False,False,False
9164,1.0000,0.0000,False,False,False
9165,1.0000,0.0000,False,False,False
9166,0.0000,1.0000,False,False,False
9167,1.0000,0.0000,False,False,False
9168,1.0000,0.0000,False,False,False
9169,1.0000,0.0000,False,False,False
9170,1.0000,0.0000,False,False,False
9171,1.0000,0.0000,False,False,False
9172,0.0000,1.0000,False,False,False
9173,0.0000,1.0000,False,False,False
9174,0.0000,1.0000,False,False,False
9175,1.0000,0.0000,False,False,False
9176,1.0000,0.0000,False,False,False
9177,1.0000,0.0000,False,False,False
9178,0.0000,1.0000,False,False,False
9179,1.0000,0.0000,False,False,False
9180,1.0000,0.0000,False,False,False
9181,1.0000,0.0000,False,False,False
9182,1.0000,0.0000,False,False,False
9183,1.0000,0.0000,False,False,False
9184,1.0000,0.0000,False,False,False
9185,1.0000,0.0000,False,False,False
9186,1.0000,0.0000,False,False,False
9187,1.0000,0.0000,False,False,False
9188,1.0000,0.0000,False,False,False
9189,1.0000,0.0000,False,False,False
9190,0.0000,1.0000,False,False,False
9191,1.0000,0.0000,False,False,False
9192,0.0000,1.0000,False,False,False
9193,0.0000,1.0000,False,False,False
9194,1.0000,0.0000,False,False,False
9195,1.0000,0.0000,False,False,False
9196,1.0000,0.0000,False,False,False
9197,1.0000,0.0000,False,False,False
9198,0.0000,1.0000,False,False,False
9199,0.0000,1.0000,False,False,False
9200,1.0000,0.0000,False,False,False
9201,0.0000,1.0000,False,False,False
9202,1.0000,0.0000,False,False,False
9203,1.0000,0.0000,False,False,False
9204,1.0000,0.0000,False,False,False
9205,1.0000,0.0000,False,False,False
9206,0.0000,1.0000,False,False,False
9207,0.0000,1.0000,False,False,False
9208,1.0000,0.0000,False,False,False
9209,1.0000,0.0000,False,False,False
9210,1.0000,0.0000,False,False,False
9211,1.0000,0.0000,False,False,False
9212,1.0000,0.0000,False,False,False
9213,1.0000,0.0000,False,False,False
9214,1.0000,0.0000,False,False,False
9215,1.0000,0.0000,False,False,False
9216,1.0000,0.0000,False,False,False
9217,1.0000,0.0000,False,False,False
9218,1.0000,0.0000,False,False,False
9219,1.0000,0.0000,False,False,False
9220,1.0000,0.0000,False,False,False
9221,1.0000,0.0000,False,False,False
9222,1.0000,0.0000,False,False,False
9223,0.0000,1.0000,False,False,False
9224,1.0000,0.0000,False,False,False
9225,1.0000,0.0000,False,False,False
9226,1.0000,0.0000,False,False,False
9227,0.0000,1.0000,False,False,False
9228,1.0000,0.0000,False,False,False
9229,1.0000,0.0000,False,False,False
9230,1.0000,0.0000,False,False,False
9231,1.0000,0.0000,False,False,False
9232,1.0000,0.0000,False,False,False
9233,1.0000,0.0000,False,False,False
9234,1.0000,0.0000,False,False,False
9235,0.0000,1.0000,False,False,False
9236,1.0000,0.0000,False,False,False
9237,1.0000,0.0000,False,False,False
9238,1.0000,0.0000,False,False,False
9239,1.0000,0.0000,False,False,False
9240,1.0000,0.0000,False,False,False
9241,1.0000,0.0000,False,False,False
9242,1.0000,0.0000,False,False,False
9243,1.0000,0.0000,False,False,False
9244,1.0000,0.0000,False,False,False
9245,1.0000,0.0000,False,False,False
9246,1.0000,0.0000,False,False,False
9247,1.0000,0.0000,False,False,False
9248,0.0000,1.0000,False,False,False
9249,1.0000,0.0000,False,False,False
9250,1.0000,0.0000,False,False,False
9251,1.0000,0.0000,False,False,False
9252,1.0000,0.0000,False,False,False
9253,1.0000,0.0000,False,False,False
9254,1.0000,0.0000,False,False,False
9255,1.0000,0.0000,False,False,False
9256,1.0000,0.0000,False,False,False
9257,0.0000,1.0000,False,False,False
9258,0.0000,1.0000,False,False,False
9259,1.0000,0.0000,False,False,False
9260,1.0000,0.0000,False,False,False
9261,1.0000,0.0000,False,False,False
9262,1.0000,0.0000,False,False,False
9263,1.0000,0.0000,False,False,False
9264,1.0000,0.0000,False,False,False
9265,1.0000,0.0000,False,False,False
9266,1.0000,0.0000,False,False,False
9267,1.0000,0.0000,False,False,False
9268,1.0000,0.0000,False,False,False
9269,1.0000,0.0000,False,False,False
9270,0.0000,1.0000,False,False,False
9271,1.0000,0.0000,False,False,False
9272,1.0000,0.0000,False,False,False
9273,0.0000,1.0000,False,False,False
9274,1.0000,0.0000,False,False,False
9275,1.0000,0.0000,False,False,False
9276,1.0000,0.0000,False,False,False
9277,1.0000,0.0000,False,False,False
9278,0.0000,1.0000,False,False,False
9279,1.0000,0.0000,False,False,False
9280,1.0000,0.0000,False,False,False
9281,1.0000,0.0000,False,False,False
9282,1.0000,0.0000,False,False,False
9283,1.0000,0.0000,False,False,False
9284,1.0000,0.0000,False,False,False
9285,1.0000,0.0000,False,False,False
9286,0.0000,1.0000,False,False,False
9287,1.0000,0.0000,False,False,False
9288,1.0000,0.0000,False,False,False
9289,0.0000,1.0000,False,False,False
9290,1.0000,0.0000,False,False,False
9291,1.0000,0.0000,False,False,False
9292,1.0000,0.0000,False,False,False
9293,1.0000,0.0000,False,False,False
9294,1.0000,0.0000,False,False,False
9295,1.0000,0.0000,False,False,False
9296,1.0000,0.0000,False,False,False
9297,1.0000,0.0000,False,False,False
9298,1.0000,0.0000,False,False,False
9299,0.0000,1.0000,False,False,False
9300,1.0000,0.0000,False,False,False
9301,1.0000,0.0000,False,False,False
9302,1.0000,0.0000,False,False,False
9303,1.0000,0.0000,False,False,False
9304,1.0000,0.0000,False,False,False
9305,0.0000,1.0000,False,False,False
9306,0.0000,1.0000,False,False,False
9307,1.0000,0.0000,False,False,False
9308,1.0000,0.0000,False,False,False
9309,0.0000,1.0000,False,False,False
9310,1.0000,0.0000,False,False,False
9311,1.0000,0.0000,False,False,False
9312,0.0000,1.0000,False,False,False
9313,1.0000,0.0000,False,False,False
9314,1.0000,0.0000,False,False,False
9315,0.0000,1.0000,False,False,False
9316,1.0000,0.0000,False,False,False
9317,1.0000,0.0000,False,False,False
9318,1.0000,0.0000,False,False,False
9319,1.0000,0.0000,False,False,False
9320,1.0000,0.0000,False,False,False
9321,1.0000,0.0000,False,False,False
9322,0.0000,1.0000,False,False,False
9323,1.0000,0.0000,False,False,False
9324,1.0000,0.0000,False,False,False
9325,1.0000,0.0000,False,False,False
9326,1.0000,0.0000,False,False,False
9327,1.0000,0.0000,False,False,False
9328,0.0000,1.0000,False,False,False
9329,1.0000,0.0000,False,False,False
9330,1.0000,0.0000,False,False,False
9331,0.0000,1.0000,False,False,False
9332,1.0000,0.0000,False,False,False
9333,0.0000,1.0000,False,False,False
9334,1.0000,0.0000,False,False,False
9335,1.0000,0.0000,False,False,False
9336,1.0000,0.0000,False,False,False
9337,1.0000,0.0000,False,False,False
9338,1.0000,0.0000,False,False,False
9339,1.0000,0.0000,False,False,False
9340,1.0000,0.0000,False,False,False
9341,0.0000,1.0000,False,False,False
9342,1.0000,0.0000,False,False,False
9343,1.0000,0.0000,False,False,False
9344,0.0000,1.0000,False,False,False
9345,1.0000,0.0000,False,False,False
9346,1.0000,0.0000,False,False,False
9347,1.0000,0.0000,False,False,False
9348,1.0000,0.0000,False,False,False
9349,1.0000,0.0000,False,False,False
9350,1.0000,0.0000,False,False,False
9351,1.0000,0.0000,False,False,False
9352,1.0000,0.0000,False,False,False
9353,1.0000,0.0000,False,False,False
9354,0.0000,1.0000,False,False,False
9355,0.0000,1.0000,False,False,False
9356,1.0000,0.0000,False,False,False
9357,0.0000,1.0000,False,False,False
9358,1.0000,0.0000,False,False,False
9359,0.0000,1.0000,False,False,False
9360,1.0000,0.0000,False,False,False
9361,1.0000,0.0000,False,False,False
9362,1.0000,0.0000,False,False,False
9363,1.0000,0.0000,False,False,False
9364,1.0000,0.0000,False,False,False
9365,1.0000,0.0000,False,False,False
9366,0.0000,1.0000,False,False,False
9367,1.0000,0.0000,False,False,False
9368,1.0000,0.0000,False,False,False
9369,1.0000,0.0000,False,False,False
9370,1.0000,0.0000,False,False,False
9371,1.0000,0.0000,False,False,False
9372,1.0000,0.0000,False,False,False
9373,1.0000,0.0000,False,False,False
9374,1.0000,0.0000,False,False,False
9375,1.0000,0.0000,False,False,False
9376,1.0000,0.0000,False,False,False
9377,0.0000,1.0000,False,False,False
9378,0.0000,1.0000,False,False,False
9379,0.0000,1.0000,False,False,False
9380,1.0000,0.0000,False,False,False
9381,1.0000,0.0000,False,False,False
9382,0.0000,1.0000,False,False,False
9383,1.0000,0.0000,False,False,False
9384,1.0000,0.0000,False,False,False
9385,1.0000,0.0000,False,False,False
9386,1.0000,0.0000,False,False,False
9387,1.0000,0.0000,False,False,False
9388,1.0000,0.0000,False,False,False
9389,0.0000,1.0000,False,False,False
9390,0.0000,1.0000,False,False,False
9391,1.0000,0.0000,False,False,False
9392,1.0000,0.0000,False,False,False
9393,1.0000,0.0000,False,False,False
9394,1.0000,0.0000,False,False,False
9395,1.0000,0.0000,False,False,False
9396,1.0000,0.0000,False,False,False
9397,1.0000,0.0000,False,False,False
9398,1.0000,0.0000,False,False,False
9399,1.0000,0.0000,False,False,False
9400,1.0000,0.0000,False,False,False
9401,1.0000,0.0000,False,False,False
9402,1.0000,0.0000,False,False,False
9403,1.0000,0.0000,False,False,False
9404,1.0000,0.0000,False,False,False
9405,0.0000,1.0000,False,False,False
9406,0.0000,1.0000,False,False,False
9407,1.0000,0.0000,False,False,False
9408,1.0000,0.0000,False,False,False
9409,1.0000,0.0000,False,False,False
9410,1.0000,0.0000,False,False,False
9411,1.0000,0.0000,False,False,False
9412,0.0000,1.0000,False,False,False
9413,1.0000,0.0000,False,False,False
9414,0.0000,1.0000,False,False,False
9415,1.0000,0.0000,False,False,False
9416,0.0000,1.0000,False,False,False
9417,1.0000,0.0000,False,False,False
9418,1.0000,0.0000,False,False,False
9419,1.0000,0.0000,False,False,False
9420,1.0000,0.0000,False,False,False
9421,1.0000,0.0000,False,False,False
9422,0.0000,1.0000,False,False,False
9423,1.0000,0.0000,False,False,False
9424,0.0000,1.0000,False,False,False
9425,1.0000,0.0000,False,False,False
9426,1.0000,0.0000,False,False,False
9427,1.0000,0.0000,False,False,False
9428,1.0000,0.0000,False,False,False
9429,1.0000,0.0000,False,False,False
9430,1.0000,0.0000,False,False,False
9431,1.0000,0.0000,False,False,False
9432,1.0000,0.0000,False,False,False
9433,1.0000,0.0000,False,False,False
9434,0.0000,1.0000,False,False,False
9435,1.0000,0.0000,False,False,False
9436,1.0000,0.0000,False,False,False
9437,1.0000,0.0000,False,False,False
9438,1.0000,0.0000,False,False,False
9439,1.0000,0.0000,False,False,False
9440,1.0000,0.0000,False,False,False
9441,1.0000,0.0000,False,False,False
9442,1.0000,0.0000,False,False,False
9443,1.0000,0.0000,False,False,False
9444,1.0000,0.0000,False,False,False
9445,1.0000,0.0000,False,False,False
9446,0.0000,1.0000,False,False,False
9447,0.0000,1.0000,False,False,False
9448,0.0000,1.0000,False,False,False
9449,0.0000,1.0000,False,False,False
9450,1.0000,0.0000,False,False,False
9451,1.0000,0.0000,False,False,False
9452,1.0000,0.0000,False,False,False
9453,0.0000,1.0000,False,False,False
9454,1.0000,0.0000,False,False,False
9455,0.0000,1.0000,False,False,False
9456,1.0000,0.0000,False,False,False
9457,1.0000,0.0000,False,False,False
9458,1.0000,0.0000,False,False,False
9459,1.0000,0.0000,False,False,False
9460,1.0000,0.0000,False,False,False
9461,0.0000,1.0000,False,False,False
9462,1.0000,0.0000,False,False,False
9463,1.0000,0.0000,False,False,False
9464,1.0000,0.0000,False,False,False
9465,1.0000,0.0000,False,False,False
9466,1.0000,0.0000,False,False,False
9467,1.0000,0.0000,False,False,False
9468,1.0000,0.0000,False,False,False
9469,1.0000,0.0000,False,False,False
9470,1.0000,0.0000,False,False,False
9471,1.0000,0.0000,False,False,False
9472,1.0000,0.0000,False,False,False
9473,1.0000,0.0000,False,False,False
9474,1.0000,0.0000,False,False,False
9475,1.0000,0.0000,False,False,False
9476,1.0000,0.0000,False,False,False
9477,0.0000,1.0000,False,False,False
9478,0.0000,1.0000,False,False,False
9479,1.0000,0.0000,False,False,False
9480,1.0000,0.0000,False,False,False
9481,1.0000,0.0000,False,False,False
9482,1.0000,0.0000,False,False,False
9483,1.0000,0.0000,False,False,False
9484,1.0000,0.0000,False,False,False
9485,0.0000,1.0000,False,False,False
9486,1.0000,0.0000,False,False,False
9487,1.0000,0.0000,False,False,False
9488,1.0000,0.0000,False,False,False
9489,0.0000,1.0000,False,False,False
9490,1.0000,0.0000,False,False,False
9491,1.0000,0.0000,False,False,False
9492,1.0000,0.0000,False,False,False
9493,1.0000,0.0000,False,False,False
9494,1.0000,0.0000,False,False,False
9495,0.0000,1.0000,False,False,False
9496,1.0000,0.0000,False,False,False
9497,1.0000,0.0000,False,False,False
9498,1.0000,0.0000,False,False,False
9499,0.0000,1.0000,False,False,False
9500,1.0000,0.0000,False,False,False
9501,1.0000,0.0000,False,False,False
9502,0.0000,1.0000,False,False,False
9503,0.0000,1.0000,False,False,False
9504,1.0000,0.0000,False,False,False
9505,1.0000,0.0000,False,False,False
9506,1.0000,0.0000,False,False,False
9507,1.0000,0.0000,False,False,False
9508,1.0000,0.0000,False,False,False
9509,1.0000,0.0000,False,False,False
9510,0.0000,1.0000,False,False,False
9511,1.0000,0.0000,False,False,False
9512,0.0000,1.0000,False,False,False
9513,1.0000,0.0000,False,False,False
9514,1.0000,0.0000,False,False,False
9515,1.0000,0.0000,False,False,False
9516,0.0000,1.0000,False,False,False
9517,1.0000,0.0000,False,False,False
9518,1.0000,0.0000,False,False,False
9519,1.0000,0.0000,False,False,False
9520,1.0000,0.0000,False,False,False
9521,1.0000,0.0000,False,False,False
9522,1.0000,0.0000,False,False,False
9523,1.0000,0.0000,False,False,False
9524,1.0000,0.0000,False,False,False
9525,1.0000,0.0000,False,False,False
9526,1.0000,0.0000,False,False,False
9527,1.0000,0.0000,False,False,False
9528,0.0000,1.0000,False,False,False
9529,1.0000,0.0000,False,False,False
9530,1.0000,0.0000,False,False,False
9531,1.0000,0.0000,False,False,False
9532,0.0000,1.0000,False,False,False
9533,0.0000,1.0000,False,False,False
9534,1.0000,0.0000,False,False,False
9535,1.0000,0.0000,False,False,False
9536,1.0000,0.0000,False,False,False
9537,1.0000,0.0000,False,False,False
9538,0.0000,1.0000,False,False,False
9539,1.0000,0.0000,False,False,False
9540,1.0000,0.0000,False,False,False
9541,1.0000,0.0000,False,False,False
9542,1.0000,0.0000,False,False,False
9543,0.0000,1.0000,False,False,False
9544,1.0000,0.0000,False,False,False
9545,0.0000,1.0000,False,False,False
9546,0.0000,1.0000,False,False,False
9547,1.0000,0.0000,False,False,False
9548,0.0000,1.0000,False,False,False
9549,0.0000,1.0000,False,False,False
9550,1.0000,0.0000,False,False,False
9551,1.0000,0.0000,False,False,False
9552,1.0000,0.0000,False,False,False
9553,1.0000,0.0000,False,False,False
9554,1.0000,0.0000,False,False,False
9555,0.0000,1.0000,False,False,False
9556,1.0000,0.0000,False,False,False
9557,0.0000,1.0000,False,False,False
9558,1.0000,0.0000,False,False,False
9559,1.0000,0.0000,False,False,False
9560,0.0000,1.0000,False,False,False
9561,0.0000,1.0000,False,False,False
9562,1.0000,0.0000,False,False,False
9563,1.0000,0.0000,False,False,False
9564,1.0000,0.0000,False,False,False
9565,1.0000,0.0000,False,False,False
9566,1.0000,0.0000,False,False,False
9567,1.0000,0.0000,False,False,False
9568,1.0000,0.0000,False,False,False
9569,1.0000,0.0000,False,False,False
9570,1.0000,0.0000,False,False,False
9571,1.0000,0.0000,False,False,False
9572,0.0000,1.0000,False,False,False
9573,1.0000,0.0000,False,False,False
9574,1.0000,0.0000,False,False,False
9575,1.0000,0.0000,False,False,False
9576,1.0000,0.0000,False,False,False
9577,1.0000,0.0000,False,False,False
9578,1.0000,0.0000,False,False,False
9579,0.0000,1.0000,False,False,False
9580,1.0000,0.0000,False,False,False
9581,1.0000,0.0000,False,False,False
9582,1.0000,0.0000,False,False,False
9583,0.0000,1.0000,False,False,False
9584,1.0000,0.0000,False,False,False
9585,1.0000,0.0000,False,False,False
9586,1.0000,0.0000,False,False,False
9587,1.0000,0.0000,False,False,False
9588,1.0000,0.0000,False,False,False
9589,1.0000,0.0000,False,False,False
9590,1.0000,0.0000,False,False,False
9591,1.0000,0.0000,False,False,False
9592,1.0000,0.0000,False,False,False
9593,1.0000,0.0000,False,False,False
9594,1.0000,0.0000,False,False,False
9595,1.0000,0.0000,False,False,False
9596,1.0000,0.0000,False,False,False
9597,0.0000,1.0000,False,False,False
9598,0.0000,1.0000,False,False,False
9599,1.0000,0.0000,False,False,False
9600,0.0000,1.0000,False,False,False
9601,1.0000,0.0000,False,False,False
9602,1.0000,0.0000,False,False,False
9603,0.0000,1.0000,False,False,False
9604,1.0000,0.0000,False,False,False
9605,0.0000,1.0000,False,False,False
9606,1.0000,0.0000,False,False,False
9607,0.0000,1.0000,False,False,False
9608,1.0000,0.0000,False,False,False
9609,1.0000,0.0000,False,False,False
9610,0.0000,1.0000,False,False,False
9611,1.0000,0.0000,False,False,False
9612,1.0000,0.0000,False,False,False
9613,1.0000,0.0000,False,False,False
9614,1.0000,0.0000,False,False,False
9615,1.0000,0.0000,False,False,False
9616,1.0000,0.0000,False,False,False
9617,1.0000,0.0000,False,False,False
9618,1.0000,0.0000,False,False,False
9619,1.0000,0.0000,False,False,False
9620,1.0000,0.0000,False,False,False
9621,1.0000,0.0000,False,False,False
9622,0.0000,1.0000,False,False,False
9623,1.0000,0.0000,False,False,False
9624,1.0000,0.0000,False,False,False
9625,0.0000,1.0000,False,False,False
9626,0.0000,1.0000,False,False,False
9627,1.0000,0.0000,False,False,False
9628,1.0000,0.0000,False,False,False
9629,1.0000,0.0000,False,False,False
9630,1.0000,0.0000,False,False,False
9631,1.0000,0.0000,False,False,False
9632,1.0000,0.0000,False,False,False
9633,1.0000,0.0000,False,False,False
9634,1.0000,0.0000,False,False,False
9635,1.0000,0.0000,False,False,False
9636,1.0000,0.0000,False,False,False
9637,1.0000,0.0000,False,False,False
9638,1.0000,0.0000,False,False,False
9639,1.0000,0.0000,False,False,False
9640,1.0000,0.0000,False,False,False
9641,1.0000,0.0000,False,False,False
9642,1.0000,0.0000,False,False,False
9643,1.0000,0.0000,False,False,False
9644,1.0000,0.0000,False,False,False
9645,1.0000,0.0000,False,False,False
9646,0.0000,1.0000,False,False,False
9647,0.0000,1.0000,False,False,False
9648,0.0000,1.0000,False,False,False
9649,1.0000,0.0000,False,False,False
9650,1.0000,0.0000,False,False,False
9651,1.0000,0.0000,False,False,False
9652,1.0000,0.0000,False,False,False
9653,1.0000,0.0000,False,False,False
9654,1.0000,0.0000,False,False,False
9655,1.0000,0.0000,False,False,False
9656,1.0000,0.0000,False,False,False
9657,1.0000,0.0000,False,False,False
9658,0.0000,1.0000,False,False,False
9659,1.0000,0.0000,False,False,False
9660,1.0000,0.0000,False,False,False
9661,1.0000,0.0000,False,False,False
9662,1.0000,0.0000,False,False,False
9663,1.0000,0.0000,False,False,False
9664,0.0000,1.0000,False,False,False
9665,1.0000,0.0000,False,False,False
9666,1.0000,0.0000,False,False,False
9667,1.0000,0.0000,False,False,False
9668,1.0000,0.0000,False,False,False
9669,1.0000,0.0000,False,False,False
9670,1.0000,0.0000,False,False,False
9671,1.0000,0.0000,False,False,False
9672,1.0000,0.0000,False,False,False
9673,1.0000,0.0000,False,False,False
9674,1.0000,0.0000,False,False,False
9675,1.0000,0.0000,False,False,False
9676,1.0000,0.0000,False,False,False
9677,1.0000,0.0000,False,False,False
9678,1.0000,0.0000,False,False,False
9679,1.0000,0.0000,False,False,False
9680,1.0000,0.0000,False,False,False
9681,1.0000,0.0000,False,False,False
9682,1.0000,0.0000,False,False,False
9683,1.0000,0.0000,False,False,False
9684,1.0000,0.0000,False,False,False
9685,1.0000,0.0000,False,False,False
9686,1.0000,0.0000,False,False,False
9687,1.0000,0.0000,False,False,False
9688,1.0000,0.0000,False,False,False
9689,1.0000,0.0000,False,False,False
9690,1.0000,0.0000,False,False,False
9691,1.0000,0.0000,False,False,False
9692,1.0000,0.0000,False,False,False
9693,0.0000,1.0000,False,False,False
9694,1.0000,0.0000,False,False,False
9695,0.0000,1.0000,False,False,False
9696,1.0000,0.0000,False,False,False
9697,1.0000,0.0000,False,False,False
9698,1.0000,0.0000,False,False,False
9699,1.0000,0.0000,False,False,False
9700,1.0000,0.0000,False,False,False
9701,1.0000,0.0000,False,False,False
9702,1.0000,0.0000,False,False,False
9703,1.0000,0.0000,False,False,False
9704,0.0000,1.0000,False,False,False
9705,1.0000,0.0000,False,False,False
9706,1.0000,0.0000,False,False,False
9707,1.0000,0.0000,False,False,False
9708,1.0000,0.0000,False,False,False
9709,1.0000,0.0000,False,False,False
9710,1.0000,0.0000,False,False,False
9711,0.0000,1.0000,False,False,False
9712,0.0000,1.0000,False,False,False
9713,1.0000,0.0000,False,False,False
9714,0.0000,1.0000,False,False,False
9715,1.0000,0.0000,False,False,False
9716,1.0000,0.0000,False,False,False
9717,0.0000,1.0000,False,False,False
9718,0.0000,1.0000,False,False,False
9719,0.0000,1.0000,False,False,False
9720,1.0000,0.0000,False,False,False
9721,1.0000,0.0000,False,False,False
9722,1.0000,0.0000,False,False,False
9723,1.0000,0.0000,False,False,False
9724,1.0000,0.0000,False,False,False
9725,0.0000,1.0000,False,False,False
9726,1.0000,0.0000,False,False,False
9727,1.0000,0.0000,False,False,False
9728,1.0000,0.0000,False,False,False
9729,1.0000,0.0000,False,False,False
9730,1.0000,0.0000,False,False,False
9731,1.0000,0.0000,False,False,False
9732,1.0000,0.0000,False,False,False
9733,1.0000,0.0000,False,False,False
9734,1.0000,0.0000,False,False,False
9735,1.0000,0.0000,False,False,False
9736,1.0000,0.0000,False,False,False
9737,1.0000,0.0000,False,False,False
9738,1.0000,0.0000,False,False,False
9739,1.0000,0.0000,False,False,False
9740,0.0000,1.0000,False,False,False
9741,1.0000,0.0000,False,False,False
9742,1.0000,0.0000,False,False,False
9743,1.0000,0.0000,False,False,False
9744,0.0000,1.0000,False,False,False
9745,1.0000,0.0000,False,False,False
9746,1.0000,0.0000,False,False,False
9747,1.0000,0.0000,False,False,False
9748,1.0000,0.0000,False,False,False
9749,1.0000,0.0000,False,False,False
9750,1.0000,0.0000,False,False,False
9751,0.0000,1.0000,False,False,False
9752,1.0000,0.0000,False,False,False
9753,1.0000,0.0000,False,False,False
9754,0.0000,1.0000,False,False,False
9755,1.0000,0.0000,False,False,False
9756,0.0000,1.0000,False,False,False
9757,1.0000,0.0000,False,False,False
9758,0.0000,1.0000,False,False,False
9759,0.0000,1.0000,False,False,False
9760,1.0000,0.0000,False,False,False
9761,1.0000,0.0000,False,False,False
9762,1.0000,0.0000,False,False,False
9763,0.0000,1.0000,False,False,False
9764,1.0000,0.0000,False,False,False
9765,1.0000,0.0000,False,False,False
9766,0.0000,1.0000,False,False,False
9767,1.0000,0.0000,False,False,False
9768,1.0000,0.0000,False,False,False
9769,1.0000,0.0000,False,False,False
9770,1.0000,0.0000,False,False,False
9771,1.0000,0.0000,False,False,False
9772,1.0000,0.0000,False,False,False
9773,1.0000,0.0000,False,False,False
9774,1.0000,0.0000,False,False,False
9775,0.0000,1.0000,False,False,False
9776,1.0000,0.0000,False,False,False
9777,1.0000,0.0000,False,False,False
9778,1.0000,0.0000,False,False,False
9779,1.0000,0.0000,False,False,False
9780,0.0000,1.0000,False,False,False
9781,0.0000,1.0000,False,False,False
9782,1.0000,0.0000,False,False,False
9783,0.0000,1.0000,False,False,False
9784,0.0000,1.0000,False,False,False
9785,1.0000,0.0000,False,False,False
9786,1.0000,0.0000,False,False,False
9787,1.0000,0.0000,False,False,False
9788,1.0000,0.0000,False,False,False
9789,1.0000,0.0000,False,False,False
9790,1.0000,0.0000,False,False,False
9791,0.0000,1.0000,False,False,False
9792,1.0000,0.0000,False,False,False
9793,0.0000,1.0000,False,False,False
9794,1.0000,0.0000,False,False,False
9795,1.0000,0.0000,False,False,False
9796,1.0000,0.0000,False,False,False
9797,1.0000,0.0000,False,False,False
9798,1.0000,0.0000,False,False,False
9799,0.0000,1.0000,False,False,False
9800,1.0000,0.0000,False,False,False
9801,1.0000,0.0000,False,False,False
9802,1.0000,0.0000,False,False,False
9803,1.0000,0.0000,False,False,False
9804,1.0000,0.0000,False,False,False
9805,0.0000,1.0000,False,False,False
9806,0.0000,1.0000,False,False,False
9807,1.0000,0.0000,False,False,False
9808,1.0000,0.0000,False,False,False
9809,1.0000,0.0000,False,False,False
9810,1.0000,0.0000,False,False,False
9811,1.0000,0.0000,False,False,False
9812,1.0000,0.0000,False,False,False
9813,1.0000,0.0000,False,False,False
9814,0.0000,1.0000,False,False,False
9815,0.0000,1.0000,False,False,False
9816,0.0000,1.0000,False,False,False
9817,1.0000,0.0000,False,False,False
9818,0.0000,1.0000,False,False,False
9819,1.0000,0.0000,False,False,False
9820,1.0000,0.0000,False,False,False
9821,1.0000,0.0000,False,False,False
9822,1.0000,0.0000,False,False,False
9823,0.0000,1.0000,False,False,False
9824,1.0000,0.0000,False,False,False
9825,1.0000,0.0000,False,False,False
9826,1.0000,0.0000,False,False,False
9827,1.0000,0.0000,False,False,False
9828,1.0000,0.0000,False,False,False
9829,1.0000,0.0000,False,False,False
9830,1.0000,0.0000,False,False,False
9831,1.0000,0.0000,False,False,False
9832,1.0000,0.0000,False,False,False
9833,1.0000,0.0000,False,False,False
9834,1.0000,0.0000,False,False,False
9835,1.0000,0.0000,False,False,False
9836,1.0000,0.0000,False,False,False
9837,1.0000,0.0000,False,False,False
9838,0.0000,1.0000,False,False,False
9839,1.0000,0.0000,False,False,False
9840,0.0000,1.0000,False,False,False
9841,0.0000,1.0000,False,False,False
9842,1.0000,0.0000,False,False,False
9843,0.0000,1.0000,False,False,False
9844,1.0000,0.0000,False,False,False
9845,1.0000,0.0000,False,False,False
9846,1.0000,0.0000,False,False,False
9847,0.0000,1.0000,False,False,False
9848,0.0000,1.0000,False,False,False
9849,0.0000,1.0000,False,False,False
9850,1.0000,0.0000,False,False,False
9851,1.0000,0.0000,False,False,False
9852,1.0000,0.0000,False,False,False
9853,1.0000,0.0000,False,False,False
9854,1.0000,0.0000,False,False,False
9855,1.0000,0.0000,False,False,False
9856,1.0000,0.0000,False,False,False
9857,0.0000,1.0000,False,False,False
9858,1.0000,0.0000,False,False,False
9859,1.0000,0.0000,False,False,False
9860,0.0000,1.0000,False,False,False
9861,0.0000,1.0000,False,False,False
9862,1.0000,0.0000,False,False,False
9863,1.0000,0.0000,False,False,False
9864,1.0000,0.0000,False,False,False
9865,0.0000,1.0000,False,False,False
9866,1.0000,0.0000,False,False,False
9867,0.0000,1.0000,False,False,False
9868,1.0000,0.0000,False,False,False
9869,1.0000,0.0000,False,False,False
9870,1.0000,0.0000,False,False,False
9871,0.0000,1.0000,False,False,False
9872,1.0000,0.0000,False,False,False
9873,1.0000,0.0000,False,False,False
9874,1.0000,0.0000,False,False,False
9875,0.0000,1.0000,False,False,False
9876,1.0000,0.0000,False,False,False
9877,1.0000,0.0000,False,False,False
9878,1.0000,0.0000,False,False,False
9879,1.0000,0.0000,False,False,False
9880,1.0000,0.0000,False,False,False
9881,0.0000,1.0000,False,False,False
9882,0.0000,1.0000,False,False,False
9883,0.0000,1.0000,False,False,False
9884,1.0000,0.0000,False,False,False
9885,1.0000,0.0000,False,False,False
9886,1.0000,0.0000,False,False,False
9887,1.0000,0.0000,False,False,False
9888,1.0000,0.0000,False,False,False
9889,1.0000,0.0000,False,False,False
9890,1.0000,0.0000,False,False,False
9891,0.0000,1.0000,False,False,False
9892,0.0000,1.0000,False,False,False
9893,1.0000,0.0000,False,False,False
9894,1.0000,0.0000,False,False,False
9895,1.0000,0.0000,False,False,False
9896,0.0000,1.0000,False,False,False
9897,1.0000,0.0000,False,False,False
9898,0.0000,1.0000,False,False,False
9899,0.0000,1.0000,False,False,False
9900,1.0000,0.0000,False,False,False
9901,1.0000,0.0000,False,False,False
9902,0.0000,1.0000,False,False,False
9903,1.0000,0.0000,False,False,False
9904,1.0000,0.0000,False,False,False
9905,1.0000,0.0000,False,False,False
9906,1.0000,0.0000,False,False,False
9907,1.0000,0.0000,False,False,False
9908,1.0000,0.0000,False,False,False
9909,1.0000,0.0000,False,False,False
9910,1.0000,0.0000,False,False,False
9911,1.0000,0.0000,False,False,False
9912,1.0000,0.0000,False,False,False
9913,1.0000,0.0000,False,False,False
9914,1.0000,0.0000,False,False,False
9915,0.0000,1.0000,False,False,False
9916,1.0000,0.0000,False,False,False
9917,0.0000,1.0000,False,False,False
9918,1.0000,0.0000,False,False,False
9919,1.0000,0.0000,False,False,False
9920,0.0000,1.0000,False,False,False
9921,1.0000,0.0000,False,False,False
9922,1.0000,0.0000,False,False,False
9923,0.0000,1.0000,False,False,False
9924,1.0000,0.0000,False,False,False
9925,1.0000,0.0000,False,False,False
9926,0.0000,1.0000,False,False,False
9927,0.0000,1.0000,False,False,False
9928,0.0000,1.0000,False,False,False
9929,1.0000,0.0000,False,False,False
9930,0.0000,1.0000,False,False,False
9931,1.0000,0.0000,False,False,False
9932,0.0000,1.0000,False,False,False
9933,1.0000,0.0000,False,False,False
9934,1.0000,0.0000,False,False,False
9935,1.0000,0.0000,False,False,False
9936,1.0000,0.0000,False,False,False
9937,1.0000,0.0000,False,False,False
9938,1.0000,0.0000,False,False,False
9939,0.0000,1.0000,False,False,False
9940,1.0000,0.0000,False,False,False
9941,1.0000,0.0000,False,False,False
9942,1.0000,0.0000,False,False,False
9943,1.0000,0.0000,False,False,False
9944,0.0000,1.0000,False,False,False
9945,1.0000,0.0000,False,False,False
9946,1.0000,0.0000,False,False,False
9947,1.0000,0.0000,False,False,False
9948,1.0000,0.0000,False,False,False
9949,1.0000,0.0000,False,False,False
9950,1.0000,0.0000,False,False,False
9951,1.0000,0.0000,False,False,False
9952,1.0000,0.0000,False,False,False
9953,1.0000,0.0000,False,False,False
9954,1.0000,0.0000,False,False,False
9955,0.0000,1.0000,False,False,False
9956,0.0000,1.0000,False,False,False
9957,0.0000,1.0000,False,False,False
9958,1.0000,0.0000,False,False,False
9959,0.0000,1.0000,False,False,False
9960,0.0000,1.0000,False,False,False
9961,0.0000,1.0000,False,False,False
9962,1.0000,0.0000,False,False,False
9963,1.0000,0.0000,False,False,False
9964,1.0000,0.0000,False,False,False
9965,0.0000,1.0000,False,False,False
9966,1.0000,0.0000,False,False,False
9967,1.0000,0.0000,False,False,False
9968,1.0000,0.0000,False,False,False
9969,1.0000,0.0000,False,False,False
9970,0.0000,1.0000,False,False,False
9971,1.0000,0.0000,False,False,False
9972,0.0000,1.0000,False,False,False
9973,1.0000,0.0000,False,False,False
9974,0.0000,1.0000,False,False,False
9975,0.0000,1.0000,False,False,False
9976,1.0000,0.0000,False,False,False
9977,1.0000,0.0000,False,False,False
9978,1.0000,0.0000,False,False,False
9979,1.0000,0.0000,False,False,False
9980,1.0000,0.0000,False,False,False
9981,1.0000,0.0000,False,False,False
9982,1.0000,0.0000,False,False,False
9983,1.0000,0.0000,False,False,False
9984,1.0000,0.0000,False,False,False
9985,1.0000,0.0000,False,False,False
9986,0.0000,1.0000,False,False,False
9987,1.0000,0.0000,False,False,False
9988,1.0000,0.0000,False,False,False
9989,0.0000,1.0000,False,False,False
9990,1.0000,0.0000,False,False,False
9991,0.0000,1.0000,False,False,False
9992,1.0000,0.0000,False,False,False
9993,1.0000,0.0000,False,False,False
9994,1.0000,0.0000,False,False,False
9995,1.0000,0.0000,False,False,False
9996,1.0000,0.0000,False,False,False
9997,1.0000,0.0000,False,False,False
9998,1.0000,0.0000,False,False,False
9999,1.0000,0.0000,False,False,False
10000,1.0000,0.0000,True,True,False
10001,1.0000,0.0000,True,True,False
10002,1.0000,0.0000,True,True,False
10003,1.0000,0.0000,True,True,False
10004,1.0000,0.0000,True,True,False
10005,1.0000,0.0000,True,True,False
10006,1.0000,0.0000,True,True,False
10007,1.0000,0.0000,True,True,False
10008,1.0000,0.0000,True,True,False
10009,1.0000,0.0000,True,True,False
10010,1.0000,0.0000,True,False,True
10011,1.0000,0.0000,False,False,False
10012,1.0000,0.0000,False,False,False
10013,1.0000,0.0000,False,False,False
10014,1.0000,0.0000,False,False,False
10015,1.0000,0.0000,False,False,False
10016,1.0000,0.0000,False,False,False
10017,1.0000,0.0000,False,False,False
10018,1.0000,0.0000,False,False,False
10019,1.0000,0.0000,False,False,False
10020,0.0000,1.0000,False,False,False
10021,1.0000,0.0000,False,False,False
10022,1.0000,0.0000,False,False,False
10023,1.0000,0.0000,False,False,False
10024,1.0000,0.0000,False,False,False
10025,1.0000,0.0000,False,False,False
10026,1.0000,0.0000,False,False,False
10027,1.0000,0.0000,False,False,False
10028,1.0000,0.0000,False,False,False
10029,1.0000,0.0000,False,False,False
10030,1.0000,0.0000,False,False,False
10031,0.0000,1.0000,False,False,False
10032,1.0000,0.0000,False,False,False
10033,1.0000,0.0000,False,False,False
10034,0.0000,1.0000,False,False,False
10035,1.0000,0.0000,False,False,False
10036,1.0000,0.0000,False,False,False
10037,0.0000,1.0000,False,False,False
10038,0.0000,1.0000,False,False,False
10039,1.0000,0.0000,False,False,False
10040,1.0000,0.0000,False,False,False
10041,1.0000,0.0000,False,False,False
10042,1.0000,0.0000,False,False,False
10043,1.0000,0.0000,False,False,False
10044,1.0000,0.0000,False,False,False
10045,0.0000,1.0000,False,False,False
10046,1.0000,0.0000,False,False,False
10047,1.0000,0.0000,False,False,False
10048,1.0000,0.0000,False,False,False
10049,1.0000,0.0000,False,False,False
10050,1.0000,0.0000,False,False,False
10051,1.0000,0.0000,False,False,False
10052,0.0000,1.0000,False,False,False
10053,0.0000,1.0000,False,False,False
10054,1.0000,0.0000,False,False,False
10055,1.0000,0.0000,False,False,False
10056,1.0000,0.0000,False,False,False
10057,0.0000,1.0000,False,False,False
10058,0.0000,1.0000,False,False,False
10059,1.0000,0.0000,False,False,False
10060,1.0000,0.0000,False,False,False
10061,1.0000,0.0000,False,False,False
10062,0.0000,1.0000,False,False,False
10063,1.0000,0.0000,False,False,False
10064,0.0000,1.0000,False,False,False
10065,1.0000,0.0000,False,False,False
10066,1.0000,0.0000,False,False,False
10067,1.0000,0.0000,False,False,False
10068,1.0000,0.0000,False,False,False
10069,1.0000,0.0000,False,False,False
10070,1.0000,0.0000,False,False,False
10071,1.0000,0.0000,False,False,False
10072,1.0000,0.0000,False,False,False
10073,1.0000,0.0000,False,False,False
10074,0.0000,1.0000,False,False,False
10075,1.0000,0.0000,False,False,False
10076,1.0000,0.0000,False,False,False
10077,1.0000,0.0000,False,False,False
10078,1.0000,0.0000,False,False,False
10079,1.0000,0.0000,False,False,False
10080,0.0000,1.0000,False,False,False
10081,1.0000,0.0000,False,False,False
10082,1.0000,0.0000,False,False,False
10083,1.0000,0.0000,False,False,False
10084,1.0000,0.0000,False,False,False
10085,1.0000,0.0000,False,False,False
10086,1.0000,0.0000,False,False,False
10087,0.0000,1.0000,False,False,False
10088,1.0000,0.0000,False,False,False
10089,1.0000,0.0000,False,False,False
10090,1.0000,0.0000,False,False,False
10091,1.0000,0.0000,False,False,False
10092,1.0000,0.0000,False,False,False
10093,1.0000,0.0000,False,False,False
10094,0.0000,1.0000,False,False,False
10095,1.0000,0.0000,False,False,False
10096,1.0000,0.0000,False,False,False
10097,1.0000,0.0000,False,False,False
10098,1.0000,0.0000,False,False,False
10099,1.0000,0.0000,False,False,False
10100,1.0000,0.0000,False,False,False
10101,1.0000,0.0000,False,False,False
10102,0.0000,1.0000,False,False,False
10103,0.0000,1.0000,False,False,False
10104,1.0000,0.0000,False,False,False
10105,0.0000,1.0000,False,False,False
10106,0.0000,1.0000,False,False,False
10107,1.0000,0.0000,False,False,False
10108,1.0000,0.0000,False,False,False
10109,1.0000,0.0000,False,False,False
10110,0.0000,1.0000,False,False,False
10111,1.0000,0.0000,False,False,False
10112,1.0000,0.0000,False,False,False
10113,1.0000,0.0000,False,False,False
10114,1.0000,0.0000,False,False,False
10115,1.0000,0.0000,False,False,False
10116,1.0000,0.0000,False,False,False
10117,0.0000,1.0000,False,False,False
10118,1.0000,0.0000,False,False,False
10119,1.0000,0.0000,False,False,False
10120,1.0000,0.0000,False,False,False
10121,0.0000,1.0000,False,False,False
10122,0.0000,1.0000,False,False,False
10123,1.0000,0.0000,False,False,False
10124,1.0000,0.0000,False,False,False
10125,0.0000,1.0000,False,False,False
10126,0.0000,1.0000,False,False,False
10127,1.0000,0.0000,False,False,False
10128,1.0000,0.0000,False,False,False
10129,1.0000,0.0000,False,False,False
10130,1.0000,0.0000,False,False,False
10131,0.0000,1.0000,False,False,False
10132,1.0000,0.0000,False,False,False
10133,1.0000,0.0000,False,False,False
10134,0.0000,1.0000,False,False,False
10135,1.0000,0.0000,False,False,False
10136,1.0000,0.0000,False,False,False
10137,1.0000,0.0000,False,False,False
10138,1.0000,0.0000,False,False,False
10139,1.0000,0.0000,False,False,False
10140,1.0000,0.0000,False,False,False
10141,1.0000,0.0000,False,False,False
10142,0.0000,1.0000,False,False,False
10143,0.0000,1.0000,False,False,False
10144,1.0000,0.0000,False,False,False
10145,1.0000,0.0000,False,False,False
10146,1.0000,0.0000,False,False,False
10147,0.0000,1.0000,False,False,False
10148,0.0000,1.0000,False,False,False
10149,1.0000,0.0000,False,False,False
10150,1.0000,0.0000,False,False,False
10151,1.0000,0.0000,False,False,False
10152,1.0000,0.0000,False,False,False
10153,1.0000,0.0000,False,False,False
10154,1.0000,0.0000,False,False,False
10155,0.0000,1.0000,False,False,False
10156,0.0000,1.0000,False,False,False
10157,0.0000,1.0000,False,False,False
10158,1.0000,0.0000,False,False,False
10159,1.0000,0.0000,False,False,False
10160,0.0000,1.0000,False,False,False
10161,1.0000,0.0000,False,False,False
10162,1.0000,0.0000,False,False,False
10163,1.0000,0.0000,False,False,False
10164,0.0000,1.0000,False,False,False
10165,0.0000,1.0000,False,False,False
10166,1.0000,0.0000,False,False,False
10167,1.0000,0.0000,False,False,False
10168,1.0000,0.0000,False,False,False
10169,1.0000,0.0000,False,False,False
10170,1.0000,0.0000,False,False,False
10171,0.0000,1.0000,False,False,False
10172,1.0000,0.0000,False,False,False
10173,0.0000,1.0000,False,False,False
10174,1.0000,0.0000,False,False,False
10175,0.0000,1.0000,False,False,False
10176,1.0000,0.0000,False,False,False
10177,1.0000,0.0000,False,False,False
10178,1.0000,0.0000,False,False,False
10179,1.0000,0.0000,False,False,False
10180,1.0000,0.0000,False,False,False
10181,1.0000,0.0000,False,False,False
10182,1.0000,0.0000,False,False,False
10183,1.0000,0.0000,False,False,False
10184,0.0000,1.0000,False,False,False
10185,1.0000,0.0000,False,False,False
10186,1.0000,0.0000,False,False,False
10187,1.0000,0.0000,False,False,False
10188,1.0000,0.0000,False,False,False
10189,1.0000,0.0000,False,False,False
10190,1.0000,0.0000,False,False,False
10191,0.0000,1.0000,False,False,False
10192,0.0000,1.0000,False,False,False
10193,0.0000,1.0000,False,False,False
10194,1.0000,0.0000,False,False,False
10195,0.0000,1.0000,False,False,False
10196,0.0000,1.0000,False,False,False
10197,0.0000,1.0000,False,False,False
10198,1.0000,0.0000,False,False,False
10199,1.0000,0.0000,False,False,False
10200,1.0000,0.0000,False,False,False
10201,1.0000,0.0000,False,False,False
10202,1.0000,0.0000,False,False,False
10203,0.0000,1.0000,False,False,False
10204,1.0000,0.0000,False,False,False
10205,1.0000,0.0000,False,False,False
10206,1.0000,0.0000,False,False,False
10207,1.0000,0.0000,False,False,False
10208,1.0000,0.0000,False,False,False
10209,1.0000,0.0000,False,False,False
10210,1.0000,0.0000,False,False,False
10211,0.0000,1.0000,False,False,False
10212,1.0000,0.0000,False,False,False
10213,1.0000,0.0000,False,False,False
10214,1.0000,0.0000,False,False,False
10215,1.0000,0.0000,False,False,False
10216,1.0000,0.0000,False,False,False
10217,1.0000,0.0000,False,False,False
10218,1.0000,0.0000,False,False,False
10219,1.0000,0.0000,False,False,False
10220,1.0000,0.0000,False,False,False
10221,1.0000,0.0000,False,False,False
10222,1.0000,0.0000,False,False,False
10223,1.0000,0.0000,False,False,False
10224,1.0000,0.0000,False,False,False
10225,1.0000,0.0000,False,False,False
10226,1.0000,0.0000,False,False,False
10227,1.0000,0.0000,False,False,False
10228,0.0000,1.0000,False,False,False
10229,0.0000,1.0000,False,False,False
10230,0.0000,1.0000,False,False,False
10231,1.0000,0.0000,False,False,False
10232,1.0000,0.0000,False,False,False
10233,1.0000,0.0000,False,False,False
10234,1.0000,0.0000,False,False,False
10235,1.0000,0.0000,False,False,False
10236,1.0000,0.0000,False,False,False
10237,1.0000,0.0000,False,False,False
10238,1.0000,0.0000,False,False,False
10239,1.0000,0.0000,False,False,False
10240,1.0000,0.0000,False,False,False
10241,1.0000,0.0000,False,False,False
10242,1.0000,0.0000,False,False,False
10243,1.0000,0.0000,False,False,False
10244,1.0000,0.0000,False,False,False
10245,1.0000,0.0000,False,False,False
10246,1.0000,0.0000,False,False,False
10247,0.0000,1.0000,False,False,False
10248,1.0000,0.0000,False,False,False
10249,1.0000,0.0000,False,False,False
10250,1.0000,0.0000,False,False,False
10251,0.0000,1.0000,False,False,False
10252,1.0000,0.0000,False,False,False
10253,0.0000,1.0000,False,False,False
10254,1.0000,0.0000,False,False,False
10255,0.0000,1.0000,False,False,False
10256,1.0000,0.0000,False,False,False
10257,1.0000,0.0000,False,False,False
10258,1.0000,0.0000,False,False,False
10259,1.0000,0.0000,False,False,False
10260,1.0000,0.0000,False,False,False
10261,1.0000,0.0000,False,False,False
10262,1.0000,0.0000,False,False,False
10263,1.0000,0.0000,False,False,False
10264,0.0000,1.0000,False,False,False
10265,1.0000,0.0000,False,False,False
10266,0.0000,1.0000,False,False,False
10267,1.0000,0.0000,False,False,False
10268,0.0000,1.0000,False,False,False
10269,1.0000,0.0000,False,False,False
10270,1.0000,0.0000,False,False,False
10271,0.0000,1.0000,False,False,False
10272,1.0000,0.0000,False,False,False
10273,1.0000,0.0000,False,False,False
10274,1.0000,0.0000,False,False,False
10275,1.0000,0.0000,False,False,False
10276,1.0000,0.0000,False,False,False
10277,1.0000,0.0000,False,False,False
10278,1.0000,0.0000,False,False,False
10279,1.0000,0.0000,False,False,False
10280,1.0000,0.0000,False,False,False
10281,0.0000,1.0000,False,False,False
10282,1.0000,0.0000,False,False,False
10283,1.0000,0.0000,False,False,False
10284,0.0000,1.0000,False,False,False
10285,1.0000,0.0000,False,False,False
10286,1.0000,0.0000,False,False,False
10287,1.0000,0.0000,False,False,False
10288,1.0000,0.0000,False,False,False
10289,0.0000,1.0000,False,False,False
10290,1.0000,0.0000,False,False,False
10291,1.0000,0.0000,False,False,False
10292,1.0000,0.0000,False,False,False
10293,0.0000,1.0000,False,False,False
10294,1.0000,0.0000,False,False,False
10295,0.0000,1.0000,False,False,False
10296,1.0000,0.0000,False,False,False
10297,0.0000,1.0000,False,False,False
10298,0.0000,1.0000,False,False,False
10299,1.0000,0.0000,False,False,False
10300,1.0000,0.0000,False,False,False
10301,1.0000,0.0000,False,False,False
10302,1.0000,0.0000,False,False,False
10303,0.0000,1.0000,False,False,False
10304,1.0000,0.0000,False,False,False
10305,0.0000,1.0000,False,False,False
10306,1.0000,0.0000,False,False,False
10307,1.0000,0.0000,False,False,False
10308,1.0000,0.0000,False,False,False
10309,1.0000,0.0000,False,False,False
10310,1.0000,0.0000,False,False,False
10311,0.0000,1.0000,False,False,False
10312,0.0000,1.0000,False,False,False
10313,0.0000,1.0000,False,False,False
10314,1.0000,0.0000,False,False,False
10315,1.0000,0.0000,False,False,False
10316,0.0000,1.0000,False,False,False
10317,0.0000,1.0000,False,False,False
10318,1.0000,0.0000,False,False,False
10319,1.0000,0.0000,False,False,False
10320,1.0000,0.0000,False,False,False
10321,0.0000,1.0000,False,False,False
10322,1.0000,0.0000,False,False,False
10323,1.0000,0.0000,False,False,False
10324,0.0000,1.0000,False,False,False
10325,1.0000,0.0000,False,False,False
10326,1.0000,0.0000,False,False,False
10327,1.0000,0.0000,False,False,False
10328,1.0000,0.0000,False,False,False
10329,1.0000,0.0000,False,False,False
10330,1.0000,0.0000,False,False,False
10331,1.0000,0.0000,False,False,False
10332,0.0000,1.0000,False,False,False
10333,1.0000,0.0000,False,False,False
10334,0.0000,1.0000,False,False,False
10335,1.0000,0.0000,False,False,False
10336,1.0000,0.0000,False,False,False
10337,0.0000,1.0000,False,False,False
10338,1.0000,0.0000,False,False,False
10339,1.0000,0.0000,False,False,False
10340,1.0000,0.0000,False,False,False
10341,1.0000,0.0000,False,False,False
10342,1.0000,0.0000,False,False,False
10343,0.0000,1.0000,False,False,False
10344,1.0000,0.0000,False,False,False
10345,0.0000,1.0000,False,False,False
10346,1.0000,0.0000,False,False,False
10347,1.0000,0.0000,False,False,False
10348,1.0000,0.0000,False,False,False
10349,1.0000,0.0000,False,False,False
10350,1.0000,0.0000,False,False,False
10351,0.0000,1.0000,False,False,False
10352,1.0000,0.0000,False,False,False
10353,1.0000,0.0000,False,False,False
10354,1.0000,0.0000,False,False,False
10355,0.0000,1.0000,False,False,False
10356,1.0000,0.0000,False,False,False
10357,1.0000,0.0000,False,False,False
10358,1.0000,0.0000,False,False,False
10359,0.0000,1.0000,False,False,False
10360,1.0000,0.0000,False,False,False
10361,1.0000,0.0000,False,False,False
10362,1.0000,0.0000,False,False,False
10363,0.0000,1.0000,False,False,False
10364,1.0000,0.0000,False,False,False
10365,1.0000,0.0000,False,False,False
10366,0.0000,1.0000,False,False,False
10367,1.0000,0.0000,False,False,False
10368,1.0000,0.0000,False,False,False
10369,1.0000,0.0000,False,False,False
10370,1.0000,0.0000,False,False,False
10371,1.0000,0.0000,False,False,False
10372,0.0000,1.0000,False,False,False
10373,1.0000,0.0000,False,False,False
10374,1.0000,0.0000,False,False,False
10375,1.0000,0.0000,False,False,False
10376,1.0000,0.0000,False,False,False
10377,0.0000,1.0000,False,False,False
10378,1.0000,0.0000,False,False,False
10379,1.0000,0.0000,False,False,False
10380,1.0000,0.0000,False,False,False
10381,1.0000,0.0000,False,False,False
10382,1.0000,0.0000,False,False,False
10383,0.0000,1.0000,False,False,False
10384,1.0000,0.0000,False,False,False
10385,0.0000,1.0000,False,False,False
10386,1.0000,0.0000,False,False,False
10387,0.0000,1.0000,False,False,False
10388,1.0000,0.0000,False,False,False
10389,1.0000,0.0000,False,False,False
10390,1.0000,0.0000,False,False,False
10391,1.0000,0.0000,False,False,False
10392,0.0000,1.0000,False,False,False
10393,0.0000,1.0000,False,False,False
10394,1.0000,0.0000,False,False,False
10395,1.0000,0.0000,False,False,False
10396,1.0000,0.0000,False,False,False
10397,1.0000,0.0000,False,False,False
10398,1.0000,0.0000,False,False,False
10399,1.0000,0.0000,False,False,False
10400,1.0000,0.0000,False,False,False
10401,1.0000,0.0000,False,False,False
10402,1.0000,0.0000,False,False,False
10403,1.0000,0.0000,False,False,False
10404,1.0000,0.0000,False,False,False
10405,1.0000,0.0000,False,False,False
10406,0.0000,1.0000,False,False,False
10407,1.0000,0.0000,False,False,False
10408,1.0000,0.0000,False,False,False
10409,0.0000,1.0000,False,False,False
10410,0.0000,1.0000,False,False,False
10411,1.0000,0.0000,False,False,False
10412,1.0000,0.0000,False,False,False
10413,0.0000,1.0000,False,False,False
10414,1.0000,0.0000,False,False,False
10415,1.0000,0.0000,False,False,False
10416,1.0000,0.0000,False,False,False
10417,1.0000,0.0000,False,False,False
10418,1.0000,0.0000,False,False,False
10419,1.0000,0.0000,False,False,False
10420,1.0000,0.0000,False,False,False
10421,1.0000,0.0000,False,False,False
10422,1.0000,0.0000,False,False,False
10423,1.0000,0.0000,False,False,False
10424,1.0000,0.0000,False,False,False
10425,1.0000,0.0000,False,False,False
10426,1.0000,0.0000,False,False,False
10427,1.0000,0.0000,False,False,False
10428,1.0000,0.0000,False,False,False
10429,1.0000,0.0000,False,False,False
10430,0.0000,1.0000,False,False,False
10431,1.0000,0.0000,False,False,False
10432,0.0000,1.0000,False,False,False
10433,0.0000,1.0000,False,False,False
10434,1.0000,0.0000,False,False,False
10435,1.0000,0.0000,False,False,False
10436,1.0000,0.0000,False,False,False
10437,1.0000,0.0000,False,False,False
10438,0.0000,1.0000,False,False,False
10439,1.0000,0.0000,False,False,False
10440,1.0000,0.0000,False,False,False
10441,1.0000,0.0000,False,False,False
10442,0.0000,1.0000,False,False,False
10443,1.0000,0.0000,False,False,False
10444,1.0000,0.0000,False,False,False
10445,0.0000,1.0000,False,False,False
10446,1.0000,0.0000,False,False,False
10447,1.0000,0.0000,False,False,False
10448,1.0000,0.0000,False,False,False
10449,1.0000,0.0000,False,False,False
10450,1.0000,0.0000,False,False,False
10451,0.0000,1.0000,False,False,False
10452,1.0000,0.0000,False,False,False
10453,1.0000,0.0000,False,False,False
10454,1.0000,0.0000,False,False,False
10455,0.0000,1.0000,False,False,False
10456,1.0000,0.0000,False,False,False
10457,0.0000,1.0000,False,False,False
10458,0.0000,1.0000,False,False,False
10459,1.0000,0.0000,False,False,False
10460,1.0000,0.0000,False,False,False
10461,0.0000,1.0000,False,False,False
10462,0.0000,1.0000,False,False,False
10463,1.0000,0.0000,False,False,False
10464,1.0000,0.0000,False,False,False
10465,1.0000,0.0000,False,False,False
10466,1.0000,0.0000,False,False,False
10467,1.0000,0.0000,False,False,False
10468,1.0000,0.0000,False,False,False
10469,1.0000,0.0000,False,False,False
10470,0.0000,1.0000,False,False,False
10471,1.0000,0.0000,False,False,False
10472,1.0000,0.0000,False,False,False
10473,1.0000,0.0000,False,False,False
10474,1.0000,0.0000,False,False,False
10475,1.0000,0.0000,False,False,False
10476,0.0000,1.0000,False,False,False
10477,1.0000,0.0000,False,False,False
10478,1.0000,0.0000,False,False,False
10479,1.0000,0.0000,False,False,False
10480,0.0000,1.0000,False,False,False
10481,0.0000,1.0000,False,False,False
10482,1.0000,0.0000,False,False,False
10483,1.0000,0.0000,False,False,False
10484,0.0000,1.0000,False,False,False
10485,0.0000,1.0000,False,False,False
10486,0.0000,1.0000,False,False,False
10487,1.0000,0.0000,False,False,False
10488,0.0000,1.0000,False,False,False
10489,1.0000,0.0000,False,False,False
10490,1.0000,0.0000,False,False,False
10491,0.0000,1.0000,False,False,False
10492,1.0000,0.0000,False,False,False
10493,1.0000,0.0000,False,False,False
10494,1.0000,0.0000,False,False,False
10495,0.0000,1.0000,False,False,False
10496,1.0000,0.0000,False,False,False
10497,1.0000,0.0000,False,False,False
10498,1.0000,0.0000,False,False,False
10499,1.0000,0.0000,False,False,False
10500,1.0000,0.0000,False,False,False
10501,1.0000,0.0000,False,False,False
10502,0.0000,1.0000,False,False,False
10503,0.0000,1.0000,False,False,False
10504,1.0000,0.0000,False,False,False
10505,0.0000,1.0000,False,False,False
10506,1.0000,0.0000,False,False,False
10507,1.0000,0.0000,False,False,False
10508,1.0000,0.0000,False,False,False
10509,1.0000,0.0000,False,False,False
10510,0.0000,1.0000,False,False,False
10511,1.0000,0.0000,False,False,False
10512,1.0000,0.0000,False,False,False
10513,1.0000,0.0000,False,False,False
10514,1.0000,0.0000,False,False,False
10515,1.0000,0.0000,False,False,False
10516,1.0000,0.0000,False,False,False
10517,0.0000,1.0000,False,False,False
10518,1.0000,0.0000,False,False,False
10519,0.0000,1.0000,False,False,False
10520,1.0000,0.0000,False,False,False
10521,0.0000,1.0000,False,False,False
10522,1.0000,0.0000,False,False,False
10523,1.0000,0.0000,False,False,False
10524,1.0000,0.0000,False,False,False
10525,1.0000,0.0000,False,False,False
10526,1.0000,0.0000,False,False,False
10527,1.0000,0.0000,False,False,False
10528,0.0000,1.0000,False,False,False
10529,1.0000,0.0000,False,False,False
10530,1.0000,0.0000,False,False,False
10531,1.0000,0.0000,False,False,False
10532,0.0000,1.0000,False,False,False
10533,1.0000,0.0000,False,False,False
10534,1.0000,0.0000,False,False,False
10535,1.0000,0.0000,False,False,False
10536,1.0000,0.0000,False,False,False
10537,1.0000,0.0000,False,False,False
10538,1.0000,0.0000,False,False,False
10539,1.0000,0.0000,False,False,False
10540,1.0000,0.0000,False,False,False
10541,1.0000,0.0000,False,False,False
10542,1.0000,0.0000,False,False,False
10543,0.0000,1.0000,False,False,False
10544,0.0000,1.0000,False,False,False
10545,1.0000,0.0000,False,False,False
10546,1.0000,0.0000,False,False,False
10547,0.0000,1.0000,False,False,False
10548,1.0000,0.0000,False,False,False
10549,1.0000,0.0000,False,False,False
10550,1.0000,0.0000,False,False,False
10551,1.0000,0.0000,False,False,False
10552,0.0000,1.0000,False,False,False
10553,0.0000,1.0000,False,False,False
10554,1.0000,0.0000,False,False,False
10555,0.0000,1.0000,False,False,False
10556,1.0000,0.0000,False,False,False
10557,0.0000,1.0000,False,False,False
10558,1.0000,0.0000,False,False,False
10559,1.0000,0.0000,False,False,False
10560,1.0000,0.0000,False,False,False
10561,1.0000,0.0000,False,False,False
10562,1.0000,0.0000,False,False,False
10563,1.0000,0.0000,False,False,False
10564,1.0000,0.0000,False,False,False
10565,1.0000,0.0000,False,False,False
10566,1.0000,0.0000,False,False,False
10567,1.0000,0.0000,False,False,False
10568,0.0000,1.0000,False,False,False
10569,0.0000,1.0000,False,False,False
10570,1.0000,0.0000,False,False,False
10571,0.0000,1.0000,False,False,False
10572,1.0000,0.0000,False,False,False
10573,0.0000,1.0000,False,False,False
10574,0.0000,1.0000,False,False,False
10575,1.0000,0.0000,False,False,False
10576,0.0000,1.0000,False,False,False
10577,1.0000,0.0000,False,False,False
10578,1.0000,0.0000,False,False,False
10579,0.0000,1.0000,False,False,False
10580,1.0000,0.0000,False,False,False
10581,1.0000,0.0000,False,False,False
10582,1.0000,0.0000,False,False,False
10583,1.0000,0.0000,False,False,False
10584,1.0000,0.0000,False,False,False
10585,0.0000,1.0000,False,False,False
10586,1.0000,0.0000,False,False,False
10587,1.0000,0.0000,False,False,False
10588,0.0000,1.0000,False,False,False
10589,0.0000,1.0000,False,False,False
10590,1.0000,0.0000,False,False,False
10591,1.0000,0.0000,False,False,False
10592,1.0000,0.0000,False,False,False
10593,1.0000,0.0000,False,False,False
10594,1.0000,0.0000,False,False,False
10595,0.0000,1.0000,False,False,False
10596,1.0000,0.0000,False,False,False
10597,1.0000,0.0000,False,False,False
10598,1.0000,0.0000,False,False,False
10599,1.0000,0.0000,False,False,False
10600,1.0000,0.0000,False,False,False
10601,1.0000,0.0000,False,False,False
10602,1.0000,0.0000,False,False,False
10603,1.0000,0.0000,False,False,False
10604,1.0000,0.0000,False,False,False
10605,1.0000,0.0000,False,False,False
10606,1.0000,0.0000,False,False,False
10607,0.0000,1.0000,False,False,False
10608,1.0000,0.0000,False,False,False
10609,1.0000,0.0000,False,False,False
10610,1.0000,0.0000,False,False,False
10611,1.0000,0.0000,False,False,False
10612,0.0000,1.0000,False,False,False
10613,1.0000,0.0000,False,False,False
10614,1.0000,0.0000,False,False,False
10615,0.0000,1.0000,False,False,False
10616,1.0000,0.0000,False,False,False
10617,1.0000,0.0000,False,False,False
10618,1.0000,0.0000,False,False,False
10619,1.0000,0.0000,False,False,False
10620,1.0000,0.0000,False,False,False
10621,1.0000,0.0000,False,False,False
10622,0.0000,1.0000,False,False,False
10623,0.0000,1.0000,False,False,False
10624,1.0000,0.0000,False,False,False
10625,0.0000,1.0000,False,False,False
10626,1.0000,0.0000,False,False,False
10627,1.0000,0.0000,False,False,False
10628,1.0000,0.0000,False,False,False
10629,1.0000,0.0000,False,False,False
10630,1.0000,0.0000,False,False,False
10631,1.0000,0.0000,False,False,False
10632,0.0000,1.0000,False,False,False
10633,1.0000,0.0000,False,False,False
10634,1.0000,0.0000,False,False,False
10635,0.0000,1.0000,False,False,False
10636,0.0000,1.0000,False,False,False
10637,1.0000,0.0000,False,False,False
10638,1.0000,0.0000,False,False,False
10639,1.0000,0.0000,False,False,False
10640,1.0000,0.0000,False,False,False
10641,1.0000,0.0000,False,False,False
10642,1.0000,0.0000,False,False,False
10643,1.0000,0.0000,False,False,False
10644,1.0000,0.0000,False,False,False
10645,1.0000,0.0000,False,False,False
10646,0.0000,1.0000,False,False,False
10647,1.0000,0.0000,False,False,False
10648,1.0000,0.0000,False,False,False
10649,0.0000,1.0000,False,False,False
10650,1.0000,0.0000,False,False,False
10651,0.0000,1.0000,False,False,False
10652,1.0000,0.0000,False,False,False
10653,0.0000,1.0000,False,False,False
10654,1.0000,0.0000,False,False,False
10655,1.0000,0.0000,False,False,False
10656,1.0000,0.0000,False,False,False
10657,0.0000,1.0000,False,False,False
10658,0.0000,1.0000,False,False,False
10659,1.0000,0.0000,False,False,False
10660,1.0000,0.0000,False,False,False
10661,1.0000,0.0000,False,False,False
10662,1.0000,0.0000,False,False,False
10663,1.0000,0.0000,False,False,False
10664,1.0000,0.0000,False,False,False
10665,0.0000,1.0000,False,False,False
10666,0.0000,1.0000,False,False,False
10667,1.0000,0.0000,False,False,False
10668,0.0000,1.0000,False,False,False
10669,1.0000,0.0000,False,False,False
10670,0.0000,1.0000,False,False,False
10671,1.0000,0.0000,False,False,False
10672,1.0000,0.0000,False,False,False
10673,1.0000,0.0000,False,False,False
10674,1.0000,0.0000,False,False,False
10675,1.0000,0.0000,False,False,False
10676,1.0000,0.0000,False,False,False
10677,1.0000,0.0000,False,False,False
10678,1.0000,0.0000,False,False,False
10679,1.0000,0.0000,False,False,False
10680,1.0000,0.0000,False,False,False
10681,1.0000,0.0000,False,False,False
10682,0.0000,1.0000,False,False,False
10683,1.0000,0.0000,False,False,False
10684,1.0000,0.0000,False,False,False
10685,0.0000,1.0000,False,False,False
10686,0.0000,1.0000,False,False,False
10687,1.0000,0.0000,False,False,False
10688,1.0000,0.0000,False,False,False
10689,1.0000,0.0000,False,False,False
10690,1.0000,0.0000,False,False,False
10691,0.0000,1.0000,False,False,False
10692,1.0000,0.0000,False,False,False
10693,0.0000,1.0000,False,False,False
10694,1.0000,0.0000,False,False,False
10695,1.0000,0.0000,False,False,False
10696,1.0000,0.0000,False,False,False
10697,1.0000,0.0000,False,False,False
10698,1.0000,0.0000,False,False,False
10699,1.0000,0.0000,False,False,False
10700,1.0000,0.0000,False,False,False
10701,1.0000,0.0000,False,False,False
10702,0.0000,1.0000,False,False,False
10703,1.0000,0.0000,False,False,False
10704,1.0000,0.0000,False,False,False
10705,0.0000,1.0000,False,False,False
10706,0.0000,1.0000,False,False,False
10707,1.0000,0.0000,False,False,False
10708,1.0000,0.0000,False,False,False
10709,0.0000,1.0000,False,False,False
10710,1.0000,0.0000,False,False,False
10711,1.0000,0.0000,False,False,False
10712,1.0000,0.0000,False,False,False
10713,0.0000,1.0000,False,False,False
10714,0.0000,1.0000,False,False,False
10715,1.0000,0.0000,False,False,False
10716,0.0000,1.0000,False,False,False
10717,1.0000,0.0000,False,False,False
10718,0.0000,1.0000,False,False,False
10719,1.0000,0.0000,False,False,False
10720,1.0000,0.0000,False,False,False
10721,1.0000,0.0000,False,False,False
10722,1.0000,0.0000,False,False,False
10723,0.0000,1.0000,False,False,False
10724,1.0000,0.0000,False,False,False
10725,1.0000,0.0000,False,False,False
10726,1.0000,0.0000,False,False,False
10727,0.0000,1.0000,False,False,False
10728,1.0000,0.0000,False,False,False
10729,1.0000,0.0000,False,False,False
10730,0.0000,1.0000,False,False,False
10731,0.0000,1.0000,False,False,False
10732,1.0000,0.0000,False,False,False
10733,1.0000,0.0000,False,False,False
10734,0.0000,1.0000,False,False,False
10735,1.0000,0.0000,False,False,False
10736,1.0000,0.0000,False,False,False
10737,1.0000,0.0000,False,False,False
10738,1.0000,0.0000,False,False,False
10739,1.0000,0.0000,False,False,False
10740,1.0000,0.0000,False,False,False
10741,1.0000,0.0000,False,False,False
10742,1.0000,0.0000,False,False,False
10743,1.0000,0.0000,False,False,False
10744,1.0000,0.0000,False,False,False
10745,1.0000,0.0000,False,False,False
10746,1.0000,0.0000,False,False,False
10747,1.0000,0.0000,False,False,False
10748,1.0000,0.0000,False,False,False
10749,0.0000,1.0000,False,False,False
10750,1.0000,0.0000,False,False,False
10751,0.0000,1.0000,False,False,False
10752,1.0000,0.0000,False,False,False
10753,1.0000,0.0000,False,False,False
10754,0.0000,1.0000,False,False,False
10755,0.0000,1.0000,False,False,False
10756,1.0000,0.0000,False,False,False
10757,0.0000,1.0000,False,False,False
10758,1.0000,0.0000,False,False,False
10759,1.0000,0.0000,False,False,False
10760,1.0000,0.0000,False,False,False
10761,1.0000,0.0000,False,False,False
10762,1.0000,0.0000,False,False,False
10763,1.0000,0.0000,False,False,False
10764,0.0000,1.0000,False,False,False
10765,1.0000,0.0000,False,False,False
10766,1.0000,0.0000,False,False,False
10767,1.0000,0.0000,False,False,False
10768,1.0000,0.0000,False,False,False
10769,1.0000,0.0000,False,False,False
10770,1.0000,0.0000,False,False,False
10771,1.0000,0.0000,False,False,False
10772,1.0000,0.0000,False,False,False
10773,1.0000,0.0000,False,False,False
10774,1.0000,0.0000,False,False,False
10775,0.0000,1.0000,False,False,False
10776,0.0000,1.0000,False,False,False
10777,0.0000,1.0000,False,False,False
10778,0.0000,1.0000,False,False,False
10779,1.0000,0.0000,False,False,False
10780,0.0000,1.0000,False,False,False
10781,1.0000,0.0000,False,False,False
10782,1.0000,0.0000,False,False,False
10783,0.0000,1.0000,False,False,False
10784,1.0000,0.0000,False,False,False
10785,1.0000,0.0000,False,False,False
10786,1.0000,0.0000,False,False,False
10787,0.0000,1.0000,False,False,False
10788,1.0000,0.0000,False,False,False
10789,1.0000,0.0000,False,False,False
10790,0.0000,1.0000,False,False,False
10791,1.0000,0.0000,False,False,False
10792,0.0000,1.0000,False,False,False
10793,1.0000,0.0000,False,False,False
10794,1.0000,0.0000,False,False,False
10795,0.0000,1.0000,False,False,False
10796,1.0000,0.0000,False,False,False
10797,1.0000,0.0000,False,False,False
10798,0.0000,1.0000,False,False,False
10799,1.0000,0.0000,False,False,False
10800,0.0000,1.0000,False,False,False
10801,0.0000,1.0000,False,False,False
10802,1.0000,0.0000,False,False,False
10803,0.0000,1.0000,False,False,False
10804,1.0000,0.0000,False,False,False
10805,0.0000,1.0000,False,False,False
10806,1.0000,0.0000,False,False,False
10807,1.0000,0.0000,False,False,False
10808,0.0000,1.0000,False,False,False
10809,1.0000,0.0000,False,False,False
10810,1.0000,0.0000,False,False,False
10811,0.0000,1.0000,False,False,False
10812,1.0000,0.0000,False,False,False
10813,1.0000,0.0000,False,False,False
10814,1.0000,0.0000,False,False,False
10815,1.0000,0.0000,False,False,False
10816,1.0000,0.0000,False,False,False
10817,0.0000,1.0000,False,False,False
10818,1.0000,0.0000,False,False,False
10819,1.0000,0.0000,False,False,False
10820,1.0000,0.0000,False,False,False
10821,1.0000,0.0000,False,False,False
10822,0.0000,1.0000,False,False,False
10823,1.0000,0.0000,False,False,False
10824,1.0000,0.0000,False,False,False
10825,1.0000,0.0000,False,False,False
10826,1.0000,0.0000,False,False,False
10827,1.0000,0.0000,False,False,False
10828,1.0000,0.0000,False,False,False
10829,1.0000,0.0000,False,False,False
10830,0.0000,1.0000,False,False,False
10831,1.0000,0.0000,False,False,False
10832,1.0000,0.0000,False,False,False
10833,1.0000,0.0000,False,False,False
10834,1.0000,0.0000,False,False,False
10835,1.0000,0.0000,False,False,False
10836,1.0000,0.0000,False,False,False
10837,0.0000,1.0000,False,False,False
10838,1.0000,0.0000,False,False,False
10839,0.0000,1.0000,False,False,False
10840,1.0000,0.0000,False,False,False
10841,1.0000,0.0000,False,False,False
10842,1.0000,0.0000,False,False,False
10843,0.0000,1.0000,False,False,False
10844,0.0000,1.0000,False,False,False
10845,1.0000,0.0000,False,False,False
10846,0.0000,1.0000,False,False,False
10847,1.0000,0.0000,False,False,False
10848,1.0000,0.0000,False,False,False
10849,1.0000,0.0000,False,False,False
10850,1.0000,0.0000,False,False,False
10851,1.0000,0.0000,False,False,False
10852,1.0000,0.0000,False,False,False
10853,0.0000,1.0000,False,False,False
10854,1.0000,0.0000,False,False,False
10855,1.0000,0.0000,False,False,False
10856,1.0000,0.0000,False,False,False
10857,1.0000,0.0000,False,False,False
10858,1.0000,0.0000,False,False,False
10859,1.0000,0.0000,False,False,False
10860,1.0000,0.0000,False,False,False
10861,1.0000,0.0000,False,False,False
10862,1.0000,0.0000,False,False,False
10863,1.0000,0.0000,False,False,False
10864,1.0000,0.0000,False,False,False
10865,1.0000,0.0000,False,False,False
10866,1.0000,0.0000,False,False,False
10867,1.0000,0.0000,False,False,False
10868,1.0000,0.0000,False,False,False
10869,1.0000,0.0000,False,False,False
10870,1.0000,0.0000,False,False,False
10871,0.0000,1.0000,False,False,False
10872,0.0000,1.0000,False,False,False
10873,1.0000,0.0000,False,False,False
10874,1.0000,0.0000,False,False,False
10875,1.0000,0.0000,False,False,False
10876,1.0000,0.0000,False,False,False
10877,1.0000,0.0000,False,False,False
10878,0.0000,1.0000,False,False,False
10879,1.0000,0.0000,False,False,False
10880,1.0000,0.0000,False,False,False
10881,1.0000,0.0000,False,False,False
10882,1.0000,0.0000,False,False,False
10883,1.0000,0.0000,False,False,False
10884,1.0000,0.0000,False,False,False
10885,1.0000,0.0000,False,False,False
10886,1.0000,0.0000,False,False,False
10887,1.0000,0.0000,False,False,False
10888,1.0000,0.0000,False,False,False
10889,0.0000,1.0000,False,False,False
10890,1.0000,0.0000,False,False,False
10891,1.0000,0.0000,False,False,False
10892,1.0000,0.0000,False,False,False
10893,1.0000,0.0000,False,False,False
10894,1.0000,0.0000,False,False,False
10895,0.0000,1.0000,False,False,False
10896,1.0000,0.0000,False,False,False
10897,0.0000,1.0000,False,False,False
10898,0.0000,1.0000,False,False,False
10899,1.0000,0.0000,False,False,False
10900,0.0000,1.0000,False,False,False
10901,0.0000,1.0000,False,False,False
10902,1.0000,0.0000,False,False,False
10903,0.0000,1.0000,False,False,False
10904,1.0000,0.0000,False,False,False
10905,0.0000,1.0000,False,False,False
10906,1.0000,0.0000,False,False,False
10907,1.0000,0.0000,False,False,False
10908,1.0000,0.0000,False,False,False
10909,1.0000,0.0000,False,False,False
10910,1.0000,0.0000,False,False,False
10911,1.0000,0.0000,False,False,False
10912,1.0000,0.0000,False,False,False
10913,1.0000,0.0000,False,False,False
10914,0.0000,1.0000,False,False,False
10915,1.0000,0.0000,False,False,False
10916,1.0000,0.0000,False,False,False
10917,1.0000,0.0000,False,False,False
10918,1.0000,0.0000,False,False,False
10919,1.0000,0.0000,False,False,False
10920,0.0000,1.0000,False,False,False
10921,1.0000,0.0000,False,False,False
10922,1.0000,0.0000,False,False,False
10923,1.0000,0.0000,False,False,False
10924,1.0000,0.0000,False,False,False
10925,1.0000,0.0000,False,False,False
10926,1.0000,0.0000,False,False,False
10927,1.0000,0.0000,False,False,False
10928,0.0000,1.0000,False,False,False
10929,1.0000,0.0000,False,False,False
10930,1.0000,0.0000,False,False,False
10931,1.0000,0.0000,False,False,False
10932,1.0000,0.0000,False,False,False
10933,1.0000,0.0000,False,False,False
10934,1.0000,0.0000,False,False,False
10935,1.0000,0.0000,False,False,False
10936,0.0000,1.0000,False,False,False
10937,1.0000,0.0000,False,False,False
10938,1.0000,0.0000,False,False,False
10939,1.0000,0.0000,False,False,False
10940,1.0000,0.0000,False,False,False
10941,0.0000,1.0000,False,False,False
10942,1.0000,0.0000,False,False,False
10943,1.0000,0.0000,False,False,False
10944,0.0000,1.0000,False,False,False
10945,0.0000,1.0000,False,False,False
10946,1.0000,0.0000,False,False,False
10947,1.0000,0.0000,False,False,False
10948,1.0000,0.0000,False,False,False
10949,1.0000,0.0000,False,False,False
10950,1.0000,0.0000,False,False,False
10951,1.0000,0.0000,False,False,False
10952,1.0000,0.0000,False,False,False
10953,0.0000,1.0000,False,False,False
10954,0.0000,1.0000,False,False,False
10955,1.0000,0.0000,False,False,False
10956,0.0000,1.0000,False,False,False
10957,1.0000,0.0000,False,False,False
10958,1.0000,0.0000,False,False,False
10959,1.0000,0.0000,False,False,False
10960,1.0000,0.0000,False,False,False
10961,1.0000,0.0000,False,False,False
10962,1.0000,0.0000,False,False,False
10963,1.0000,0.0000,False,False,False
10964,1.0000,0.0000,False,False,False
10965,1.0000,0.0000,False,False,False
10966,1.0000,0.0000,False,False,False
10967,1.0000,0.0000,False,False,False
10968,1.0000,0.0000,False,False,False
10969,0.0000,1.0000,False,False,False
10970,1.0000,0.0000,False,False,False
10971,1.0000,0.0000,False,False,False
10972,1.0000,0.0000,False,False,False
10973,1.0000,0.0000,False,False,False
10974,0.0000,1.0000,False,False,False
10975,0.0000,1.0000,False,False,False
10976,1.0000,0.0000,False,False,False
10977,1.0000,0.0000,False,False,False
10978,1.0000,0.0000,False,False,False
10979,1.0000,0.0000,False,False,False
10980,1.0000,0.0000,False,False,False
10981,1.0000,0.0000,False,False,False
10982,1.0000,0.0000,False,False,False
10983,0.0000,1.0000,False,False,False
10984,1.0000,0.0000,False,False,False
10985,1.0000,0.0000,False,False,False
10986,1.0000,0.0000,False,False,False
10987,1.0000,0.0000,False,False,False
10988,1.0000,0.0000,False,False,False
10989,1.0000,0.0000,False,False,False
10990,1.0000,0.0000,False,False,False
10991,1.0000,0.0000,False,False,False
10992,1.0000,0.0000,False,False,False
10993,1.0000,0.0000,False,False,False
10994,1.0000,0.0000,False,False,False
10995,0.0000,1.0000,False,False,False
10996,1.0000,0.0000,False,False,False
10997,1.0000,0.0000,False,False,False
10998,1.0000,0.0000,False,False,False
10999,1.0000,0.0000,False,False,False
11000,1.0000,0.0000,False,False,False
11001,1.0000,0.0000,False,False,False
11002,1.0000,0.0000,False,False,False
11003,1.0000,0.0000,False,False,False
11004,1.0000,0.0000,False,False,False
11005,0.0000,1.0000,False,False,False
11006,1.0000,0.0000,False,False,False
11007,1.0000,0.0000,False,False,False
11008,1.0000,0.0000,False,False,False
11009,0.0000,1.0000,False,False,False
11010,0.0000,1.0000,False,False,False
11011,0.0000,1.0000,False,False,False
11012,1.0000,0.0000,False,False,False
11013,0.0000,1.0000,False,False,False
11014,0.0000,1.0000,False,False,False
11015,0.0000,1.0000,False,False,False
11016,1.0000,0.0000,False,False,False
11017,1.0000,0.0000,False,False,False
11018,0.0000,1.0000,False,False,False
11019,1.0000,0.0000,False,False,False
11020,0.0000,1.0000,False,False,False
11021,1.0000,0.0000,False,False,False
11022,0.0000,1.0000,False,False,False
11023,0.0000,1.0000,False,False,False
11024,0.0000,1.0000,False,False,False
11025,1.0000,0.0000,False,False,False
11026,1.0000,0.0000,False,False,False
11027,0.0000,1.0000,False,False,False
11028,0.0000,1.0000,False,False,False
11029,1.0000,0.0000,False,False,False
11030,1.0000,0.0000,False,False,False
11031,1.0000,0.0000,False,False,False
11032,0.0000,1.0000,False,False,False
11033,0.0000,1.0000,False,False,False
11034,1.0000,0.0000,False,False,False
11035,0.0000,1.0000,False,False,False
11036,0.0000,1.0000,False,False,False
11037,1.0000,0.0000,False,False,False
11038,1.0000,0.0000,False,False,False
11039,0.0000,1.0000,False,False,False
11040,1.0000,0.0000,False,False,False
11041,0.0000,1.0000,False,False,False
11042,1.0000,0.0000,False,False,False
11043,0.0000,1.0000,False,False,False
11044,1.0000,0.0000,False,False,False
11045,1.0000,0.0000,False,False,False
11046,0.0000,1.0000,False,False,False
11047,1.0000,0.0000,False,False,False
11048,0.0000,1.0000,False,False,False
11049,1.0000,0.0000,False,False,False
11050,1.0000,0.0000,False,False,False
11051,0.0000,1.0000,False,False,False
11052,1.0000,0.0000,False,False,False
11053,1.0000,0.0000,False,False,False
11054,1.0000,0.0000,False,False,False
11055,1.0000,0.0000,False,False,False
11056,1.0000,0.0000,False,False,False
11057,1.0000,0.0000,False,False,False
11058,1.0000,0.0000,False,False,False
11059,1.0000,0.0000,False,False,False
11060,0.0000,1.0000,False,False,False
11061,0.0000,1.0000,False,False,False
11062,0.0000,1.0000,False,False,False
11063,1.0000,0.0000,False,False,False
11064,1.0000,0.0000,False,False,False
11065,1.0000,0.0000,False,False,False
11066,1.0000,0.0000,False,False,False
11067,0.0000,1.0000,False,False,False
11068,1.0000,0.0000,False,False,False
11069,1.0000,0.0000,False,False,False
11070,1.0000,0.0000,False,False,False
11071,1.0000,0.0000,False,False,False
11072,0.0000,1.0000,False,False,False
11073,1.0000,0.0000,False,False,False
11074,1.0000,0.0000,False,False,False
11075,0.0000,1.0000,False,False,False
11076,1.0000,0.0000,False,False,False
11077,1.0000,0.0000,False,False,False
11078,1.0000,0.0000,False,False,False
11079,1.0000,0.0000,False,False,False
11080,0.0000,1.0000,False,False,False
11081,0.0000,1.0000,False,False,False
11082,1.0000,0.0000,False,False,False
11083,1.0000,0.0000,False,False,False
11084,1.0000,0.0000,False,False,False
11085,1.0000,0.0000,False,False,False
11086,1.0000,0.0000,False,False,False
11087,1.0000,0.0000,False,False,False
11088,0.0000,1.0000,False,False,False
11089,0.0000,1.0000,False,False,False
11090,1.0000,0.0000,False,False,False
11091,0.0000,1.0000,False,False,False
11092,1.0000,0.0000,False,False,False
11093,1.0000,0.0000,False,False,False
11094,1.0000,0.0000,False,False,False
11095,1.0000,0.0000,False,False,False
11096,0.0000,1.0000,False,False,False
11097,1.0000,0.0000,False,False,False
11098,0.0000,1.0000,False,False,False
11099,0.0000,1.0000,False,False,False
11100,0.0000,1.0000,False,False,False
11101,1.0000,0.0000,False,False,False
11102,0.0000,1.0000,False,False,False
11103,1.0000,0.0000,False,False,False
11104,1.0000,0.0000,False,False,False
11105,0.0000,1.0000,False,False,False
11106,1.0000,0.0000,False,False,False
11107,1.0000,0.0000,False,False,False
11108,1.0000,0.0000,False,False,False
11109,1.0000,0.0000,False,False,False
11110,1.0000,0.0000,False,False,False
11111,1.0000,0.0000,False,False,False
11112,1.0000,0.0000,False,False,False
11113,1.0000,0.0000,False,False,False
11114,1.0000,0.0000,False,False,False
11115,0.0000,1.0000,False,False,False
11116,1.0000,0.0000,False,False,False
11117,0.0000,1.0000,False,False,False
11118,1.0000,0.0000,False,False,False
11119,0.0000,1.0000,False,False,False
11120,1.0000,0.0000,False,False,False
11121,1.0000,0.0000,False,False,False
11122,1.0000,0.0000,False,False,False
11123,1.0000,0.0000,False,False,False
11124,1.0000,0.0000,False,False,False
11125,1.0000,0.0000,False,False,False
11126,0.0000,1.0000,False,False,False
11127,1.0000,0.0000,False,False,False
11128,0.0000,1.0000,False,False,False
11129,0.0000,1.0000,False,False,False
11130,1.0000,0.0000,False,False,False
11131,1.0000,0.0000,False,False,False
11132,1.0000,0.0000,False,False,False
11133,1.0000,0.0000,False,False,False
11134,1.0000,0.0000,False,False,False
11135,1.0000,0.0000,False,False,False
11136,1.0000,0.0000,False,False,False
11137,1.0000,0.0000,False,False,False
11138,1.0000,0.0000,False,False,False
11139,1.0000,0.0000,False,False,False
11140,1.0000,0.0000,False,False,False
11141,0.0000,1.0000,False,False,False
11142,1.0000,0.0000,False,False,False
11143,1.0000,0.0000,False,False,False
11144,0.0000,1.0000,False,False,False
11145,1.0000,0.0000,False,False,False
11146,0.0000,1.0000,False,False,False
11147,1.0000,0.0000,False,False,False
11148,0.0000,1.0000,False,False,False
11149,1.0000,0.0000,False,False,False
11150,1.0000,0.0000,False,False,False
11151,1.0000,0.0000,False,False,False
11152,1.0000,0.0000,False,False,False
11153,1.0000,0.0000,False,False,False
11154,1.0000,0.0000,False,False,False
11155,1.0000,0.0000,False,False,False
11156,0.0000,1.0000,False,False,False
11157,1.0000,0.0000,False,False,False
11158,1.0000,0.0000,False,False,False
11159,1.0000,0.0000,False,False,False
11160,1.0000,0.0000,False,False,False
11161,1.0000,0.0000,False,False,False
11162,1.0000,0.0000,False,False,False
11163,1.0000,0.0000,False,False,False
11164,0.0000,1.0000,False,False,False
11165,0.0000,1.0000,False,False,False
11166,1.0000,0.0000,False,False,False
11167,1.0000,0.0000,False,False,False
11168,1.0000,0.0000,False,False,False
11169,1.0000,0.0000,False,False,False
11170,1.0000,0.0000,False,False,False
11171,1.0000,0.0000,False,False,False
11172,1.0000,0.0000,False,False,False
11173,1.0000,0.0000,False,False,False
11174,1.0000,0.0000,False,False,False
11175,0.0000,1.0000,False,False,False
11176,1.0000,0.0000,False,False,False
11177,1.0000,0.0000,False,False,False
11178,1.0000,0.0000,False,False,False
11179,1.0000,0.0000,False,False,False
11180,1.0000,0.0000,False,False,False
11181,1.0000,0.0000,False,False,False
11182,1.0000,0.0000,False,False,False
11183,1.0000,0.0000,False,False,False
11184,1.0000,0.0000,False,False,False
11185,1.0000,0.0000,False,False,False
11186,1.0000,0.0000,False,False,False
11187,1.0000,0.0000,False,False,False
11188,1.0000,0.0000,False,False,False
11189,1.0000,0.0000,False,False,False
11190,1.0000,0.0000,False,False,False
11191,1.0000,0.0000,False,False,False
11192,0.0000,1.0000,False,False,False
11193,1.0000,0.0000,False,False,False
11194,1.0000,0.0000,False,False,False
11195,1.0000,0.0000,False,False,False
11196,1.0000,0.0000,False,False,False
11197,1.0000,0.0000,False,False,False
11198,0.0000,1.0000,False,False,False
11199,1.0000,0.0000,False,False,False
11200,0.0000,1.0000,False,False,False
11201,1.0000,0.0000,False,False,False
11202,1.0000,0.0000,False,False,False
11203,1.0000,0.0000,False,False,False
11204,1.0000,0.0000,False,False,False
11205,0.0000,1.0000,False,False,False
11206,1.0000,0.0000,False,False,False
11207,1.0000,0.0000,False,False,False
11208,1.0000,0.0000,False,False,False
11209,1.0000,0.0000,False,False,False
11210,1.0000,0.0000,False,False,False
11211,1.0000,0.0000,False,False,False
11212,1.0000,0.0000,False,False,False
11213,1.0000,0.0000,False,False,False
11214,0.0000,1.0000,False,False,False
11215,1.0000,0.0000,False,False,False
11216,1.0000,0.0000,False,False,False
11217,1.0000,0.0000,False,False,False
11218,1.0000,0.0000,False,False,False
11219,0.0000,1.0000,False,False,False
11220,1.0000,0.0000,False,False,False
11221,0.0000,1.0000,False,False,False
11222,1.0000,0.0000,False,False,False
11223,0.0000,1.0000,False,False,False
11224,0.0000,1.0000,False,False,False
11225,1.0000,0.0000,False,False,False
11226,1.0000,0.0000,False,False,False
11227,1.0000,0.0000,False,False,False
11228,1.0000,0.0000,False,False,False
11229,1.0000,0.0000,False,False,False
11230,1.0000,0.0000,False,False,False
11231,1.0000,0.0000,False,False,False
11232,0.0000,1.0000,False,False,False
11233,1.0000,0.0000,False,False,False
11234,0.0000,1.0000,False,False,False
11235,1.0000,0.0000,False,False,False
11236,0.0000,1.0000,False,False,False
11237,1.0000,0.0000,False,False,False
11238,0.0000,1.0000,False,False,False
11239,0.0000,1.0000,False,False,False
11240,1.0000,0.0000,False,False,False
11241,1.0000,0.0000,False,False,False
11242,1.0000,0.0000,False,False,False
11243,1.0000,0.0000,False,False,False
11244,0.0000,1.0000,False,False,False
11245,1.0000,0.0000,False,False,False
11246,1.0000,0.0000,False,False,False
11247,0.0000,1.0000,False,False,False
11248,1.0000,0.0000,False,False,False
11249,0.0000,1.0000,False,False,False
11250,1.0000,0.0000,False,False,False
11251,1.0000,0.0000,False,False,False
11252,0.0000,1.0000,False,False,False
11253,1.0000,0.0000,False,False,False
11254,0.0000,1.0000,False,False,False
11255,1.0000,0.0000,False,False,False
11256,1.0000,0.0000,False,False,False
11257,1.0000,0.0000,False,False,False
11258,0.0000,1.0000,False,False,False
11259,0.0000,1.0000,False,False,False
11260,1.0000,0.0000,False,False,False
11261,1.0000,0.0000,False,False,False
11262,0.0000,1.0000,False,False,False
11263,1.0000,0.0000,False,False,False
11264,1.0000,0.0000,False,False,False
11265,1.0000,0.0000,False,False,False
11266,1.0000,0.0000,False,False,False
11267,1.0000,0.0000,False,False,False
11268,1.0000,0.0000,False,False,False
11269,0.0000,1.0000,False,False,False
11270,1.0000,0.0000,False,False,False
11271,1.0000,0.0000,False,False,False
11272,1.0000,0.0000,False,False,False
11273,1.0000,0.0000,False,False,False
11274,1.0000,0.0000,False,False,False
11275,0.0000,1.0000,False,False,False
11276,1.0000,0.0000,False,False,False
11277,1.0000,0.0000,False,False,False
11278,0.0000,1.0000,False,False,False
11279,1.0000,0.0000,False,False,False
11280,1.0000,0.0000,False,False,False
11281,1.0000,0.0000,False,False,False
11282,1.0000,0.0000,False,False,False
11283,0.0000,1.0000,False,False,False
11284,1.0000,0.0000,False,False,False
11285,1.0000,0.0000,False,False,False
11286,1.0000,0.0000,False,False,False
11287,1.0000,0.0000,False,False,False
11288,0.0000,1.0000,False,False,False
11289,1.0000,0.0000,False,False,False
11290,1.0000,0.0000,False,False,False
11291,1.0000,0.0000,False,False,False
11292,1.0000,0.0000,False,False,False
11293,1.0000,0.0000,False,False,False
11294,1.0000,0.0000,False,False,False
11295,0.0000,1.0000,False,False,False
11296,1.0000,0.0000,False,False,False
11297,1.0000,0.0000,False,False,False
11298,0.0000,1.0000,False,False,False
11299,1.0000,0.0000,False,False,False
11300,1.0000,0.0000,False,False,False
11301,1.0000,0.0000,False,False,False
11302,1.0000,0.0000,False,False,False
11303,1.0000,0.0000,False,False,False
11304,1.0000,0.0000,False,False,False
11305,1.0000,0.0000,False,False,False
11306,1.0000,0.0000,False,False,False
11307,0.0000,1.0000,False,False,False
11308,1.0000,0.0000,False,False,False
11309,1.0000,0.0000,False,False,False
11310,0.0000,1.0000,False,False,False
11311,1.0000,0.0000,False,False,False
11312,1.0000,0.0000,False,False,False
11313,1.0000,0.0000,False,False,False
11314,0.0000,1.0000,False,False,False
11315,1.0000,0.0000,False,False,False
11316,1.0000,0.0000,False,False,False
11317,0.0000,1.0000,False,False,False
11318,1.0000,0.0000,False,False,False
11319,1.0000,0.0000,False,False,False
11320,1.0000,0.0000,False,False,False
11321,0.0000,1.0000,False,False,False
11322,1.0000,0.0000,False,False,False
11323,1.0000,0.0000,False,False,False
11324,1.0000,0.0000,False,False,False
11325,1.0000,0.0000,False,False,False
11326,1.0000,0.0000,False,False,False
11327,1.0000,0.0000,False,False,False
11328,1.0000,0.0000,False,False,False
11329,1.0000,0.0000,False,False,False
11330,1.0000,0.0000,False,False,False
11331,1.0000,0.0000,False,False,False
11332,1.0000,0.0000,False,False,False
11333,1.0000,0.0000,False,False,False
11334,0.0000,1.0000,False,False,False
11335,1.0000,0.0000,False,False,False
11336,0.0000,1.0000,False,False,False
11337,1.0000,0.0000,False,False,False
11338,1.0000,0.0000,False,False,False
11339,1.0000,0.0000,False,False,False
11340,1.0000,0.0000,False,False,False
11341,1.0000,0.0000,False,False,False
11342,1.0000,0.0000,False,False,False
11343,0.0000,1.0000,False,False,False
11344,0.0000,1.0000,False,False,False
11345,0.0000,1.0000,False,False,False
11346,1.0000,0.0000,False,False,False
11347,1.0000,0.0000,False,False,False
11348,0.0000,1.0000,False,False,False
11349,1.0000,0.0000,False,False,False
11350,1.0000,0.0000,False,False,False
11351,1.0000,0.0000,False,False,False
11352,0.0000,1.0000,False,False,False
11353,1.0000,0.0000,False,False,False
11354,1.0000,0.0000,False,False,False
11355,1.0000,0.0000,False,False,False
11356,0.0000,1.0000,False,False,False
11357,1.0000,0.0000,False,False,False
11358,1.0000,0.0000,False,False,False
11359,1.0000,0.0000,False,False,False
11360,1.0000,0.0000,False,False,False
11361,1.0000,0.0000,False,False,False
11362,1.0000,0.0000,False,False,False
11363,1.0000,0.0000,False,False,False
11364,0.0000,1.0000,False,False,False
11365,1.0000,0.0000,False,False,False
11366,1.0000,0.0000,False,False,False
11367,1.0000,0.0000,False,False,False
11368,1.0000,0.0000,False,False,False
11369,0.0000,1.0000,False,False,False
11370,1.0000,0.0000,False,False,False
11371,1.0000,0.0000,False,False,False
11372,1.0000,0.0000,False,False,False
11373,1.0000,0.0000,False,False,False
11374,1.0000,0.0000,False,False,False
11375,1.0000,0.0000,False,False,False
11376,0.0000,1.0000,False,False,False
11377,0.0000,1.0000,False,False,False
11378,1.0000,0.0000,False,False,False
11379,1.0000,0.0000,False,False,False
11380,0.0000,1.0000,False,False,False
11381,1.0000,0.0000,False,False,False
11382,1.0000,0.0000,False,False,False
11383,1.0000,0.0000,False,False,False
11384,1.0000,0.0000,False,False,False
11385,0.0000,1.0000,False,False,False
11386,1.0000,0.0000,False,False,False
11387,1.0000,0.0000,False,False,False
11388,1.0000,0.0000,False,False,False
11389,0.0000,1.0000,False,False,False
11390,0.0000,1.0000,False,False,False
11391,1.0000,0.0000,False,False,False
11392,1.0000,0.0000,False,False,False
11393,1.0000,0.0000,False,False,False
11394,1.0000,0.0000,False,False,False
11395,1.0000,0.0000,False,False,False
11396,0.0000,1.0000,False,False,False
11397,0.0000,1.0000,False,False,False
11398,1.0000,0.0000,False,False,False
11399,1.0000,0.0000,False,False,False
11400,0.0000,1.0000,False,False,False
11401,1.0000,0.0000,False,False,False
11402,1.0000,0.0000,False,False,False
11403,1.0000,0.0000,False,False,False
11404,1.0000,0.0000,False,False,False
11405,1.0000,0.0000,False,False,False
11406,0.0000,1.0000,False,False,False
11407,1.0000,0.0000,False,False,False
11408,0.0000,1.0000,False,False,False
11409,1.0000,0.0000,False,False,False
11410,1.0000,0.0000,False,False,False
11411,1.0000,0.0000,False,False,False
11412,1.0000,0.0000,False,False,False
11413,1.0000,0.0000,False,False,False
11414,0.0000,1.0000,False,False,False
11415,0.0000,1.0000,False,False,False
11416,1.0000,0.0000,False,False,False
11417,1.0000,0.0000,False,False,False
11418,0.0000,1.0000,False,False,False
11419,1.0000,0.0000,False,False,False
11420,1.0000,0.0000,False,False,False
11421,1.0000,0.0000,False,False,False
11422,0.0000,1.0000,False,False,False
11423,1.0000,0.0000,False,False,False
11424,1.0000,0.0000,False,False,False
11425,0.0000,1.0000,False,False,False
11426,1.0000,0.0000,False,False,False
11427,1.0000,0.0000,False,False,False
11428,1.0000,0.0000,False,False,False
11429,0.0000,1.0000,False,False,False
11430,1.0000,0.0000,False,False,False
11431,1.0000,0.0000,False,False,False
11432,0.0000,1.0000,False,False,False
11433,0.0000,1.0000,False,False,False
11434,1.0000,0.0000,False,False,False
11435,0.0000,1.0000,False,False,False
11436,1.0000,0.0000,False,False,False
11437,0.0000,1.0000,False,False,False
11438,0.0000,1.0000,False,False,False
11439,1.0000,0.0000,False,False,False
11440,1.0000,0.0000,False,False,False
11441,0.0000,1.0000,False,False,False
11442,0.0000,1.0000,False,False,False
11443,1.0000,0.0000,False,False,False
11444,0.0000,1.0000,False,False,False
11445,1.0000,0.0000,False,False,False
11446,1.0000,0.0000,False,False,False
11447,1.0000,0.0000,False,False,False
11448,1.0000,0.0000,False,False,False
11449,1.0000,0.0000,False,False,False
11450,1.0000,0.0000,False,False,False
11451,1.0000,0.0000,False,False,False
11452,0.0000,1.0000,False,False,False
11453,0.0000,1.0000,False,False,False
11454,1.0000,0.0000,False,False,False
11455,1.0000,0.0000,False,False,False
11456,1.0000,0.0000,False,False,False
11457,1.0000,0.0000,False,False,False
11458,0.0000,1.0000,False,False,False
11459,1.0000,0.0000,False,False,False
11460,1.0000,0.0000,False,False,False
11461,0.0000,1.0000,False,False,False
11462,0.0000,1.0000,False,False,False
11463,0.0000,1.0000,False,False,False
11464,1.0000,0.0000,False,False,False
11465,1.0000,0.0000,False,False,False
11466,1.0000,0.0000,False,False,False
11467,1.0000,0.0000,False,False,False
11468,1.0000,0.0000,False,False,False
11469,1.0000,0.0000,False,False,False
11470,1.0000,0.0000,False,False,False
11471,0.0000,1.0000,False,False,False
11472,0.0000,1.0000,False,False,False
11473,0.0000,1.0000,False,False,False
11474,1.0000,0.0000,False,False,False
11475,1.0000,0.0000,False,False,False
11476,0.0000,1.0000,False,False,False
11477,1.0000,0.0000,False,False,False
11478,0.0000,1.0000,False,False,False
11479,1.0000,0.0000,False,False,False
11480,0.0000,1.0000,False,False,False
11481,1.0000,0.0000,False,False,False
11482,0.0000,1.0000,False,False,False
11483,1.0000,0.0000,False,False,False
11484,1.0000,0.0000,False,False,False
11485,1.0000,0.0000,False,False,False
11486,1.0000,0.0000,False,False,False
11487,1.0000,0.0000,False,False,False
11488,1.0000,0.0000,False,False,False
11489,0.0000,1.0000,False,False,False
11490,1.0000,0.0000,False,False,False
11491,1.0000,0.0000,False,False,False
11492,1.0000,0.0000,False,False,False
11493,1.0000,0.0000,False,False,False
11494,1.0000,0.0000,False,False,False
11495,0.0000,1.0000,False,False,False
11496,0.0000,1.0000,False,False,False
11497,1.0000,0.0000,False,False,False
11498,1.0000,0.0000,False,False,False
11499,1.0000,0.0000,False,False,False
11500,1.0000,0.0000,False,False,False
11501,0.0000,1.0000,False,False,False
11502,1.0000,0.0000,False,False,False
11503,1.0000,0.0000,False,False,False
11504,1.0000,0.0000,False,False,False
11505,1.0000,0.0000,False,False,False
11506,1.0000,0.0000,False,False,False
11507,1.0000,0.0000,False,False,False
11508,1.0000,0.0000,False,False,False
11509,1.0000,0.0000,False,False,False
11510,1.0000,0.0000,False,False,False
11511,0.0000,1.0000,False,False,False
11512,1.0000,0.0000,False,False,False
11513,1.0000,0.0000,False,False,False
11514,0.0000,1.0000,False,False,False
11515,1.0000,0.0000,False,False,False
11516,1.0000,0.0000,False,False,False
11517,1.0000,0.0000,False,False,False
11518,1.0000,0.0000,False,False,False
11519,1.0000,0.0000,False,False,False
11520,1.0000,0.0000,False,False,False
11521,1.0000,0.0000,False,False,False
11522,1.0000,0.0000,False,False,False
11523,1.0000,0.0000,False,False,False
11524,1.0000,0.0000,False,False,False
11525,1.0000,0.0000,False,False,False
11526,1.0000,0.0000,False,False,False
11527,1.0000,0.0000,False,False,False
11528,1.0000,0.0000,False,False,False
11529,1.0000,0.0000,False,False,False
11530,1.0000,0.0000,False,False,False
11531,0.0000,1.0000,False,False,False
11532,1.0000,0.0000,False,False,False
11533,1.0000,0.0000,False,False,False
11534,1.0000,0.0000,False,False,False
11535,1.0000,0.0000,False,False,False
11536,0.0000,1.0000,False,False,False
11537,1.0000,0.0000,False,False,False
11538,0.0000,1.0000,False,False,False
11539,1.0000,0.0000,False,False,False
11540,1.0000,0.0000,False,False,False
11541,1.0000,0.0000,False,False,False
11542,1.0000,0.0000,False,False,False
11543,1.0000,0.0000,False,False,False
11544,1.0000,0.0000,False,False,False
11545,1.0000,0.0000,False,False,False
11546,1.0000,0.0000,False,False,False
11547,1.0000,0.0000,False,False,False
11548,1.0000,0.0000,False,False,False
11549,0.0000,1.0000,False,False,False
11550,0.0000,1.0000,False,False,False
11551,1.0000,0.0000,False,False,False
11552,0.0000,1.0000,False,False,False
11553,1.0000,0.0000,False,False,False
11554,1.0000,0.0000,False,False,False
11555,1.0000,0.0000,False,False,False
11556,1.0000,0.0000,False,False,False
11557,1.0000,0.0000,False,False,False
11558,1.0000,0.0000,False,False,False
11559,1.0000,0.0000,False,False,False
11560,1.0000,0.0000,False,False,False
11561,1.0000,0.0000,False,False,False
11562,0.0000,1.0000,False,False,False
11563,0.0000,1.0000,False,False,False
11564,1.0000,0.0000,False,False,False
11565,1.0000,0.0000,False,False,False
11566,1.0000,0.0000,False,False,False
11567,1.0000,0.0000,False,False,False
11568,1.0000,0.0000,False,False,False
11569,0.0000,1.0000,False,False,False
11570,1.0000,0.0000,False,False,False
11571,1.0000,0.0000,False,False,False
11572,0.0000,1.0000,False,False,False
11573,1.0000,0.0000,False,False,False
11574,1.0000,0.0000,False,False,False
11575,1.0000,0.0000,False,False,False
11576,1.0000,0.0000,False,False,False
11577,1.0000,0.0000,False,False,False
11578,0.0000,1.0000,False,False,False
11579,1.0000,0.0000,False,False,False
11580,1.0000,0.0000,False,False,False
11581,1.0000,0.0000,False,False,False
11582,0.0000,1.0000,False,False,False
11583,1.0000,0.0000,False,False,False
11584,1.0000,0.0000,False,False,False
11585,0.0000,1.0000,False,False,False
11586,0.0000,1.0000,False,False,False
11587,1.0000,0.0000,False,False,False
11588,0.0000,1.0000,False,False,False
11589,1.0000,0.0000,False,False,False
11590,1.0000,0.0000,False,False,False
11591,1.0000,0.0000,False,False,False
11592,1.0000,0.0000,False,False,False
11593,1.0000,0.0000,False,False,False
11594,1.0000,0.0000,False,False,False
11595,0.0000,1.0000,False,False,False
11596,0.0000,1.0000,False,False,False
11597,1.0000,0.0000,False,False,False
11598,1.0000,0.0000,False,False,False
11599,1.0000,0.0000,False,False,False
11600,1.0000,0.0000,False,False,False
11601,1.0000,0.0000,False,False,False
11602,0.0000,1.0000,False,False,False
11603,1.0000,0.0000,False,False,False
11604,1.0000,0.0000,False,False,False
11605,1.0000,0.0000,False,False,False
11606,1.0000,0.0000,False,False,False
11607,1.0000,0.0000,False,False,False
11608,1.0000,0.0000,False,False,False
11609,1.0000,0.0000,False,False,False
11610,1.0000,0.0000,False,False,False
11611,1.0000,0.0000,False,False,False
11612,1.0000,0.0000,False,False,False
11613,1.0000,0.0000,False,False,False
11614,0.0000,1.0000,False,False,False
11615,1.0000,0.0000,False,False,False
11616,0.0000,1.0000,False,False,False
11617,1.0000,0.0000,False,False,False
11618,0.0000,1.0000,False,False,False
11619,1.0000,0.0000,False,False,False
11620,1.0000,0.0000,False,False,False
11621,0.0000,1.0000,False,False,False
11622,0.0000,1.0000,False,False,False
11623,1.0000,0.0000,False,False,False
11624,1.0000,0.0000,False,False,False
11625,1.0000,0.0000,False,False,False
11626,1.0000,0.0000,False,False,False
11627,1.0000,0.0000,False,False,False
11628,0.0000,1.0000,False,False,False
11629,1.0000,0.0000,False,False,False
11630,1.0000,0.0000,False,False,False
11631,0.0000,1.0000,False,False,False
11632,0.0000,1.0000,False,False,False
11633,0.0000,1.0000,False,False,False
11634,0.0000,1.0000,False,False,False
11635,1.0000,0.0000,False,False,False
11636,1.0000,0.0000,False,False,False
11637,0.0000,1.0000,False,False,False
11638,1.0000,0.0000,False,False,False
11639,1.0000,0.0000,False,False,False
11640,1.0000,0.0000,False,False,False
11641,1.0000,0.0000,False,False,False
11642,1.0000,0.0000,False,False,False
11643,1.0000,0.0000,False,False,False
11644,1.0000,0.0000,False,False,False
11645,1.0000,0.0000,False,False,False
11646,1.0000,0.0000,False,False,False
11647,1.0000,0.0000,False,False,False
11648,0.0000,1.0000,False,False,False
11649,0.0000,1.0000,False,False,False
11650,1.0000,0.0000,False,False,False
11651,1.0000,0.0000,False,False,False
11652,0.0000,1.0000,False,False,False
11653,0.0000,1.0000,False,False,False
11654,1.0000,0.0000,False,False,False
11655,0.0000,1.0000,False,False,False
11656,1.0000,0.0000,False,False,False
11657,0.0000,1.0000,False,False,False
11658,1.0000,0.0000,False,False,False
11659,1.0000,0.0000,False,False,False
11660,1.0000,0.0000,False,False,False
11661,0.0000,1.0000,False,False,False
11662,0.0000,1.0000,False,False,False
11663,1.0000,0.0000,False,False,False
11664,1.0000,0.0000,False,False,False
11665,1.0000,0.0000,False,False,False
11666,1.0000,0.0000,False,False,False
11667,0.0000,1.0000,False,False,False
11668,1.0000,0.0000,False,False,False
11669,0.0000,1.0000,False,False,False
11670,1.0000,0.0000,False,False,False
11671,1.0000,0.0000,False,False,False
11672,1.0000,0.0000,False,False,False
11673,1.0000,0.0000,False,False,False
11674,0.0000,1.0000,False,False,False
11675,1.0000,0.0000,False,False,False
11676,1.0000,0.0000,False,False,False
11677,1.0000,0.0000,False,False,False
11678,1.0000,0.0000,False,False,False
11679,0.0000,1.0000,False,False,False
11680,0.0000,1.0000,False,False,False
11681,1.0000,0.0000,False,False,False
11682,1.0000,0.0000,False,False,False
11683,1.0000,0.0000,False,False,False
11684,1.0000,0.0000,False,False,False
11685,1.0000,0.0000,False,False,False
11686,1.0000,0.0000,False,False,False
11687,0.0000,1.0000,False,False,False
11688,1.0000,0.0000,False,False,False
11689,1.0000,0.0000,False,False,False
11690,1.0000,0.0000,False,False,False
11691,1.0000,0.0000,False,False,False
11692,0.0000,1.0000,False,False,False
11693,1.0000,0.0000,False,False,False
11694,0.0000,1.0000,False,False,False
11695,1.0000,0.0000,False,False,False
11696,1.0000,0.0000,False,False,False
11697,1.0000,0.0000,False,False,False
11698,0.0000,1.0000,False,False,False
11699,1.0000,0.0000,False,False,False
11700,0.0000,1.0000,False,False,False
11701,1.0000,0.0000,False,False,False
11702,0.0000,1.0000,False,False,False
11703,1.0000,0.0000,False,False,False
11704,0.0000,1.0000,False,False,False
11705,1.0000,0.0000,False,False,False
11706,1.0000,0.0000,False,False,False
11707,1.0000,0.0000,False,False,False
11708,1.0000,0.0000,False,False,False
11709,1.0000,0.0000,False,False,False
11710,1.0000,0.0000,False,False,False
11711,0.0000,1.0000,False,False,False
11712,1.0000,0.0000,False,False,False
11713,0.0000,1.0000,False,False,False
11714,1.0000,0.0000,False,False,False
11715,1.0000,0.0000,False,False,False
11716,1.0000,0.0000,False,False,False
11717,1.0000,0.0000,False,False,False
11718,1.0000,0.0000,False,False,False
11719,1.0000,0.0000,False,False,False
11720,1.0000,0.0000,False,False,False
11721,1.0000,0.0000,False,False,False
11722,1.0000,0.0000,False,False,False
11723,1.0000,0.0000,False,False,False
11724,1.0000,0.0000,False,False,False
11725,1.0000,0.0000,False,False,False
11726,1.0000,0.0000,False,False,False
11727,0.0000,1.0000,False,False,False
11728,0.0000,1.0000,False,False,False
11729,1.0000,0.0000,False,False,False
11730,1.0000,0.0000,False,False,False
11731,1.0000,0.0000,False,False,False
11732,0.0000,1.0000,False,False,False
11733,1.0000,0.0000,False,False,False
11734,1.0000,0.0000,False,False,False
11735,1.0000,0.0000,False,False,False
11736,1.0000,0.0000,False,False,False
11737,1.0000,0.0000,False,False,False
11738,0.0000,1.0000,False,False,False
11739,1.0000,0.0000,False,False,False
11740,1.0000,0.0000,False,False,False
11741,1.0000,0.0000,False,False,False
11742,1.0000,0.0000,False,False,False
11743,0.0000,1.0000,False,False,False
11744,1.0000,0.0000,False,False,False
11745,0.0000,1.0000,False,False,False
11746,1.0000,0.0000,False,False,False
11747,0.0000,1.0000,False,False,False
11748,1.0000,0.0000,False,False,False
11749,1.0000,0.0000,False,False,False
11750,1.0000,0.0000,False,False,False
11751,0.0000,1.0000,False,False,False
11752,1.0000,0.0000,False,False,False
11753,1.0000,0.0000,False,False,False
11754,1.0000,0.0000,False,False,False
11755,1.0000,0.0000,False,False,False
11756,1.0000,0.0000,False,False,False
11757,1.0000,0.0000,False,False,False
11758,0.0000,1.0000,False,False,False
11759,1.0000,0.0000,False,False,False
11760,0.0000,1.0000,False,False,False
11761,1.0000,0.0000,False,False,False
11762,1.0000,0.0000,False,False,False
11763,1.0000,0.0000,False,False,False
11764,1.0000,0.0000,False,False,False
11765,1.0000,0.0000,False,False,False
11766,1.0000,0.0000,False,False,False
11767,1.0000,0.0000,False,False,False
11768,1.0000,0.0000,False,False,False
11769,1.0000,0.0000,False,False,False
11770,0.0000,1.0000,False,False,False
11771,1.0000,0.0000,False,False,False
11772,0.0000,1.0000,False,False,False
11773,1.0000,0.0000,False,False,False
11774,1.0000,0.0000,False,False,False
11775,0.0000,1.0000,False,False,False
11776,1.0000,0.0000,False,False,False
11777,1.0000,0.0000,False,False,False
11778,0.0000,1.0000,False,False,False
11779,1.0000,0.0000,False,False,False
11780,1.0000,0.0000,False,False,False
11781,0.0000,1.0000,False,False,False
11782,1.0000,0.0000,False,False,False
11783,0.0000,1.0000,False,False,False
11784,1.0000,0.0000,False,False,False
11785,0.0000,1.0000,False,False,False
11786,0.0000,1.0000,False,False,False
11787,0.0000,1.0000,False,False,False
11788,1.0000,0.0000,False,False,False
11789,1.0000,0.0000,False,False,False
11790,1.0000,0.0000,False,False,False
11791,0.0000,1.0000,False,False,False
11792,1.0000,0.0000,False,False,False
11793,1.0000,0.0000,False,False,False
11794,1.0000,0.0000,False,False,False
11795,1.0000,0.0000,False,False,False
11796,1.0000,0.0000,False,False,False
11797,1.0000,0.0000,False,False,False
11798,0.0000,1.0000,False,False,False
11799,1.0000,0.0000,False,False,False
11800,1.0000,0.0000,False,False,False
11801,0.0000,1.0000,False,False,False
11802,1.0000,0.0000,False,False,False
11803,1.0000,0.0000,False,False,False
11804,1.0000,0.0000,False,False,False
11805,1.0000,0.0000,False,False,False
11806,1.0000,0.0000,False,False,False
11807,1.0000,0.0000,False,False,False
11808,1.0000,0.0000,False,False,False
11809,1.0000,0.0000,False,False,False
11810,1.0000,0.0000,False,False,False
11811,0.0000,1.0000,False,False,False
11812,1.0000,0.0000,False,False,False
11813,1.0000,0.0000,False,False,False
11814,0.0000,1.0000,False,False,False
11815,1.0000,0.0000,False,False,False
11816,1.0000,0.0000,False,False,False
11817,1.0000,0.0000,False,False,False
11818,0.0000,1.0000,False,False,False
11819,1.0000,0.0000,False,False,False
11820,1.0000,0.0000,False,False,False
11821,1.0000,0.0000,False,False,False
11822,1.0000,0.0000,False,False,False
11823,1.0000,0.0000,False,False,False
11824,1.0000,0.0000,False,False,False
11825,1.0000,0.0000,False,False,False
11826,1.0000,0.0000,False,False,False
11827,1.0000,0.0000,False,False,False
11828,1.0000,0.0000,False,False,False
11829,1.0000,0.0000,False,False,False
11830,1.0000,0.0000,False,False,False
11831,1.0000,0.0000,False,False,False
11832,1.0000,0.0000,False,False,False
11833,1.0000,0.0000,False,False,False
11834,1.0000,0.0000,False,False,False
11835,1.0000,0.0000,False,False,False
11836,1.0000,0.0000,False,False,False
11837,1.0000,0.0000,False,False,False
11838,1.0000,0.0000,False,False,False
11839,0.0000,1.0000,False,False,False
11840,1.0000,0.0000,False,False,False
11841,0.0000,1.0000,False,False,False
11842,1.0000,0.0000,False,False,False
11843,1.0000,0.0000,False,False,False
11844,0.0000,1.0000,False,False,False
11845,1.0000,0.0000,False,False,False
11846,1.0000,0.0000,False,False,False
11847,0.0000,1.0000,False,False,False
11848,1.0000,0.0000,False,False,False
11849,0.0000,1.0000,False,False,False
11850,1.0000,0.0000,False,False,False
11851,0.0000,1.0000,False,False,False
11852,1.0000,0.0000,False,False,False
11853,1.0000,0.0000,False,False,False
11854,0.0000,1.0000,False,False,False
11855,0.0000,1.0000,False,False,False
11856,0.0000,1.0000,False,False,False
11857,1.0000,0.0000,False,False,False
11858,1.0000,0.0000,False,False,False
11859,1.0000,0.0000,False,False,False
11860,0.0000,1.0000,False,False,False
11861,1.0000,0.0000,False,False,False
11862,1.0000,0.0000,False,False,False
11863,1.0000,0.0000,False,False,False
11864,0.0000,1.0000,False,False,False
11865,1.0000,0.0000,False,False,False
11866,0.0000,1.0000,False,False,False
11867,1.0000,0.0000,False,False,False
11868,1.0000,0.0000,False,False,False
11869,1.0000,0.0000,False,False,False
11870,1.0000,0.0000,False,False,False
11871,1.0000,0.0000,False,False,False
11872,1.0000,0.0000,False,False,False
11873,1.0000,0.0000,False,False,False
11874,1.0000,0.0000,False,False,False
11875,1.0000,0.0000,False,False,False
11876,1.0000,0.0000,False,False,False
11877,1.0000,0.0000,False,False,False
11878,1.0000,0.0000,False,False,False
11879,1.0000,0.0000,False,False,False
11880,1.0000,0.0000,False,False,False
11881,1.0000,0.0000,False,False,False
11882,0.0000,1.0000,False,False,False
11883,1.0000,0.0000,False,False,False
11884,0.0000,1.0000,False,False,False
11885,1.0000,0.0000,False,False,False
11886,0.0000,1.0000,False,False,False
11887,1.0000,0.0000,False,False,False
11888,1.0000,0.0000,False,False,False
11889,1.0000,0.0000,False,False,False
11890,1.0000,0.0000,False,False,False
11891,0.0000,1.0000,False,False,False
11892,0.0000,1.0000,False,False,False
11893,1.0000,0.0000,False,False,False
11894,1.0000,0.0000,False,False,False
11895,0.0000,1.0000,False,False,False
11896,1.0000,0.0000,False,False,False
11897,1.0000,0.0000,False,False,False
11898,1.0000,0.0000,False,False,False
11899,0.0000,1.0000,False,False,False
11900,1.0000,0.0000,False,False,False
11901,1.0000,0.0000,False,False,False
11902,0.0000,1.0000,False,False,False
11903,0.0000,1.0000,False,False,False
11904,1.0000,0.0000,False,False,False
11905,1.0000,0.0000,False,False,False
11906,0.0000,1.0000,False,False,False
11907,1.0000,0.0000,False,False,False
11908,1.0000,0.0000,False,False,False
11909,1.0000,0.0000,False,False,False
11910,1.0000,0.0000,False,False,False
11911,1.0000,0.0000,False,False,False
11912,1.0000,0.0000,False,False,False
11913,1.0000,0.0000,False,False,False
11914,1.0000,0.0000,False,False,False
11915,1.0000,0.0000,False,False,False
11916,1.0000,0.0000,False,False,False
11917,0.0000,1.0000,False,False,False
11918,1.0000,0.0000,False,False,False
11919,0.0000,1.0000,False,False,False
11920,1.0000,0.0000,False,False,False
11921,0.0000,1.0000,False,False,False
11922,1.0000,0.0000,False,False,False
11923,1.0000,0.0000,False,False,False
11924,1.0000,0.0000,False,False,False
11925,0.0000,1.0000,False,False,False
11926,0.0000,1.0000,False,False,False
11927,1.0000,0.0000,False,False,False
11928,0.0000,1.0000,False,False,False
11929,1.0000,0.0000,False,False,False
11930,0.0000,1.0000,False,False,False
11931,1.0000,0.0000,False,False,False
11932,1.0000,0.0000,False,False,False
11933,0.0000,1.0000,False,False,False
11934,1.0000,0.0000,False,False,False
11935,1.0000,0.0000,False,False,False
11936,1.0000,0.0000,False,False,False
11937,1.0000,0.0000,False,False,False
11938,1.0000,0.0000,False,False,False
11939,0.0000,1.0000,False,False,False
11940,0.0000,1.0000,False,False,False
11941,0.0000,1.0000,False,False,False
11942,0.0000,1.0000,False,False,False
11943,1.0000,0.0000,False,False,False
11944,1.0000,0.0000,False,False,False
11945,0.0000,1.0000,False,False,False
11946,1.0000,0.0000,False,False,False
11947,0.0000,1.0000,False,False,False
11948,1.0000,0.0000,False,False,False
11949,1.0000,0.0000,False,False,False
11950,1.0000,0.0000,False,False,False
11951,1.0000,0.0000,False,False,False
11952,1.0000,0.0000,False,False,False
11953,1.0000,0.0000,False,False,False
11954,1.0000,0.0000,False,False,False
11955,0.0000,1.0000,False,False,False
11956,1.0000,0.0000,False,False,False
11957,1.0000,0.0000,False,False,False
11958,0.0000,1.0000,False,False,False
11959,1.0000,0.0000,False,False,False
11960,0.0000,1.0000,False,False,False
11961,0.0000,1.0000,False,False,False
11962,1.0000,0.0000,False,False,False
11963,1.0000,0.0000,False,False,False
11964,1.0000,0.0000,False,False,False
11965,1.0000,0.0000,False,False,False
11966,1.0000,0.0000,False,False,False
11967,1.0000,0.0000,False,False,False
11968,0.0000,1.0000,False,False,False
11969,1.0000,0.0000,False,False,False
11970,1.0000,0.0000,False,False,False
11971,0.0000,1.0000,False,False,False
11972,1.0000,0.0000,False,False,False
11973,1.0000,0.0000,False,False,False
11974,0.0000,1.0000,False,False,False
11975,1.0000,0.0000,False,False,False
11976,0.0000,1.0000,False,False,False
11977,1.0000,0.0000,False,False,False
11978,1.0000,0.0000,False,False,False
11979,1.0000,0.0000,False,False,False
11980,0.0000,1.0000,False,False,False
11981,1.0000,0.0000,False,False,False
11982,0.0000,1.0000,False,False,False
11983,1.0000,0.0000,False,False,False
11984,1.0000,0.0000,False,False,False
11985,1.0000,0.0000,False,False,False
11986,1.0000,0.0000,False,False,False
11987,1.0000,0.0000,False,False,False
11988,1.0000,0.0000,False,False,False
11989,1.0000,0.0000,False,False,False
11990,1.0000,0.0000,False,False,False
11991,1.0000,0.0000,False,False,False
11992,1.0000,0.0000,False,False,False
11993,1.0000,0.0000,False,False,False
11994,1.0000,0.0000,False,False,False
11995,1.0000,0.0000,False,False,False
11996,0.0000,1.0000,False,False,False
11997,1.0000,0.0000,False,False,False
11998,1.0000,0.0000,False,False,False
11999,1.0000,0.0000,False,False,False
12000,1.0000,0.0000,False,False,False
12001,0.0000,1.0000,False,False,False
12002,0.0000,1.0000,False,False,False
12003,1.0000,0.0000,False,False,False
12004,1.0000,0.0000,False,False,False
12005,1.0000,0.0000,False,False,False
12006,1.0000,0.0000,False,False,False
12007,0.0000,1.0000,False,False,False
12008,1.0000,0.0000,False,False,False
12009,1.0000,0.0000,False,False,False
12010,0.0000,1.0000,False,False,False
12011,0.0000,1.0000,False,False,False
12012,0.0000,1.0000,False,False,False
12013,0.0000,1.0000,False,False,False
12014,1.0000,0.0000,False,False,False
12015,1.0000,0.0000,False,False,False
12016,1.0000,0.0000,False,False,False
12017,1.0000,0.0000,False,False,False
12018,1.0000,0.0000,False,False,False
12019,0.0000,1.0000,False,False,False
12020,0.0000,1.0000,False,False,False
12021,1.0000,0.0000,False,False,False
12022,1.0000,0.0000,False,False,False
12023,0.0000,1.0000,False,False,False
12024,0.0000,1.0000,False,False,False
12025,1.0000,0.0000,False,False,False
12026,1.0000,0.0000,False,False,False
12027,1.0000,0.0000,False,False,False
12028,1.0000,0.0000,False,False,False
12029,1.0000,0.0000,False,False,False
12030,0.0000,1.0000,False,False,False
12031,1.0000,0.0000,False,False,False
12032,1.0000,0.0000,False,False,False
12033,1.0000,0.0000,False,False,False
12034,1.0000,0.0000,False,False,False
12035,0.0000,1.0000,False,False,False
12036,1.0000,0.0000,False,False,False
12037,1.0000,0.0000,False,False,False
12038,1.0000,0.0000,False,False,False
12039,1.0000,0.0000,False,False,False
12040,1.0000,0.0000,False,False,False
12041,0.0000,1.0000,False,False,False
12042,1.0000,0.0000,False,False,False
12043,1.0000,0.0000,False,False,False
12044,1.0000,0.0000,False,False,False
12045,0.0000,1.0000,False,False,False
12046,1.0000,0.0000,False,False,False
12047,1.0000,0.0000,False,False,False
12048,1.0000,0.0000,False,False,False
12049,1.0000,0.0000,False,False,False
12050,1.0000,0.0000,False,False,False
12051,0.0000,1.0000,False,False,False
12052,1.0000,0.0000,False,False,False
12053,1.0000,0.0000,False,False,False
12054,1.0000,0.0000,False,False,False
12055,1.0000,0.0000,False,False,False
12056,1.0000,0.0000,False,False,False
12057,1.0000,0.0000,False,False,False
12058,1.0000,0.0000,False,False,False
12059,1.0000,0.0000,False,False,False
12060,0.0000,1.0000,False,False,False
12061,1.0000,0.0000,False,False,False
12062,1.0000,0.0000,False,False,False
12063,1.0000,0.0000,False,False,False
12064,1.0000,0.0000,False,False,False
12065,1.0000,0.0000,False,False,False
12066,1.0000,0.0000,False,False,False
12067,1.0000,0.0000,False,False,False
12068,1.0000,0.0000,False,False,False
12069,1.0000,0.0000,False,False,False
12070,1.0000,0.0000,False,False,False
12071,1.0000,0.0000,False,False,False
12072,1.0000,0.0000,False,False,False
12073,1.0000,0.0000,False,False,False
12074,1.0000,0.0000,False,False,False
12075,1.0000,0.0000,False,False,False
12076,0.0000,1.0000,False,False,False
12077,0.0000,1.0000,False,False,False
12078,0.0000,1.0000,False,False,False
12079,1.0000,0.0000,False,False,False
12080,1.0000,0.0000,False,False,False
12081,1.0000,0.0000,False,False,False
12082,1.0000,0.0000,False,False,False
12083,0.0000,1.0000,False,False,False
12084,0.0000,1.0000,False,False,False
12085,0.0000,1.0000,False,False,False
12086,1.0000,0.0000,False,False,False
12087,1.0000,0.0000,False,False,False
12088,1.0000,0.0000,False,False,False
12089,1.0000,0.0000,False,False,False
12090,0.0000,1.0000,False,False,False
12091,1.0000,0.0000,False,False,False
12092,1.0000,0.0000,False,False,False
12093,1.0000,0.0000,False,False,False
12094,0.0000,1.0000,False,False,False
12095,1.0000,0.0000,False,False,False
12096,1.0000,0.0000,False,False,False
12097,1.0000,0.0000,False,False,False
12098,1.0000,0.0000,False,False,False
12099,1.0000,0.0000,False,False,False
12100,1.0000,0.0000,False,False,False
12101,1.0000,0.0000,False,False,False
12102,1.0000,0.0000,False,False,False
12103,1.0000,0.0000,False,False,False
12104,1.0000,0.0000,False,False,False
12105,0.0000,1.0000,False,False,False
12106,1.0000,0.0000,False,False,False
12107,1.0000,0.0000,False,False,False
12108,1.0000,0.0000,False,False,False
12109,0.0000,1.0000,False,False,False
12110,0.0000,1.0000,False,False,False
12111,1.0000,0.0000,False,False,False
12112,1.0000,0.0000,False,False,False
12113,0.0000,1.0000,False,False,False
12114,1.0000,0.0000,False,False,False
12115,1.0000,0.0000,False,False,False
12116,1.0000,0.0000,False,False,False
12117,1.0000,0.0000,False,False,False
12118,0.0000,1.0000,False,False,False
12119,0.0000,1.0000,False,False,False
12120,0.0000,1.0000,False,False,False
12121,0.0000,1.0000,False,False,False
12122,1.0000,0.0000,False,False,False
12123,1.0000,0.0000,False,False,False
12124,1.0000,0.0000,False,False,False
12125,1.0000,0.0000,False,False,False
12126,0.0000,1.0000,False,False,False
12127,1.0000,0.0000,False,False,False
12128,0.0000,1.0000,False,False,False
12129,1.0000,0.0000,False,False,False
12130,1.0000,0.0000,False,False,False
12131,1.0000,0.0000,False,False,False
12132,0.0000,1.0000,False,False,False
12133,1.0000,0.0000,False,False,False
12134,0.0000,1.0000,False,False,False
12135,1.0000,0.0000,False,False,False
12136,1.0000,0.0000,False,False,False
12137,1.0000,0.0000,False,False,False
12138,1.0000,0.0000,False,False,False
12139,1.0000,0.0000,False,False,False
12140,0.0000,1.0000,False,False,False
12141,1.0000,0.0000,False,False,False
12142,1.0000,0.0000,False,False,False
12143,1.0000,0.0000,False,False,False
12144,1.0000,0.0000,False,False,False
12145,1.0000,0.0000,False,False,False
12146,1.0000,0.0000,False,False,False
12147,1.0000,0.0000,False,False,False
12148,1.0000,0.0000,False,False,False
12149,1.0000,0.0000,False,False,False
12150,1.0000,0.0000,False,False,False
12151,1.0000,0.0000,False,False,False
12152,1.0000,0.0000,False,False,False
12153,1.0000,0.0000,False,False,False
12154,1.0000,0.0000,False,False,False
12155,1.0000,0.0000,False,False,False
12156,1.0000,0.0000,False,False,False
12157,0.0000,1.0000,False,False,False
12158,0.0000,1.0000,False,False,False
12159,1.0000,0.0000,False,False,False
12160,1.0000,0.0000,False,False,False
12161,1.0000,0.0000,False,False,False
12162,0.0000,1.0000,False,False,False
12163,0.0000,1.0000,False,False,False
12164,1.0000,0.0000,False,False,False
12165,1.0000,0.0000,False,False,False
12166,0.0000,1.0000,False,False,False
12167,1.0000,0.0000,False,False,False
12168,0.0000,1.0000,False,False,False
12169,1.0000,0.0000,False,False,False
12170,1.0000,0.0000,False,False,False
12171,1.0000,0.0000,False,False,False
12172,1.0000,0.0000,False,False,False
12173,1.0000,0.0000,False,False,False
12174,1.0000,0.0000,False,False,False
12175,1.0000,0.0000,False,False,False
12176,1.0000,0.0000,False,False,False
12177,1.0000,0.0000,False,False,False
12178,1.0000,0.0000,False,False,False
12179,1.0000,0.0000,False,False,False
12180,1.0000,0.0000,False,False,False
12181,1.0000,0.0000,False,False,False
12182,1.0000,0.0000,False,False,False
12183,1.0000,0.0000,False,False,False
12184,1.0000,0.0000,False,False,False
12185,1.0000,0.0000,False,False,False
12186,0.0000,1.0000,False,False,False
12187,0.0000,1.0000,False,False,False
12188,1.0000,0.0000,False,False,False
12189,1.0000,0.0000,False,False,False
12190,1.0000,0.0000,False,False,False
12191,1.0000,0.0000,False,False,False
12192,0.0000,1.0000,False,False,False
12193,1.0000,0.0000,False,False,False
12194,1.0000,0.0000,False,False,False
12195,0.0000,1.0000,False,False,False
12196,0.0000,1.0000,False,False,False
12197,0.0000,1.0000,False,False,False
12198,1.0000,0.0000,False,False,False
12199,1.0000,0.0000,False,False,False
12200,0.0000,1.0000,False,False,False
12201,0.0000,1.0000,False,False,False
12202,1.0000,0.0000,False,False,False
12203,1.0000,0.0000,False,False,False
12204,1.0000,0.0000,False,False,False
12205,1.0000,0.0000,False,False,False
12206,1.0000,0.0000,False,False,False
12207,1.0000,0.0000,False,False,False
12208,0.0000,1.0000,False,False,False
12209,1.0000,0.0000,False,False,False
12210,1.0000,0.0000,False,False,False
12211,1.0000,0.0000,False,False,False
12212,0.0000,1.0000,False,False,False
12213,0.0000,1.0000,False,False,False
12214,0.0000,1.0000,False,False,False
12215,0.0000,1.0000,False,False,False
12216,0.0000,1.0000,False,False,False
12217,0.0000,1.0000,False,False,False
12218,0.0000,1.0000,False,False,False
12219,1.0000,0.0000,False,False,False
12220,1.0000,0.0000,False,False,False
12221,0.0000,1.0000,False,False,False
12222,1.0000,0.0000,False,False,False
12223,1.0000,0.0000,False,False,False
12224,1.0000,0.0000,False,False,False
12225,1.0000,0.0000,False,False,False
12226,0.0000,1.0000,False,False,False
12227,1.0000,0.0000,False,False,False
12228,0.0000,1.0000,False,False,False
12229,1.0000,0.0000,False,False,False
12230,1.0000,0.0000,False,False,False
12231,1.0000,0.0000,False,False,False
12232,1.0000,0.0000,False,False,False
12233,1.0000,0.0000,False,False,False
12234,0.0000,1.0000,False,False,False
12235,1.0000,0.0000,False,False,False
12236,1.0000,0.0000,False,False,False
12237,1.0000,0.0000,False,False,False
12238,1.0000,0.0000,False,False,False
12239,0.0000,1.0000,False,False,False
12240,0.0000,1.0000,False,False,False
12241,1.0000,0.0000,False,False,False
12242,1.0000,0.0000,False,False,False
12243,1.0000,0.0000,False,False,False
12244,1.0000,0.0000,False,False,False
12245,1.0000,0.0000,False,False,False
12246,1.0000,0.0000,False,False,False
12247,1.0000,0.0000,False,False,False
12248,1.0000,0.0000,False,False,False
12249,1.0000,0.0000,False,False,False
12250,1.0000,0.0000,False,False,False
12251,1.0000,0.0000,False,False,False
12252,1.0000,0.0000,False,False,False
12253,1.0000,0.0000,False,False,False
12254,0.0000,1.0000,False,False,False
12255,1.0000,0.0000,False,False,False
12256,1.0000,0.0000,False,False,False
12257,0.0000,1.0000,False,False,False
12258,1.0000,0.0000,False,False,False
12259,1.0000,0.0000,False,False,False
12260,1.0000,0.0000,False,False,False
12261,1.0000,0.0000,False,False,False
12262,1.0000,0.0000,False,False,False
12263,0.0000,1.0000,False,False,False
12264,1.0000,0.0000,False,False,False
12265,1.0000,0.0000,False,False,False
12266,1.0000,0.0000,False,False,False
12267,1.0000,0.0000,False,False,False
12268,1.0000,0.0000,False,False,False
12269,1.0000,0.0000,False,False,False
12270,1.0000,0.0000,False,False,False
12271,1.0000,0.0000,False,False,False
12272,1.0000,0.0000,False,False,False
12273,1.0000,0.0000,False,False,False
12274,1.0000,0.0000,False,False,False
12275,1.0000,0.0000,False,False,False
12276,1.0000,0.0000,False,False,False
12277,1.0000,0.0000,False,False,False
12278,1.0000,0.0000,False,False,False
12279,1.0000,0.0000,False,False,False
12280,1.0000,0.0000,False,False,False
12281,1.0000,0.0000,False,False,False
12282,1.0000,0.0000,False,False,False
12283,1.0000,0.0000,False,False,False
12284,1.0000,0.0000,False,False,False
12285,1.0000,0.0000,False,False,False
12286,0.0000,1.0000,False,False,False
12287,1.0000,0.0000,False,False,False
12288,0.0000,1.0000,False,False,False
12289,1.0000,0.0000,False,False,False
12290,0.0000,1.0000,False,False,False
12291,1.0000,0.0000,False,False,False
12292,0.0000,1.0000,False,False,False
12293,1.0000,0.0000,False,False,False
12294,0.0000,1.0000,False,False,False
12295,0.0000,1.0000,False,False,False
12296,1.0000,0.0000,False,False,False
12297,1.0000,0.0000,False,False,False
12298,1.0000,0.0000,False,False,False
12299,1.0000,0.0000,False,False,False
12300,1.0000,0.0000,False,False,False
12301,1.0000,0.0000,False,False,False
12302,1.0000,0.0000,False,False,False
12303,0.0000,1.0000,False,False,False
12304,0.0000,1.0000,False,False,False
12305,1.0000,0.0000,False,False,False
12306,1.0000,0.0000,False,False,False
12307,0.0000,1.0000,False,False,False
12308,1.0000,0.0000,False,False,False
12309,1.0000,0.0000,False,False,False
12310,1.0000,0.0000,False,False,False
12311,1.0000,0.0000,False,False,False
12312,0.0000,1.0000,False,False,False
12313,0.0000,1.0000,False,False,False
12314,1.0000,0.0000,False,False,False
12315,1.0000,0.0000,False,False,False
12316,1.0000,0.0000,False,False,False
12317,1.0000,0.0000,False,False,False
12318,1.0000,0.0000,False,False,False
12319,1.0000,0.0000,False,False,False
12320,1.0000,0.0000,False,False,False
12321,1.0000,0.0000,False,False,False
12322,1.0000,0.0000,False,False,False
12323,0.0000,1.0000,False,False,False
12324,0.0000,1.0000,False,False,False
12325,1.0000,0.0000,False,False,False
12326,1.0000,0.0000,False,False,False
12327,1.0000,0.0000,False,False,False
12328,1.0000,0.0000,False,False,False
12329,1.0000,0.0000,False,False,False
12330,0.0000,1.0000,False,False,False
12331,0.0000,1.0000,False,False,False
12332,0.0000,1.0000,False,False,False
12333,1.0000,0.0000,False,False,False
12334,1.0000,0.0000,False,False,False
12335,1.0000,0.0000,False,False,False
12336,1.0000,0.0000,False,False,False
12337,1.0000,0.0000,False,False,False
12338,1.0000,0.0000,False,False,False
12339,1.0000,0.0000,False,False,False
12340,1.0000,0.0000,False,False,False
12341,1.0000,0.0000,False,False,False
12342,0.0000,1.0000,False,False,False
12343,1.0000,0.0000,False,False,False
12344,1.0000,0.0000,False,False,False
12345,1.0000,0.0000,False,False,False
12346,0.0000,1.0000,False,False,False
12347,1.0000,0.0000,False,False,False
12348,1.0000,0.0000,False,False,False
12349,0.0000,1.0000,False,False,False
12350,0.0000,1.0000,False,False,False
12351,1.0000,0.0000,False,False,False
12352,0.0000,1.0000,False,False,False
12353,0.0000,1.0000,False,False,False
12354,0.0000,1.0000,False,False,False
12355,0.0000,1.0000,False,False,False
12356,1.0000,0.0000,False,False,False
12357,0.0000,1.0000,False,False,False
12358,1.0000,0.0000,False,False,False
12359,0.0000,1.0000,False,False,False
12360,1.0000,0.0000,False,False,False
12361,1.0000,0.0000,False,False,False
12362,1.0000,0.0000,False,False,False
12363,1.0000,0.0000,False,False,False
12364,1.0000,0.0000,False,False,False
12365,1.0000,0.0000,False,False,False
12366,1.0000,0.0000,False,False,False
12367,1.0000,0.0000,False,False,False
12368,1.0000,0.0000,False,False,False
12369,0.0000,1.0000,False,False,False
12370,1.0000,0.0000,False,False,False
12371,1.0000,0.0000,False,False,False
12372,1.0000,0.0000,False,False,False
12373,1.0000,0.0000,False,False,False
12374,1.0000,0.0000,False,False,False
12375,0.0000,1.0000,False,False,False
12376,0.0000,1.0000,False,False,False
12377,0.0000,1.0000,False,False,False
12378,1.0000,0.0000,False,False,False
12379,1.0000,0.0000,False,False,False
12380,1.0000,0.0000,False,False,False
12381,1.0000,0.0000,False,False,False
12382,1.0000,0.0000,False,False,False
12383,0.0000,1.0000,False,False,False
12384,1.0000,0.0000,False,False,False
12385,1.0000,0.0000,False,False,False
12386,0.0000,1.0000,False,False,False
12387,1.0000,0.0000,False,False,False
12388,1.0000,0.0000,False,False,False
12389,0.0000,1.0000,False,False,False
12390,1.0000,0.0000,False,False,False
12391,1.0000,0.0000,False,False,False
12392,1.0000,0.0000,False,False,False
12393,1.0000,0.0000,False,False,False
12394,1.0000,0.0000,False,False,False
12395,1.0000,0.0000,False,False,False
12396,1.0000,0.0000,False,False,False
12397,0.0000,1.0000,False,False,False
12398,1.0000,0.0000,False,False,False
12399,1.0000,0.0000,False,False,False
12400,1.0000,0.0000,False,False,False
12401,0.0000,1.0000,False,False,False
12402,0.0000,1.0000,False,False,False
12403,0.0000,1.0000,False,False,False
12404,1.0000,0.0000,False,False,False
12405,1.0000,0.0000,False,False,False
12406,0.0000,1.0000,False,False,False
12407,1.0000,0.0000,False,False,False
12408,1.0000,0.0000,False,False,False
12409,1.0000,0.0000,False,False,False
12410,1.0000,0.0000,False,False,False
12411,1.0000,0.0000,False,False,False
12412,1.0000,0.0000,False,False,False
12413,0.0000,1.0000,False,False,False
12414,1.0000,0.0000,False,False,False
12415,1.0000,0.0000,False,False,False
12416,1.0000,0.0000,False,False,False
12417,1.0000,0.0000,False,False,False
12418,1.0000,0.0000,False,False,False
12419,1.0000,0.0000,False,False,False
12420,1.0000,0.0000,False,False,False
12421,1.0000,0.0000,False,False,False
12422,1.0000,0.0000,False,False,False
12423,1.0000,0.0000,False,False,False
12424,0.0000,1.0000,False,False,False
12425,1.0000,0.0000,False,False,False
12426,1.0000,0.0000,False,False,False
12427,1.0000,0.0000,False,False,False
12428,1.0000,0.0000,False,False,False
12429,0.0000,1.0000,False,False,False
12430,1.0000,0.0000,False,False,False
12431,0.0000,1.0000,False,False,False
12432,0.0000,1.0000,False,False,False
12433,0.0000,1.0000,False,False,False
12434,1.0000,0.0000,False,False,False
12435,1.0000,0.0000,False,False,False
12436,0.0000,1.0000,False,False,False
12437,0.0000,1.0000,False,False,False
12438,1.0000,0.0000,False,False,False
12439,1.0000,0.0000,False,False,False
12440,1.0000,0.0000,False,False,False
12441,1.0000,0.0000,False,False,False
12442,1.0000,0.0000,False,False,False
12443,1.0000,0.0000,False,False,False
12444,1.0000,0.0000,False,False,False
12445,1.0000,0.0000,False,False,False
12446,1.0000,0.0000,False,False,False
12447,1.0000,0.0000,False,False,False
12448,1.0000,0.0000,False,False,False
12449,1.0000,0.0000,False,False,False
12450,0.0000,1.0000,False,False,False
12451,1.0000,0.0000,False,False,False
12452,0.0000,1.0000,False,False,False
12453,1.0000,0.0000,False,False,False
12454,1.0000,0.0000,False,False,False
12455,0.0000,1.0000,False,False,False
12456,1.0000,0.0000,False,False,False
12457,1.0000,0.0000,False,False,False
12458,0.0000,1.0000,False,False,False
12459,1.0000,0.0000,False,False,False
12460,0.0000,1.0000,False,False,False
12461,1.0000,0.0000,False,False,False
12462,1.0000,0.0000,False,False,False
12463,1.0000,0.0000,False,False,False
12464,0.0000,1.0000,False,False,False
12465,1.0000,0.0000,False,False,False
12466,1.0000,0.0000,False,False,False
12467,1.0000,0.0000,False,False,False
12468,1.0000,0.0000,False,False,False
12469,1.0000,0.0000,False,False,False
12470,1.0000,0.0000,False,False,False
12471,1.0000,0.0000,False,False,False
12472,1.0000,0.0000,False,False,False
12473,1.0000,0.0000,False,False,False
12474,1.0000,0.0000,False,False,False
12475,1.0000,0.0000,False,False,False
12476,1.0000,0.0000,False,False,False
12477,1.0000,0.0000,False,False,False
12478,0.0000,1.0000,False,False,False
12479,1.0000,0.0000,False,False,False
12480,1.0000,0.0000,False,False,False
12481,1.0000,0.0000,False,False,False
12482,1.0000,0.0000,False,False,False
12483,1.0000,0.0000,False,False,False
12484,1.0000,0.0000,False,False,False
12485,1.0000,0.0000,False,False,False
12486,1.0000,0.0000,False,False,False
12487,0.0000,1.0000,False,False,False
12488,1.0000,0.0000,False,False,False
12489,1.0000,0.0000,False,False,False
12490,1.0000,0.0000,False,False,False
12491,0.0000,1.0000,False,False,False
12492,1.0000,0.0000,False,False,False
12493,1.0000,0.0000,False,False,False
12494,1.0000,0.0000,False,False,False
12495,1.0000,0.0000,False,False,False
12496,0.0000,1.0000,False,False,False
12497,1.0000,0.0000,False,False,False
12498,0.0000,1.0000,False,False,False
12499,1.0000,0.0000,False,False,False
12500,1.0000,0.0000,True,True,False
12501,0.0000,1.0000,True,True,False
12502,1.0000,0.0000,True,True,False
12503,0.0000,1.0000,True,True,False
12504,0.0000,1.0000,True,True,False
12505,1.0000,0.0000,True,True,False
12506,1.0000,0.0000,True,True,False
12507,1.0000,0.0000,True,True,False
12508,1.0000,0.0000,True,True,False
12509,1.0000,0.0000,True,True,False
12510,0.0000,1.0000,True,False,True
12511,1.0000,0.0000,False,False,False
12512,1.0000,0.0000,False,False,False
12513,1.0000,0.0000,False,False,False
12514,1.0000,0.0000,False,False,False
12515,0.0000,1.0000,False,False,False
12516,1.0000,0.0000,False,False,False
12517,1.0000,0.0000,False,False,False
12518,1.0000,0.0000,False,False,False
12519,1.0000,0.0000,False,False,False
12520,0.0000,1.0000,False,False,False
12521,1.0000,0.0000,False,False,False
12522,0.0000,1.0000,False,False,False
12523,1.0000,0.0000,False,False,False
12524,1.0000,0.0000,False,False,False
12525,1.0000,0.0000,False,False,False
12526,1.0000,0.0000,False,False,False
12527,1.0000,0.0000,False,False,False
12528,1.0000,0.0000,False,False,False
12529,1.0000,0.0000,False,False,False
12530,0.0000,1.0000,False,False,False
12531,1.0000,0.0000,False,False,False
12532,1.0000,0.0000,False,False,False
12533,1.0000,0.0000,False,False,False
12534,1.0000,0.0000,False,False,False
12535,1.0000,0.0000,False,False,False
12536,1.0000,0.0000,False,False,False
12537,1.0000,0.0000,False,False,False
12538,1.0000,0.0000,False,False,False
12539,0.0000,1.0000,False,False,False
12540,1.0000,0.0000,False,False,False
12541,0.0000,1.0000,False,False,False
12542,1.0000,0.0000,False,False,False
12543,1.0000,0.0000,False,False,False
12544,1.0000,0.0000,False,False,False
12545,0.0000,1.0000,False,False,False
12546,0.0000,1.0000,False,False,False
12547,1.0000,0.0000,False,False,False
12548,0.0000,1.0000,False,False,False
12549,1.0000,0.0000,False,False,False
12550,1.0000,0.0000,False,False,False
12551,1.0000,0.0000,False,False,False
12552,1.0000,0.0000,False,False,False
12553,1.0000,0.0000,False,False,False
12554,1.0000,0.0000,False,False,False
12555,1.0000,0.0000,False,False,False
12556,1.0000,0.0000,False,False,False
12557,1.0000,0.0000,False,False,False
12558,1.0000,0.0000,False,False,False
12559,0.0000,1.0000,False,False,False
12560,1.0000,0.0000,False,False,False
12561,1.0000,0.0000,False,False,False
12562,0.0000,1.0000,False,False,False
12563,1.0000,0.0000,False,False,False
12564,1.0000,0.0000,False,False,False
12565,1.0000,0.0000,False,False,False
12566,0.0000,1.0000,False,False,False
12567,1.0000,0.0000,False,False,False
12568,1.0000,0.0000,False,False,False
12569,1.0000,0.0000,False,False,False
12570,0.0000,1.0000,False,False,False
12571,1.0000,0.0000,False,False,False
12572,0.0000,1.0000,False,False,False
12573,0.0000,1.0000,False,False,False
12574,0.0000,1.0000,False,False,False
12575,1.0000,0.0000,False,False,False
12576,0.0000,1.0000,False,False,False
12577,1.0000,0.0000,False,False,False
12578,0.0000,1.0000,False,False,False
12579,1.0000,0.0000,False,False,False
12580,1.0000,0.0000,False,False,False
12581,1.0000,0.0000,False,False,False
12582,1.0000,0.0000,False,False,False
12583,1.0000,0.0000,False,False,False
12584,1.0000,0.0000,False,False,False
12585,1.0000,0.0000,False,False,False
12586,1.0000,0.0000,False,False,False
12587,0.0000,1.0000,False,False,False
12588,1.0000,0.0000,False,False,False
12589,1.0000,0.0000,False,False,False
12590,0.0000,1.0000,False,False,False
12591,1.0000,0.0000,False,False,False
12592,1.0000,0.0000,False,False,False
12593,1.0000,0.0000,False,False,False
12594,1.0000,0.0000,False,False,False
12595,1.0000,0.0000,False,False,False
12596,1.0000,0.0000,False,False,False
12597,1.0000,0.0000,False,False,False
12598,1.0000,0.0000,False,False,False
12599,1.0000,0.0000,False,False,False
12600,1.0000,0.0000,False,False,False
12601,1.0000,0.0000,False,False,False
12602,1.0000,0.0000,False,False,False
12603,0.0000,1.0000,False,False,False
12604,1.0000,0.0000,False,False,False
12605,1.0000,0.0000,False,False,False
12606,1.0000,0.0000,False,False,False
12607,1.0000,0.0000,False,False,False
12608,1.0000,0.0000,False,False,False
12609,1.0000,0.0000,False,False,False
12610,0.0000,1.0000,False,False,False
12611,1.0000,0.0000,False,False,False
12612,1.0000,0.0000,False,False,False
12613,1.0000,0.0000,False,False,False
12614,0.0000,1.0000,False,False,False
12615,1.0000,0.0000,False,False,False
12616,0.0000,1.0000,False,False,False
12617,1.0000,0.0000,False,False,False
12618,1.0000,0.0000,False,False,False
12619,1.0000,0.0000,False,False,False
12620,0.0000,1.0000,False,False,False
12621,1.0000,0.0000,False,False,False
12622,1.0000,0.0000,False,False,False
12623,0.0000,1.0000,False,False,False
12624,1.0000,0.0000,False,False,False
12625,1.0000,0.0000,False,False,False
12626,1.0000,0.0000,False,False,False
12627,1.0000,0.0000,False,False,False
12628,1.0000,0.0000,False,False,False
12629,0.0000,1.0000,False,False,False
12630,1.0000,0.0000,False,False,False
12631,0.0000,1.0000,False,False,False
12632,1.0000,0.0000,False,False,False
12633,1.0000,0.0000,False,False,False
12634,1.0000,0.0000,False,False,False
12635,1.0000,0.0000,False,False,False
12636,1.0000,0.0000,False,False,False
12637,1.0000,0.0000,False,False,False
12638,1.0000,0.0000,False,False,False
12639,1.0000,0.0000,False,False,False
12640,1.0000,0.0000,False,False,False
12641,1.0000,0.0000,False,False,False
12642,1.0000,0.0000,False,False,False
12643,1.0000,0.0000,False,False,False
12644,1.0000,0.0000,False,False,False
12645,1.0000,0.0000,False,False,False
12646,1.0000,0.0000,False,False,False
12647,0.0000,1.0000,False,False,False
12648,0.0000,1.0000,False,False,False
12649,1.0000,0.0000,False,False,False
12650,0.0000,1.0000,False,False,False
12651,1.0000,0.0000,False,False,False
12652,0.0000,1.0000,False,False,False
12653,1.0000,0.0000,False,False,False
12654,1.0000,0.0000,False,False,False
12655,1.0000,0.0000,False,False,False
12656,1.0000,0.0000,False,False,False
12657,0.0000,1.0000,False,False,False
12658,1.0000,0.0000,False,False,False
12659,1.0000,0.0000,False,False,False
12660,1.0000,0.0000,False,False,False
12661,1.0000,0.0000,False,False,False
12662,1.0000,0.0000,False,False,False
12663,0.0000,1.0000,False,False,False
12664,1.0000,0.0000,False,False,False
12665,1.0000,0.0000,False,False,False
12666,1.0000,0.0000,False,False,False
12667,1.0000,0.0000,False,False,False
12668,1.0000,0.0000,False,False,False
12669,0.0000,1.0000,False,False,False
12670,1.0000,0.0000,False,False,False
12671,1.0000,0.0000,False,False,False
12672,1.0000,0.0000,False,False,False
12673,1.0000,0.0000,False,False,False
12674,1.0000,0.0000,False,False,False
12675,1.0000,0.0000,False,False,False
12676,1.0000,0.0000,False,False,False
12677,1.0000,0.0000,False,False,False
12678,1.0000,0.0000,False,False,False
12679,1.0000,0.0000,False,False,False
12680,0.0000,1.0000,False,False,False
12681,1.0000,0.0000,False,False,False
12682,1.0000,0.0000,False,False,False
12683,1.0000,0.0000,False,False,False
12684,1.0000,0.0000,False,False,False
12685,1.0000,0.0000,False,False,False
12686,1.0000,0.0000,False,False,False
12687,1.0000,0.0000,False,False,False
12688,0.0000,1.0000,False,False,False
12689,1.0000,0.0000,False,False,False
12690,1.0000,0.0000,False,False,False
12691,1.0000,0.0000,False,False,False
12692,1.0000,0.0000,False,False,False
12693,1.0000,0.0000,False,False,False
12694,1.0000,0.0000,False,False,False
12695,1.0000,0.0000,False,False,False
12696,1.0000,0.0000,False,False,False
12697,1.0000,0.0000,False,False,False
12698,0.0000,1.0000,False,False,False
12699,1.0000,0.0000,False,False,False
12700,1.0000,0.0000,False,False,False
12701,1.0000,0.0000,False,False,False
12702,1.0000,0.0000,False,False,False
12703,1.0000,0.0000,False,False,False
12704,1.0000,0.0000,False,False,False
12705,1.0000,0.0000,False,False,False
12706,0.0000,1.0000,False,False,False
12707,1.0000,0.0000,False,False,False
12708,1.0000,0.0000,False,False,False
12709,0.0000,1.0000,False,False,False
12710,0.0000,1.0000,False,False,False
12711,1.0000,0.0000,False,False,False
12712,0.0000,1.0000,False,False,False
12713,1.0000,0.0000,False,False,False
12714,1.0000,0.0000,False,False,False
12715,0.0000,1.0000,False,False,False
12716,0.0000,1.0000,False,False,False
12717,1.0000,0.0000,False,False,False
12718,0.0000,1.0000,False,False,False
12719,1.0000,0.0000,False,False,False
12720,1.0000,0.0000,False,False,False
12721,1.0000,0.0000,False,False,False
12722,0.0000,1.0000,False,False,False
12723,1.0000,0.0000,False,False,False
12724,1.0000,0.0000,False,False,False
12725,1.0000,0.0000,False,False,False
12726,1.0000,0.0000,False,False,False
12727,1.0000,0.0000,False,False,False
12728,1.0000,0.0000,False,False,False
12729,1.0000,0.0000,False,False,False
12730,1.0000,0.0000,False,False,False
12731,1.0000,0.0000,False,False,False
12732,0.0000,1.0000,False,False,False
12733,1.0000,0.0000,False,False,False
12734,0.0000,1.0000,False,False,False
12735,1.0000,0.0000,False,False,False
12736,1.0000,0.0000,False,False,False
12737,0.0000,1.0000,False,False,False
12738,1.0000,0.0000,False,False,False
12739,1.0000,0.0000,False,False,False
12740,1.0000,0.0000,False,False,False
12741,1.0000,0.0000,False,False,False
12742,1.0000,0.0000,False,False,False
12743,0.0000,1.0000,False,False,False
12744,0.0000,1.0000,False,False,False
12745,1.0000,0.0000,False,False,False
12746,1.0000,0.0000,False,False,False
12747,1.0000,0.0000,False,False,False
12748,1.0000,0.0000,False,False,False
12749,1.0000,0.0000,False,False,False
12750,1.0000,0.0000,False,False,False
12751,1.0000,0.0000,False,False,False
12752,0.0000,1.0000,False,False,False
12753,1.0000,0.0000,False,False,False
12754,0.0000,1.0000,False,False,False
12755,1.0000,0.0000,False,False,False
12756,1.0000,0.0000,False,False,False
12757,1.0000,0.0000,False,False,False
12758,1.0000,0.0000,False,False,False
12759,1.0000,0.0000,False,False,False
12760,1.0000,0.0000,False,False,False
12761,1.0000,0.0000,False,False,False
12762,1.0000,0.0000,False,False,False
12763,1.0000,0.0000,False,False,False
12764,0.0000,1.0000,False,False,False
12765,1.0000,0.0000,False,False,False
12766,0.0000,1.0000,False,False,False
12767,0.0000,1.0000,False,False,False
12768,1.0000,0.0000,False,False,False
12769,1.0000,0.0000,False,False,False
12770,1.0000,0.0000,False,False,False
12771,0.0000,1.0000,False,False,False
12772,1.0000,0.0000,False,False,False
12773,1.0000,0.0000,False,False,False
12774,1.0000,0.0000,False,False,False
12775,1.0000,0.0000,False,False,False
12776,1.0000,0.0000,False,False,False
12777,1.0000,0.0000,False,False,False
12778,1.0000,0.0000,False,False,False
12779,1.0000,0.0000,False,False,False
12780,1.0000,0.0000,False,False,False
12781,1.0000,0.0000,False,False,False
12782,0.0000,1.0000,False,False,False
12783,1.0000,0.0000,False,False,False
12784,1.0000,0.0000,False,False,False
12785,1.0000,0.0000,False,False,False
12786,1.0000,0.0000,False,False,False
12787,0.0000,1.0000,False,False,False
12788,0.0000,1.0000,False,False,False
12789,1.0000,0.0000,False,False,False
12790,1.0000,0.0000,False,False,False
12791,1.0000,0.0000,False,False,False
12792,1.0000,0.0000,False,False,False
12793,1.0000,0.0000,False,False,False
12794,1.0000,0.0000,False,False,False
12795,1.0000,0.0000,False,False,False
12796,1.0000,0.0000,False,False,False
12797,1.0000,0.0000,False,False,False
12798,1.0000,0.0000,False,False,False
12799,1.0000,0.0000,False,False,False
12800,0.0000,1.0000,False,False,False
12801,1.0000,0.0000,False,False,False
12802,1.0000,0.0000,False,False,False
12803,1.0000,0.0000,False,False,False
12804,1.0000,0.0000,False,False,False
12805,1.0000,0.0000,False,False,False
12806,1.0000,0.0000,False,False,False
12807,1.0000,0.0000,False,False,False
12808,1.0000,0.0000,False,False,False
12809,1.0000,0.0000,False,False,False
12810,1.0000,0.0000,False,False,False
12811,1.0000,0.0000,False,False,False
12812,0.0000,1.0000,False,False,False
12813,1.0000,0.0000,False,False,False
12814,1.0000,0.0000,False,False,False
12815,1.0000,0.0000,False,False,False
12816,0.0000,1.0000,False,False,False
12817,1.0000,0.0000,False,False,False
12818,0.0000,1.0000,False,False,False
12819,1.0000,0.0000,False,False,False
12820,1.0000,0.0000,False,False,False
12821,1.0000,0.0000,False,False,False
12822,1.0000,0.0000,False,False,False
12823,1.0000,0.0000,False,False,False
12824,1.0000,0.0000,False,False,False
12825,1.0000,0.0000,False,False,False
12826,1.0000,0.0000,False,False,False
12827,1.0000,0.0000,False,False,False
12828,1.0000,0.0000,False,False,False
12829,1.0000,0.0000,False,False,False
12830,1.0000,0.0000,False,False,False
12831,1.0000,0.0000,False,False,False
12832,1.0000,0.0000,False,False,False
12833,0.0000,1.0000,False,False,False
12834,0.0000,1.0000,False,False,False
12835,1.0000,0.0000,False,False,False
12836,1.0000,0.0000,False,False,False
12837,0.0000,1.0000,False,False,False
12838,1.0000,0.0000,False,False,False
12839,0.0000,1.0000,False,False,False
12840,0.0000,1.0000,False,False,False
12841,1.0000,0.0000,False,False,False
12842,1.0000,0.0000,False,False,False
12843,1.0000,0.0000,False,False,False
12844,1.0000,0.0000,False,False,False
12845,0.0000,1.0000,False,False,False
12846,0.0000,1.0000,False,False,False
12847,1.0000,0.0000,False,False,False
12848,1.0000,0.0000,False,False,False
12849,1.0000,0.0000,False,False,False
12850,1.0000,0.0000,False,False,False
12851,1.0000,0.0000,False,False,False
12852,1.0000,0.0000,False,False,False
12853,1.0000,0.0000,False,False,False
12854,0.0000,1.0000,False,False,False
12855,1.0000,0.0000,False,False,False
12856,1.0000,0.0000,False,False,False
12857,0.0000,1.0000,False,False,False
12858,1.0000,0.0000,False,False,False
12859,1.0000,0.0000,False,False,False
12860,1.0000,0.0000,False,False,False
12861,1.0000,0.0000,False,False,False
12862,1.0000,0.0000,False,False,False
12863,1.0000,0.0000,False,False,False
12864,1.0000,0.0000,False,False,False
12865,1.0000,0.0000,False,False,False
12866,1.0000,0.0000,False,False,False
12867,1.0000,0.0000,False,False,False
12868,0.0000,1.0000,False,False,False
12869,1.0000,0.0000,False,False,False
12870,1.0000,0.0000,False,False,False
12871,1.0000,0.0000,False,False,False
12872,1.0000,0.0000,False,False,False
12873,0.0000,1.0000,False,False,False
12874,0.0000,1.0000,False,False,False
12875,0.0000,1.0000,False,False,False
12876,1.0000,0.0000,False,False,False
12877,0.0000,1.0000,False,False,False
12878,0.0000,1.0000,False,False,False
12879,1.0000,0.0000,False,False,False
12880,0.0000,1.0000,False,False,False
12881,1.0000,0.0000,False,False,False
12882,1.0000,0.0000,False,False,False
12883,0.0000,1.0000,False,False,False
12884,0.0000,1.0000,False,False,False
12885,0.0000,1.0000,False,False,False
12886,1.0000,0.0000,False,False,False
12887,1.0000,0.0000,False,False,False
12888,0.0000,1.0000,False,False,False
12889,1.0000,0.0000,False,False,False
12890,1.0000,0.0000,False,False,False
12891,1.0000,0.0000,False,False,False
12892,0.0000,1.0000,False,False,False
12893,1.0000,0.0000,False,False,False
12894,1.0000,0.0000,False,False,False
12895,0.0000,1.0000,False,False,False
12896,1.0000,0.0000,False,False,False
12897,0.0000,1.0000,False,False,False
12898,1.0000,0.0000,False,False,False
12899,1.0000,0.0000,False,False,False
12900,1.0000,0.0000,False,False,False
12901,1.0000,0.0000,False,False,False
12902,1.0000,0.0000,False,False,False
12903,1.0000,0.0000,False,False,False
12904,0.0000,1.0000,False,False,False
12905,1.0000,0.0000,False,False,False
12906,0.0000,1.0000,False,False,False
12907,0.0000,1.0000,False,False,False
12908,1.0000,0.0000,False,False,False
12909,1.0000,0.0000,False,False,False
12910,1.0000,0.0000,False,False,False
12911,0.0000,1.0000,False,False,False
12912,1.0000,0.0000,False,False,False
12913,1.0000,0.0000,False,False,False
12914,0.0000,1.0000,False,False,False
12915,0.0000,1.0000,False,False,False
12916,0.0000,1.0000,False,False,False
12917,1.0000,0.0000,False,False,False
12918,1.0000,0.0000,False,False,False
12919,1.0000,0.0000,False,False,False
12920,1.0000,0.0000,False,False,False
12921,1.0000,0.0000,False,False,False
12922,0.0000,1.0000,False,False,False
12923,1.0000,0.0000,False,False,False
12924,1.0000,0.0000,False,False,False
12925,1.0000,0.0000,False,False,False
12926,1.0000,0.0000,False,False,False
12927,0.0000,1.0000,False,False,False
12928,1.0000,0.0000,False,False,False
12929,1.0000,0.0000,False,False,False
12930,1.0000,0.0000,False,False,False
12931,1.0000,0.0000,False,False,False
12932,1.0000,0.0000,False,False,False
12933,1.0000,0.0000,False,False,False
12934,1.0000,0.0000,False,False,False
12935,1.0000,0.0000,False,False,False
12936,1.0000,0.0000,False,False,False
12937,1.0000,0.0000,False,False,False
12938,0.0000,1.0000,False,False,False
12939,1.0000,0.0000,False,False,False
12940,1.0000,0.0000,False,False,False
12941,1.0000,0.0000,False,False,False
12942,1.0000,0.0000,False,False,False
12943,1.0000,0.0000,False,False,False
12944,1.0000,0.0000,False,False,False
12945,1.0000,0.0000,False,False,False
12946,1.0000,0.0000,False,False,False
12947,1.0000,0.0000,False,False,False
12948,1.0000,0.0000,False,False,False
12949,1.0000,0.0000,False,False,False
12950,1.0000,0.0000,False,False,False
12951,0.0000,1.0000,False,False,False
12952,0.0000,1.0000,False,False,False
12953,0.0000,1.0000,False,False,False
12954,1.0000,0.0000,False,False,False
12955,1.0000,0.0000,False,False,False
12956,1.0000,0.0000,False,False,False
12957,1.0000,0.0000,False,False,False
12958,0.0000,1.0000,False,False,False
12959,1.0000,0.0000,False,False,False
12960,1.0000,0.0000,False,False,False
12961,1.0000,0.0000,False,False,False
12962,1.0000,0.0000,False,False,False
12963,1.0000,0.0000,False,False,False
12964,0.0000,1.0000,False,False,False
12965,1.0000,0.0000,False,False,False
12966,1.0000,0.0000,False,False,False
12967,1.0000,0.0000,False,False,False
12968,1.0000,0.0000,False,False,False
12969,1.0000,0.0000,False,False,False
12970,1.0000,0.0000,False,False,False
12971,0.0000,1.0000,False,False,False
12972,0.0000,1.0000,False,False,False
12973,0.0000,1.0000,False,False,False
12974,1.0000,0.0000,False,False,False
12975,1.0000,0.0000,False,False,False
12976,1.0000,0.0000,False,False,False
12977,1.0000,0.0000,False,False,False
12978,1.0000,0.0000,False,False,False
12979,1.0000,0.0000,False,False,False
12980,1.0000,0.0000,False,False,False
12981,1.0000,0.0000,False,False,False
12982,1.0000,0.0000,False,False,False
12983,0.0000,1.0000,False,False,False
12984,0.0000,1.0000,False,False,False
12985,1.0000,0.0000,False,False,False
12986,0.0000,1.0000,False,False,False
12987,0.0000,1.0000,False,False,False
12988,1.0000,0.0000,False,False,False
12989,1.0000,0.0000,False,False,False
12990,0.0000,1.0000,False,False,False
12991,1.0000,0.0000,False,False,False
12992,0.0000,1.0000,False,False,False
12993,1.0000,0.0000,False,False,False
12994,1.0000,0.0000,False,False,False
12995,1.0000,0.0000,False,False,False
12996,0.0000,1.0000,False,False,False
12997,1.0000,0.0000,False,False,False
12998,1.0000,0.0000,False,False,False
12999,1.0000,0.0000,False,False,False
13000,1.0000,0.0000,False,False,False
13001,1.0000,0.0000,False,False,False
13002,1.0000,0.0000,False,False,False
13003,1.0000,0.0000,False,False,False
13004,1.0000,0.0000,False,False,False
13005,1.0000,0.0000,False,False,False
13006,1.0000,0.0000,False,False,False
13007,0.0000,1.0000,False,False,False
13008,1.0000,0.0000,False,False,False
13009,0.0000,1.0000,False,False,False
13010,1.0000,0.0000,False,False,False
13011,1.0000,0.0000,False,False,False
13012,0.0000,1.0000,False,False,False
13013,0.0000,1.0000,False,False,False
13014,0.0000,1.0000,False,False,False
13015,1.0000,0.0000,False,False,False
13016,0.0000,1.0000,False,False,False
13017,1.0000,0.0000,False,False,False
13018,1.0000,0.0000,False,False,False
13019,1.0000,0.0000,False,False,False
13020,1.0000,0.0000,False,False,False
13021,1.0000,0.0000,False,False,False
13022,1.0000,0.0000,False,False,False
13023,1.0000,0.0000,False,False,False
13024,1.0000,0.0000,False,False,False
13025,1.0000,0.0000,False,False,False
13026,1.0000,0.0000,False,False,False
13027,0.0000,1.0000,False,False,False
13028,1.0000,0.0000,False,False,False
13029,1.0000,0.0000,False,False,False
13030,1.0000,0.0000,False,False,False
13031,1.0000,0.0000,False,False,False
13032,1.0000,0.0000,False,False,False
13033,0.0000,1.0000,False,False,False
13034,1.0000,0.0000,False,False,False
13035,0.0000,1.0000,False,False,False
13036,1.0000,0.0000,False,False,False
13037,1.0000,0.0000,False,False,False
13038,1.0000,0.0000,False,False,False
13039,1.0000,0.0000,False,False,False
13040,1.0000,0.0000,False,False,False
13041,0.0000,1.0000,False,False,False
13042,1.0000,0.0000,False,False,False
13043,1.0000,0.0000,False,False,False
13044,1.0000,0.0000,False,False,False
13045,0.0000,1.0000,False,False,False
13046,1.0000,0.0000,False,False,False
13047,1.0000,0.0000,False,False,False
13048,1.0000,0.0000,False,False,False
13049,0.0000,1.0000,False,False,False
13050,1.0000,0.0000,False,False,False
13051,0.0000,1.0000,False,False,False
13052,0.0000,1.0000,False,False,False
13053,1.0000,0.0000,False,False,False
13054,0.0000,1.0000,False,False,False
13055,0.0000,1.0000,False,False,False
13056,1.0000,0.0000,False,False,False
13057,1.0000,0.0000,False,False,False
13058,1.0000,0.0000,False,False,False
13059,1.0000,0.0000,False,False,False
13060,0.0000,1.0000,False,False,False
13061,0.0000,1.0000,False,False,False
13062,1.0000,0.0000,False,False,False
13063,0.0000,1.0000,False,False,False
13064,0.0000,1.0000,False,False,False
13065,1.0000,0.0000,False,False,False
13066,0.0000,1.0000,False,False,False
13067,1.0000,0.0000,False,False,False
13068,1.0000,0.0000,False,False,False
13069,1.0000,0.0000,False,False,False
13070,1.0000,0.0000,False,False,False
13071,1.0000,0.0000,False,False,False
13072,1.0000,0.0000,False,False,False
13073,1.0000,0.0000,False,False,False
13074,1.0000,0.0000,False,False,False
13075,1.0000,0.0000,False,False,False
13076,1.0000,0.0000,False,False,False
13077,1.0000,0.0000,False,False,False
13078,1.0000,0.0000,False,False,False
13079,0.0000,1.0000,False,False,False
13080,1.0000,0.0000,False,False,False
13081,1.0000,0.0000,False,False,False
13082,1.0000,0.0000,False,False,False
13083,0.0000,1.0000,False,False,False
13084,1.0000,0.0000,False,False,False
13085,1.0000,0.0000,False,False,False
13086,1.0000,0.0000,False,False,False
13087,1.0000,0.0000,False,False,False
13088,1.0000,0.0000,False,False,False
13089,1.0000,0.0000,False,False,False
13090,1.0000,0.0000,False,False,False
13091,0.0000,1.0000,False,False,False
13092,0.0000,1.0000,False,False,False
13093,1.0000,0.0000,False,False,False
13094,1.0000,0.0000,False,False,False
13095,1.0000,0.0000,False,False,False
13096,1.0000,0.0000,False,False,False
13097,1.0000,0.0000,False,False,False
13098,0.0000,1.0000,False,False,False
13099,0.0000,1.0000,False,False,False
13100,1.0000,0.0000,False,False,False
13101,1.0000,0.0000,False,False,False
13102,0.0000,1.0000,False,False,False
13103,0.0000,1.0000,False,False,False
13104,1.0000,0.0000,False,False,False
13105,1.0000,0.0000,False,False,False
13106,1.0000,0.0000,False,False,False
13107,1.0000,0.0000,False,False,False
13108,1.0000,0.0000,False,False,False
13109,1.0000,0.0000,False,False,False
13110,1.0000,0.0000,False,False,False
13111,1.0000,0.0000,False,False,False
13112,0.0000,1.0000,False,False,False
13113,1.0000,0.0000,False,False,False
13114,1.0000,0.0000,False,False,False
13115,1.0000,0.0000,False,False,False
13116,1.0000,0.0000,False,False,False
13117,1.0000,0.0000,False,False,False
13118,1.0000,0.0000,False,False,False
13119,1.0000,0.0000,False,False,False
13120,0.0000,1.0000,False,False,False
13121,1.0000,0.0000,False,False,False
13122,0.0000,1.0000,False,False,False
13123,1.0000,0.0000,False,False,False
13124,0.0000,1.0000,False,False,False
13125,1.0000,0.0000,False,False,False
13126,1.0000,0.0000,False,False,False
13127,1.0000,0.0000,False,False,False
13128,1.0000,0.0000,False,False,False
13129,1.0000,0.0000,False,False,False
13130,1.0000,0.0000,False,False,False
13131,1.0000,0.0000,False,False,False
13132,1.0000,0.0000,False,False,False
13133,1.0000,0.0000,False,False,False
13134,1.0000,0.0000,False,False,False
13135,0.0000,1.0000,False,False,False
13136,1.0000,0.0000,False,False,False
13137,0.0000,1.0000,False,False,False
13138,1.0000,0.0000,False,False,False
13139,0.0000,1.0000,False,False,False
13140,1.0000,0.0000,False,False,False
13141,1.0000,0.0000,False,False,False
13142,1.0000,0.0000,False,False,False
13143,1.0000,0.0000,False,False,False
13144,0.0000,1.0000,False,False,False
13145,0.0000,1.0000,False,False,False
13146,1.0000,0.0000,False,False,False
13147,1.0000,0.0000,False,False,False
13148,1.0000,0.0000,False,False,False
13149,1.0000,0.0000,False,False,False
13150,0.0000,1.0000,False,False,False
13151,1.0000,0.0000,False,False,False
13152,1.0000,0.0000,False,False,False
13153,1.0000,0.0000,False,False,False
13154,1.0000,0.0000,False,False,False
13155,1.0000,0.0000,False,False,False
13156,1.0000,0.0000,False,False,False
13157,0.0000,1.0000,False,False,False
13158,0.0000,1.0000,False,False,False
13159,1.0000,0.0000,False,False,False
13160,1.0000,0.0000,False,False,False
13161,0.0000,1.0000,False,False,False
13162,1.0000,0.0000,False,False,False
13163,1.0000,0.0000,False,False,False
13164,1.0000,0.0000,False,False,False
13165,1.0000,0.0000,False,False,False
13166,1.0000,0.0000,False,False,False
13167,1.0000,0.0000,False,False,False
13168,0.0000,1.0000,False,False,False
13169,1.0000,0.0000,False,False,False
13170,1.0000,0.0000,False,False,False
13171,1.0000,0.0000,False,False,False
13172,1.0000,0.0000,False,False,False
13173,1.0000,0.0000,False,False,False
13174,1.0000,0.0000,False,False,False
13175,1.0000,0.0000,False,False,False
13176,0.0000,1.0000,False,False,False
13177,0.0000,1.0000,False,False,False
13178,0.0000,1.0000,False,False,False
13179,1.0000,0.0000,False,False,False
13180,1.0000,0.0000,False,False,False
13181,1.0000,0.0000,False,False,False
13182,1.0000,0.0000,False,False,False
13183,1.0000,0.0000,False,False,False
13184,1.0000,0.0000,False,False,False
13185,0.0000,1.0000,False,False,False
13186,0.0000,1.0000,False,False,False
13187,0.0000,1.0000,False,False,False
13188,1.0000,0.0000,False,False,False
13189,1.0000,0.0000,False,False,False
13190,0.0000,1.0000,False,False,False
13191,0.0000,1.0000,False,False,False
13192,1.0000,0.0000,False,False,False
13193,0.0000,1.0000,False,False,False
13194,0.0000,1.0000,False,False,False
13195,1.0000,0.0000,False,False,False
13196,1.0000,0.0000,False,False,False
13197,1.0000,0.0000,False,False,False
13198,1.0000,0.0000,False,False,False
13199,1.0000,0.0000,False,False,False
13200,0.0000,1.0000,False,False,False
13201,0.0000,1.0000,False,False,False
13202,1.0000,0.0000,False,False,False
13203,0.0000,1.0000,False,False,False
13204,1.0000,0.0000,False,False,False
13205,1.0000,0.0000,False,False,False
13206,1.0000,0.0000,False,False,False
13207,1.0000,0.0000,False,False,False
13208,0.0000,1.0000,False,False,False
13209,1.0000,0.0000,False,False,False
13210,1.0000,0.0000,False,False,False
13211,1.0000,0.0000,False,False,False
13212,1.0000,0.0000,False,False,False
13213,0.0000,1.0000,False,False,False
13214,1.0000,0.0000,False,False,False
13215,0.0000,1.0000,False,False,False
13216,1.0000,0.0000,False,False,False
13217,1.0000,0.0000,False,False,False
13218,0.0000,1.0000,False,False,False
13219,1.0000,0.0000,False,False,False
13220,1.0000,0.0000,False,False,False
13221,0.0000,1.0000,False,False,False
13222,0.0000,1.0000,False,False,False
13223,1.0000,0.0000,False,False,False
13224,1.0000,0.0000,False,False,False
13225,1.0000,0.0000,False,False,False
13226,1.0000,0.0000,False,False,False
13227,1.0000,0.0000,False,False,False
13228,1.0000,0.0000,False,False,False
13229,1.0000,0.0000,False,False,False
13230,0.0000,1.0000,False,False,False
13231,1.0000,0.0000,False,False,False
13232,0.0000,1.0000,False,False,False
13233,0.0000,1.0000,False,False,False
13234,1.0000,0.0000,False,False,False
13235,0.0000,1.0000,False,False,False
13236,1.0000,0.0000,False,False,False
13237,1.0000,0.0000,False,False,False
13238,1.0000,0.0000,False,False,False
13239,1.0000,0.0000,False,False,False
13240,0.0000,1.0000,False,False,False
13241,1.0000,0.0000,False,False,False
13242,1.0000,0.0000,False,False,False
13243,1.0000,0.0000,False,False,False
13244,1.0000,0.0000,False,False,False
13245,1.0000,0.0000,False,False,False
13246,1.0000,0.0000,False,False,False
13247,0.0000,1.0000,False,False,False
13248,1.0000,0.0000,False,False,False
13249,1.0000,0.0000,False,False,False
13250,1.0000,0.0000,False,False,False
13251,0.0000,1.0000,False,False,False
13252,1.0000,0.0000,False,False,False
13253,1.0000,0.0000,False,False,False
13254,1.0000,0.0000,False,False,False
13255,1.0000,0.0000,False,False,False
13256,1.0000,0.0000,False,False,False
13257,1.0000,0.0000,False,False,False
13258,1.0000,0.0000,False,False,False
13259,1.0000,0.0000,False,False,False
13260,1.0000,0.0000,False,False,False
13261,0.0000,1.0000,False,False,False
13262,1.0000,0.0000,False,False,False
13263,1.0000,0.0000,False,False,False
13264,1.0000,0.0000,False,False,False
13265,0.0000,1.0000,False,False,False
13266,1.0000,0.0000,False,False,False
13267,1.0000,0.0000,False,False,False
13268,1.0000,0.0000,False,False,False
13269,1.0000,0.0000,False,False,False
13270,1.0000,0.0000,False,False,False
13271,1.0000,0.0000,False,False,False
13272,1.0000,0.0000,False,False,False
13273,1.0000,0.0000,False,False,False
13274,1.0000,0.0000,False,False,False
13275,1.0000,0.0000,False,False,False
13276,1.0000,0.0000,False,False,False
13277,1.0000,0.0000,False,False,False
13278,1.0000,0.0000,False,False,False
13279,1.0000,0.0000,False,False,False
13280,0.0000,1.0000,False,False,False
13281,1.0000,0.0000,False,False,False
13282,1.0000,0.0000,False,False,False
13283,1.0000,0.0000,False,False,False
13284,1.0000,0.0000,False,False,False
13285,0.0000,1.0000,False,False,False
13286,1.0000,0.0000,False,False,False
13287,1.0000,0.0000,False,False,False
13288,1.0000,0.0000,False,False,False
13289,0.0000,1.0000,False,False,False
13290,1.0000,0.0000,False,False,False
13291,0.0000,1.0000,False,False,False
13292,1.0000,0.0000,False,False,False
13293,0.0000,1.0000,False,False,False
13294,1.0000,0.0000,False,False,False
13295,0.0000,1.0000,False,False,False
13296,1.0000,0.0000,False,False,False
13297,0.0000,1.0000,False,False,False
13298,1.0000,0.0000,False,False,False
13299,1.0000,0.0000,False,False,False
13300,1.0000,0.0000,False,False,False
13301,1.0000,0.0000,False,False,False
13302,1.0000,0.0000,False,False,False
13303,1.0000,0.0000,False,False,False
13304,1.0000,0.0000,False,False,False
13305,1.0000,0.0000,False,False,False
13306,1.0000,0.0000,False,False,False
13307,1.0000,0.0000,False,False,False
13308,1.0000,0.0000,False,False,False
13309,1.0000,0.0000,False,False,False
13310,1.0000,0.0000,False,False,False
13311,1.0000,0.0000,False,False,False
13312,1.0000,0.0000,False,False,False
13313,1.0000,0.0000,False,False,False
13314,1.0000,0.0000,False,False,False
13315,1.0000,0.0000,False,False,False
13316,1.0000,0.0000,False,False,False
13317,1.0000,0.0000,False,False,False
13318,1.0000,0.0000,False,False,False
13319,1.0000,0.0000,False,False,False
13320,0.0000,1.0000,False,False,False
13321,0.0000,1.0000,False,False,False
13322,1.0000,0.0000,False,False,False
13323,0.0000,1.0000,False,False,False
13324,1.0000,0.0000,False,False,False
13325,1.0000,0.0000,False,False,False
13326,1.0000,0.0000,False,False,False
13327,1.0000,0.0000,False,False,False
13328,1.0000,0.0000,False,False,False
13329,1.0000,0.0000,False,False,False
13330,1.0000,0.0000,False,False,False
13331,1.0000,0.0000,False,False,False
13332,1.0000,0.0000,False,False,False
13333,0.0000,1.0000,False,False,False
13334,1.0000,0.0000,False,False,False
13335,1.0000,0.0000,False,False,False
13336,1.0000,0.0000,False,False,False
13337,1.0000,0.0000,False,False,False
13338,1.0000,0.0000,False,False,False
13339,1.0000,0.0000,False,False,False
13340,1.0000,0.0000,False,False,False
13341,1.0000,0.0000,False,False,False
13342,1.0000,0.0000,False,False,False
13343,1.0000,0.0000,False,False,False
13344,1.0000,0.0000,False,False,False
13345,1.0000,0.0000,False,False,False
13346,0.0000,1.0000,False,False,False
13347,1.0000,0.0000,False,False,False
13348,1.0000,0.0000,False,False,False
13349,1.0000,0.0000,False,False,False
13350,1.0000,0.0000,False,False,False
13351,1.0000,0.0000,False,False,False
13352,1.0000,0.0000,False,False,False
13353,1.0000,0.0000,False,False,False
13354,1.0000,0.0000,False,False,False
13355,0.0000,1.0000,False,False,False
13356,1.0000,0.0000,False,False,False
13357,1.0000,0.0000,False,False,False
13358,1.0000,0.0000,False,False,False
13359,1.0000,0.0000,False,False,False
13360,0.0000,1.0000,False,False,False
13361,1.0000,0.0000,False,False,False
13362,1.0000,0.0000,False,False,False
13363,0.0000,1.0000,False,False,False
13364,0.0000,1.0000,False,False,False
13365,1.0000,0.0000,False,False,False
13366,1.0000,0.0000,False,False,False
13367,1.0000,0.0000,False,False,False
13368,1.0000,0.0000,False,False,False
13369,0.0000,1.0000,False,False,False
13370,1.0000,0.0000,False,False,False
13371,0.0000,1.0000,False,False,False
13372,1.0000,0.0000,False,False,False
13373,0.0000,1.0000,False,False,False
13374,1.0000,0.0000,False,False,False
13375,1.0000,0.0000,False,False,False
13376,1.0000,0.0000,False,False,False
13377,0.0000,1.0000,False,False,False
13378,1.0000,0.0000,False,False,False
13379,1.0000,0.0000,False,False,False
13380,1.0000,0.0000,False,False,False
13381,1.0000,0.0000,False,False,False
13382,1.0000,0.0000,False,False,False
13383,1.0000,0.0000,False,False,False
13384,0.0000,1.0000,False,False,False
13385,1.0000,0.0000,False,False,False
13386,0.0000,1.0000,False,False,False
13387,1.0000,0.0000,False,False,False
13388,0.0000,1.0000,False,False,False
13389,1.0000,0.0000,False,False,False
13390,0.0000,1.0000,False,False,False
13391,1.0000,0.0000,False,False,False
13392,1.0000,0.0000,False,False,False
13393,1.0000,0.0000,False,False,False
13394,1.0000,0.0000,False,False,False
13395,0.0000,1.0000,False,False,False
13396,1.0000,0.0000,False,False,False
13397,1.0000,0.0000,False,False,False
13398,1.0000,0.0000,False,False,False
13399,1.0000,0.0000,False,False,False
13400,1.0000,0.0000,False,False,False
13401,1.0000,0.0000,False,False,False
13402,1.0000,0.0000,False,False,False
13403,1.0000,0.0000,False,False,False
13404,1.0000,0.0000,False,False,False
13405,1.0000,0.0000,False,False,False
13406,1.0000,0.0000,False,False,False
13407,1.0000,0.0000,False,False,False
13408,0.0000,1.0000,False,False,False
13409,1.0000,0.0000,False,False,False
13410,1.0000,0.0000,False,False,False
13411,1.0000,0.0000,False,False,False
13412,1.0000,0.0000,False,False,False
13413,1.0000,0.0000,False,False,False
13414,1.0000,0.0000,False,False,False
13415,1.0000,0.0000,False,False,False
13416,1.0000,0.0000,False,False,False
13417,1.0000,0.0000,False,False,False
13418,1.0000,0.0000,False,False,False
13419,1.0000,0.0000,False,False,False
13420,1.0000,0.0000,False,False,False
13421,1.0000,0.0000,False,False,False
13422,1.0000,0.0000,False,False,False
13423,1.0000,0.0000,False,False,False
13424,0.0000,1.0000,False,False,False
13425,1.0000,0.0000,False,False,False
13426,1.0000,0.0000,False,False,False
13427,1.0000,0.0000,False,False,False
13428,1.0000,0.0000,False,False,False
13429,1.0000,0.0000,False,False,False
13430,1.0000,0.0000,False,False,False
13431,1.0000,0.0000,False,False,False
13432,1.0000,0.0000,False,False,False
13433,1.0000,0.0000,False,False,False
13434,1.0000,0.0000,False,False,False
13435,0.0000,1.0000,False,False,False
13436,1.0000,0.0000,False,False,False
13437,0.0000,1.0000,False,False,False
13438,1.0000,0.0000,False,False,False
13439,0.0000,1.0000,False,False,False
13440,1.0000,0.0000,False,False,False
13441,0.0000,1.0000,False,False,False
13442,1.0000,0.0000,False,False,False
13443,1.0000,0.0000,False,False,False
13444,1.0000,0.0000,False,False,False
13445,1.0000,0.0000,False,False,False
13446,1.0000,0.0000,False,False,False
13447,0.0000,1.0000,False,False,False
13448,1.0000,0.0000,False,False,False
13449,1.0000,0.0000,False,False,False
13450,0.0000,1.0000,False,False,False
13451,0.0000,1.0000,False,False,False
13452,1.0000,0.0000,False,False,False
13453,1.0000,0.0000,False,False,False
13454,1.0000,0.0000,False,False,False
13455,0.0000,1.0000,False,False,False
13456,0.0000,1.0000,False,False,False
13457,1.0000,0.0000,False,False,False
13458,1.0000,0.0000,False,False,False
13459,1.0000,0.0000,False,False,False
13460,0.0000,1.0000,False,False,False
13461,1.0000,0.0000,False,False,False
13462,1.0000,0.0000,False,False,False
13463,1.0000,0.0000,False,False,False
13464,1.0000,0.0000,False,False,False
13465,1.0000,0.0000,False,False,False
13466,1.0000,0.0000,False,False,False
13467,0.0000,1.0000,False,False,False
13468,1.0000,0.0000,False,False,False
13469,1.0000,0.0000,False,False,False
13470,1.0000,0.0000,False,False,False
13471,1.0000,0.0000,False,False,False
13472,1.0000,0.0000,False,False,False
13473,1.0000,0.0000,False,False,False
13474,1.0000,0.0000,False,False,False
13475,1.0000,0.0000,False,False,False
13476,0.0000,1.0000,False,False,False
13477,1.0000,0.0000,False,False,False
13478,0.0000,1.0000,False,False,False
13479,1.0000,0.0000,False,False,False
13480,1.0000,0.0000,False,False,False
13481,1.0000,0.0000,False,False,False
13482,0.0000,1.0000,False,False,False
13483,0.0000,1.0000,False,False,False
13484,0.0000,1.0000,False,False,False
13485,1.0000,0.0000,False,False,False
13486,1.0000,0.0000,False,False,False
13487,1.0000,0.0000,False,False,False
13488,1.0000,0.0000,False,False,False
13489,1.0000,0.0000,False,False,False
13490,0.0000,1.0000,False,False,False
13491,1.0000,0.0000,False,False,False
13492,1.0000,0.0000,False,False,False
13493,1.0000,0.0000,False,False,False
13494,1.0000,0.0000,False,False,False
13495,1.0000,0.0000,False,False,False
13496,1.0000,0.0000,False,False,False
13497,1.0000,0.0000,False,False,False
13498,1.0000,0.0000,False,False,False
13499,1.0000,0.0000,False,False,False
13500,0.0000,1.0000,False,False,False
13501,1.0000,0.0000,False,False,False
13502,1.0000,0.0000,False,False,False
13503,1.0000,0.0000,False,False,False
13504,1.0000,0.0000,False,False,False
13505,1.0000,0.0000,False,False,False
13506,1.0000,0.0000,False,False,False
13507,1.0000,0.0000,False,False,False
13508,1.0000,0.0000,False,False,False
13509,0.0000,1.0000,False,False,False
13510,1.0000,0.0000,False,False,False
13511,1.0000,0.0000,False,False,False
13512,1.0000,0.0000,False,False,False
13513,0.0000,1.0000,False,False,False
13514,1.0000,0.0000,False,False,False
13515,1.0000,0.0000,False,False,False
13516,1.0000,0.0000,False,False,False
13517,0.0000,1.0000,False,False,False
13518,0.0000,1.0000,False,False,False
13519,1.0000,0.0000,False,False,False
13520,1.0000,0.0000,False,False,False
13521,1.0000,0.0000,False,False,False
13522,1.0000,0.0000,False,False,False
13523,0.0000,1.0000,False,False,False
13524,1.0000,0.0000,False,False,False
13525,1.0000,0.0000,False,False,False
13526,1.0000,0.0000,False,False,False
13527,1.0000,0.0000,False,False,False
13528,1.0000,0.0000,False,False,False
13529,1.0000,0.0000,False,False,False
13530,0.0000,1.0000,False,False,False
13531,0.0000,1.0000,False,False,False
13532,0.0000,1.0000,False,False,False
13533,1.0000,0.0000,False,False,False
13534,1.0000,0.0000,False,False,False
13535,1.0000,0.0000,False,False,False
13536,0.0000,1.0000,False,False,False
13537,0.0000,1.0000,False,False,False
13538,1.0000,0.0000,False,False,False
13539,1.0000,0.0000,False,False,False
13540,1.0000,0.0000,False,False,False
13541,1.0000,0.0000,False,False,False
13542,1.0000,0.0000,False,False,False
13543,1.0000,0.0000,False,False,False
13544,1.0000,0.0000,False,False,False
13545,1.0000,0.0000,False,False,False
13546,0.0000,1.0000,False,False,False
13547,1.0000,0.0000,False,False,False
13548,1.0000,0.0000,False,False,False
13549,1.0000,0.0000,False,False,False
13550,1.0000,0.0000,False,False,False
13551,1.0000,0.0000,False,False,False
13552,1.0000,0.0000,False,False,False
13553,0.0000,1.0000,False,False,False
13554,1.0000,0.0000,False,False,False
13555,1.0000,0.0000,False,False,False
13556,0.0000,1.0000,False,False,False
13557,1.0000,0.0000,False,False,False
13558,1.0000,0.0000,False,False,False
13559,1.0000,0.0000,False,False,False
13560,1.0000,0.0000,False,False,False
13561,1.0000,0.0000,False,False,False
13562,0.0000,1.0000,False,False,False
13563,1.0000,0.0000,False,False,False
13564,1.0000,0.0000,False,False,False
13565,1.0000,0.0000,False,False,False
13566,1.0000,0.0000,False,False,False
13567,1.0000,0.0000,False,False,False
13568,1.0000,0.0000,False,False,False
13569,1.0000,0.0000,False,False,False
13570,1.0000,0.0000,False,False,False
13571,1.0000,0.0000,False,False,False
13572,1.0000,0.0000,False,False,False
13573,1.0000,0.0000,False,False,False
13574,0.0000,1.0000,False,False,False
13575,1.0000,0.0000,False,False,False
13576,0.0000,1.0000,False,False,False
13577,1.0000,0.0000,False,False,False
13578,0.0000,1.0000,False,False,False
13579,1.0000,0.0000,False,False,False
13580,1.0000,0.0000,False,False,False
13581,0.0000,1.0000,False,False,False
13582,1.0000,0.0000,False,False,False
13583,1.0000,0.0000,False,False,False
13584,1.0000,0.0000,False,False,False
13585,1.0000,0.0000,False,False,False
13586,1.0000,0.0000,False,False,False
13587,1.0000,0.0000,False,False,False
13588,1.0000,0.0000,False,False,False
13589,1.0000,0.0000,False,False,False
13590,1.0000,0.0000,False,False,False
13591,1.0000,0.0000,False,False,False
13592,0.0000,1.0000,False,False,False
13593,1.0000,0.0000,False,False,False
13594,1.0000,0.0000,False,False,False
13595,1.0000,0.0000,False,False,False
13596,1.0000,0.0000,False,False,False
13597,1.0000,0.0000,False,False,False
13598,1.0000,0.0000,False,False,False
13599,0.0000,1.0000,False,False,False
13600,1.0000,0.0000,False,False,False
13601,0.0000,1.0000,False,False,False
13602,1.0000,0.0000,False,False,False
13603,0.0000,1.0000,False,False,False
13604,1.0000,0.0000,False,False,False
13605,1.0000,0.0000,False,False,False
13606,1.0000,0.0000,False,False,False
13607,0.0000,1.0000,False,False,False
13608,1.0000,0.0000,False,False,False
13609,1.0000,0.0000,False,False,False
13610,1.0000,0.0000,False,False,False
13611,1.0000,0.0000,False,False,False
13612,0.0000,1.0000,False,False,False
13613,0.0000,1.0000,False,False,False
13614,0.0000,1.0000,False,False,False
13615,1.0000,0.0000,False,False,False
13616,1.0000,0.0000,False,False,False
13617,1.0000,0.0000,False,False,False
13618,1.0000,0.0000,False,False,False
13619,0.0000,1.0000,False,False,False
13620,0.0000,1.0000,False,False,False
13621,1.0000,0.0000,False,False,False
13622,1.0000,0.0000,False,False,False
13623,1.0000,0.0000,False,False,False
13624,1.0000,0.0000,False,False,False
13625,1.0000,0.0000,False,False,False
13626,1.0000,0.0000,False,False,False
13627,0.0000,1.0000,False,False,False
13628,1.0000,0.0000,False,False,False
13629,1.0000,0.0000,False,False,False
13630,1.0000,0.0000,False,False,False
13631,1.0000,0.0000,False,False,False
13632,1.0000,0.0000,False,False,False
13633,1.0000,0.0000,False,False,False
13634,1.0000,0.0000,False,False,False
13635,1.0000,0.0000,False,False,False
13636,1.0000,0.0000,False,False,False
13637,1.0000,0.0000,False,False,False
13638,1.0000,0.0000,False,False,False
13639,1.0000,0.0000,False,False,False
13640,1.0000,0.0000,False,False,False
13641,1.0000,0.0000,False,False,False
13642,1.0000,0.0000,False,False,False
13643,1.0000,0.0000,False,False,False
13644,1.0000,0.0000,False,False,False
13645,1.0000,0.0000,False,False,False
13646,0.0000,1.0000,False,False,False
13647,1.0000,0.0000,False,False,False
13648,1.0000,0.0000,False,False,False
13649,1.0000,0.0000,False,False,False
13650,1.0000,0.0000,False,False,False
13651,0.0000,1.0000,False,False,False
13652,1.0000,0.0000,False,False,False
13653,1.0000,0.0000,False,False,False
13654,1.0000,0.0000,False,False,False
13655,1.0000,0.0000,False,False,False
13656,1.0000,0.0000,False,False,False
13657,1.0000,0.0000,False,False,False
13658,1.0000,0.0000,False,False,False
13659,1.0000,0.0000,False,False,False
13660,1.0000,0.0000,False,False,False
13661,1.0000,0.0000,False,False,False
13662,1.0000,0.0000,False,False,False
13663,1.0000,0.0000,False,False,False
13664,0.0000,1.0000,False,False,False
13665,0.0000,1.0000,False,False,False
13666,1.0000,0.0000,False,False,False
13667,0.0000,1.0000,False,False,False
13668,1.0000,0.0000,False,False,False
13669,0.0000,1.0000,False,False,False
13670,1.0000,0.0000,False,False,False
13671,1.0000,0.0000,False,False,False
13672,1.0000,0.0000,False,False,False
13673,1.0000,0.0000,False,False,False
13674,1.0000,0.0000,False,False,False
13675,1.0000,0.0000,False,False,False
13676,1.0000,0.0000,False,False,False
13677,1.0000,0.0000,False,False,False
13678,1.0000,0.0000,False,False,False
13679,1.0000,0.0000,False,False,False
13680,1.0000,0.0000,False,False,False
13681,1.0000,0.0000,False,False,False
13682,1.0000,0.0000,False,False,False
13683,1.0000,0.0000,False,False,False
13684,0.0000,1.0000,False,False,False
13685,1.0000,0.0000,False,False,False
13686,0.0000,1.0000,False,False,False
13687,1.0000,0.0000,False,False,False
13688,1.0000,0.0000,False,False,False
13689,0.0000,1.0000,False,False,False
13690,1.0000,0.0000,False,False,False
13691,1.0000,0.0000,False,False,False
13692,1.0000,0.0000,False,False,False
13693,1.0000,0.0000,False,False,False
13694,1.0000,0.0000,False,False,False
13695,1.0000,0.0000,False,False,False
13696,1.0000,0.0000,False,False,False
13697,1.0000,0.0000,False,False,False
13698,0.0000,1.0000,False,False,False
13699,1.0000,0.0000,False,False,False
13700,1.0000,0.0000,False,False,False
13701,0.0000,1.0000,False,False,False
13702,1.0000,0.0000,False,False,False
13703,1.0000,0.0000,False,False,False
13704,1.0000,0.0000,False,False,False
13705,1.0000,0.0000,False,False,False
13706,1.0000,0.0000,False,False,False
13707,1.0000,0.0000,False,False,False
13708,1.0000,0.0000,False,False,False
13709,1.0000,0.0000,False,False,False
13710,1.0000,0.0000,False,False,False
13711,0.0000,1.0000,False,False,False
13712,1.0000,0.0000,False,False,False
13713,0.0000,1.0000,False,False,False
13714,1.0000,0.0000,False,False,False
13715,1.0000,0.0000,False,False,False
13716,0.0000,1.0000,False,False,False
13717,0.0000,1.0000,False,False,False
13718,1.0000,0.0000,False,False,False
13719,0.0000,1.0000,False,False,False
13720,1.0000,0.0000,False,False,False
13721,1.0000,0.0000,False,False,False
13722,0.0000,1.0000,False,False,False
13723,1.0000,0.0000,False,False,False
13724,1.0000,0.0000,False,False,False
13725,0.0000,1.0000,False,False,False
13726,0.0000,1.0000,False,False,False
13727,1.0000,0.0000,False,False,False
13728,1.0000,0.0000,False,False,False
13729,1.0000,0.0000,False,False,False
13730,1.0000,0.0000,False,False,False
13731,0.0000,1.0000,False,False,False
13732,0.0000,1.0000,False,False,False
13733,1.0000,0.0000,False,False,False
13734,1.0000,0.0000,False,False,False
13735,1.0000,0.0000,False,False,False
13736,0.0000,1.0000,False,False,False
13737,1.0000,0.0000,False,False,False
13738,1.0000,0.0000,False,False,False
13739,1.0000,0.0000,False,False,False
13740,1.0000,0.0000,False,False,False
13741,1.0000,0.0000,False,False,False
13742,1.0000,0.0000,False,False,False
13743,1.0000,0.0000,False,False,False
13744,0.0000,1.0000,False,False,False
13745,1.0000,0.0000,False,False,False
13746,1.0000,0.0000,False,False,False
13747,1.0000,0.0000,False,False,False
13748,1.0000,0.0000,False,False,False
13749,1.0000,0.0000,False,False,False
13750,1.0000,0.0000,False,False,False
13751,0.0000,1.0000,False,False,False
13752,1.0000,0.0000,False,False,False
13753,1.0000,0.0000,False,False,False
13754,1.0000,0.0000,False,False,False
13755,0.0000,1.0000,False,False,False
13756,1.0000,0.0000,False,False,False
13757,1.0000,0.0000,False,False,False
13758,0.0000,1.0000,False,False,False
13759,1.0000,0.0000,False,False,False
13760,1.0000,0.0000,False,False,False
13761,1.0000,0.0000,False,False,False
13762,0.0000,1.0000,False,False,False
13763,0.0000,1.0000,False,False,False
13764,1.0000,0.0000,False,False,False
13765,1.0000,0.0000,False,False,False
13766,1.0000,0.0000,False,False,False
13767,1.0000,0.0000,False,False,False
13768,1.0000,0.0000,False,False,False
13769,1.0000,0.0000,False,False,False
13770,1.0000,0.0000,False,False,False
13771,1.0000,0.0000,False,False,False
13772,0.0000,1.0000,False,False,False
13773,1.0000,0.0000,False,False,False
13774,1.0000,0.0000,False,False,False
13775,1.0000,0.0000,False,False,False
13776,1.0000,0.0000,False,False,False
13777,1.0000,0.0000,False,False,False
13778,1.0000,0.0000,False,False,False
13779,0.0000,1.0000,False,False,False
13780,1.0000,0.0000,False,False,False
13781,1.0000,0.0000,False,False,False
13782,1.0000,0.0000,False,False,False
13783,1.0000,0.0000,False,False,False
13784,1.0000,0.0000,False,False,False
13785,1.0000,0.0000,False,False,False
13786,1.0000,0.0000,False,False,False
13787,1.0000,0.0000,False,False,False
13788,1.0000,0.0000,False,False,False
13789,1.0000,0.0000,False,False,False
13790,1.0000,0.0000,False,False,False
13791,0.0000,1.0000,False,False,False
13792,1.0000,0.0000,False,False,False
13793,1.0000,0.0000,False,False,False
13794,1.0000,0.0000,False,False,False
13795,1.0000,0.0000,False,False,False
13796,1.0000,0.0000,False,False,False
13797,1.0000,0.0000,False,False,False
13798,1.0000,0.0000,False,False,False
13799,1.0000,0.0000,False,False,False
13800,0.0000,1.0000,False,False,False
13801,1.0000,0.0000,False,False,False
13802,1.0000,0.0000,False,False,False
13803,1.0000,0.0000,False,False,False
13804,0.0000,1.0000,False,False,False
13805,1.0000,0.0000,False,False,False
13806,1.0000,0.0000,False,False,False
13807,1.0000,0.0000,False,False,False
13808,1.0000,0.0000,False,False,False
13809,1.0000,0.0000,False,False,False
13810,1.0000,0.0000,False,False,False
13811,1.0000,0.0000,False,False,False
13812,1.0000,0.0000,False,False,False
13813,0.0000,1.0000,False,False,False
13814,0.0000,1.0000,False,False,False
13815,1.0000,0.0000,False,False,False
13816,1.0000,0.0000,False,False,False
13817,0.0000,1.0000,False,False,False
13818,1.0000,0.0000,False,False,False
13819,1.0000,0.0000,False,False,False
13820,0.0000,1.0000,False,False,False
13821,1.0000,0.0000,False,False,False
13822,0.0000,1.0000,False,False,False
13823,0.0000,1.0000,False,False,False
13824,1.0000,0.0000,False,False,False
13825,1.0000,0.0000,False,False,False
13826,1.0000,0.0000,False,False,False
13827,0.0000,1.0000,False,False,False
13828,1.0000,0.0000,False,False,False
13829,1.0000,0.0000,False,False,False
13830,1.0000,0.0000,False,False,False
13831,0.0000,1.0000,False,False,False
13832,0.0000,1.0000,False,False,False
13833,1.0000,0.0000,False,False,False
13834,1.0000,0.0000,False,False,False
13835,1.0000,0.0000,False,False,False
13836,1.0000,0.0000,False,False,False
13837,1.0000,0.0000,False,False,False
13838,1.0000,0.0000,False,False,False
13839,1.0000,0.0000,False,False,False
13840,0.0000,1.0000,False,False,False
13841,1.0000,0.0000,False,False,False
13842,1.0000,0.0000,False,False,False
13843,1.0000,0.0000,False,False,False
13844,1.0000,0.0000,False,False,False
13845,1.0000,0.0000,False,False,False
13846,1.0000,0.0000,False,False,False
13847,1.0000,0.0000,False,False,False
13848,0.0000,1.0000,False,False,False
13849,1.0000,0.0000,False,False,False
13850,1.0000,0.0000,False,False,False
13851,1.0000,0.0000,False,False,False
13852,1.0000,0.0000,False,False,False
13853,0.0000,1.0000,False,False,False
13854,1.0000,0.0000,False,False,False
13855,1.0000,0.0000,False,False,False
13856,1.0000,0.0000,False,False,False
13857,0.0000,1.0000,False,False,False
13858,1.0000,0.0000,False,False,False
13859,1.0000,0.0000,False,False,False
13860,1.0000,0.0000,False,False,False
13861,0.0000,1.0000,False,False,False
13862,1.0000,0.0000,False,False,False
13863,1.0000,0.0000,False,False,False
13864,1.0000,0.0000,False,False,False
13865,1.0000,0.0000,False,False,False
13866,0.0000,1.0000,False,False,False
13867,1.0000,0.0000,False,False,False
13868,0.0000,1.0000,False,False,False
13869,0.0000,1.0000,False,False,False
13870,1.0000,0.0000,False,False,False
13871,1.0000,0.0000,False,False,False
13872,1.0000,0.0000,False,False,False
13873,0.0000,1.0000,False,False,False
13874,1.0000,0.0000,False,False,False
13875,1.0000,0.0000,False,False,False
13876,0.0000,1.0000,False,False,False
13877,1.0000,0.0000,False,False,False
13878,1.0000,0.0000,False,False,False
13879,1.0000,0.0000,False,False,False
13880,1.0000,0.0000,False,False,False
13881,1.0000,0.0000,False,False,False
13882,1.0000,0.0000,False,False,False
13883,1.0000,0.0000,False,False,False
13884,1.0000,0.0000,False,False,False
13885,0.0000,1.0000,False,False,False
13886,1.0000,0.0000,False,False,False
13887,1.0000,0.0000,False,False,False
13888,1.0000,0.0000,False,False,False
13889,1.0000,0.0000,False,False,False
13890,1.0000,0.0000,False,False,False
13891,1.0000,0.0000,False,False,False
13892,0.0000,1.0000,False,False,False
13893,0.0000,1.0000,False,False,False
13894,1.0000,0.0000,False,False,False
13895,1.0000,0.0000,False,False,False
13896,1.0000,0.0000,False,False,False
13897,1.0000,0.0000,False,False,False
13898,1.0000,0.0000,False,False,False
13899,1.0000,0.0000,False,False,False
13900,0.0000,1.0000,False,False,False
13901,1.0000,0.0000,False,False,False
13902,0.0000,1.0000,False,False,False
13903,1.0000,0.0000,False,False,False
13904,1.0000,0.0000,False,False,False
13905,0.0000,1.0000,False,False,False
13906,1.0000,0.0000,False,False,False
13907,1.0000,0.0000,False,False,False
13908,1.0000,0.0000,False,False,False
13909,0.0000,1.0000,False,False,False
13910,1.0000,0.0000,False,False,False
13911,1.0000,0.0000,False,False,False
13912,1.0000,0.0000,False,False,False
13913,0.0000,1.0000,False,False,False
13914,1.0000,0.0000,False,False,False
13915,1.0000,0.0000,False,False,False
13916,1.0000,0.0000,False,False,False
13917,0.0000,1.0000,False,False,False
13918,0.0000,1.0000,False,False,False
13919,1.0000,0.0000,False,False,False
13920,1.0000,0.0000,False,False,False
13921,1.0000,0.0000,False,False,False
13922,1.0000,0.0000,False,False,False
13923,0.0000,1.0000,False,False,False
13924,1.0000,0.0000,False,False,False
13925,1.0000,0.0000,False,False,False
13926,1.0000,0.0000,False,False,False
13927,0.0000,1.0000,False,False,False
13928,1.0000,0.0000,False,False,False
13929,1.0000,0.0000,False,False,False
13930,0.0000,1.0000,False,False,False
13931,1.0000,0.0000,False,False,False
13932,1.0000,0.0000,False,False,False
13933,1.0000,0.0000,False,False,False
13934,0.0000,1.0000,False,False,False
13935,1.0000,0.0000,False,False,False
13936,1.0000,0.0000,False,False,False
13937,1.0000,0.0000,False,False,False
13938,1.0000,0.0000,False,False,False
13939,1.0000,0.0000,False,False,False
13940,1.0000,0.0000,False,False,False
13941,1.0000,0.0000,False,False,False
13942,1.0000,0.0000,False,False,False
13943,1.0000,0.0000,False,False,False
13944,0.0000,1.0000,False,False,False
13945,0.0000,1.0000,False,False,False
13946,1.0000,0.0000,False,False,False
13947,0.0000,1.0000,False,False,False
13948,1.0000,0.0000,False,False,False
13949,1.0000,0.0000,False,False,False
13950,0.0000,1.0000,False,False,False
13951,1.0000,0.0000,False,False,False
13952,0.0000,1.0000,False,False,False
13953,1.0000,0.0000,False,False,False
13954,0.0000,1.0000,False,False,False
13955,1.0000,0.0000,False,False,False
13956,1.0000,0.0000,False,False,False
13957,1.0000,0.0000,False,False,False
13958,1.0000,0.0000,False,False,False
13959,0.0000,1.0000,False,False,False
13960,0.0000,1.0000,False,False,False
13961,1.0000,0.0000,False,False,False
13962,1.0000,0.0000,False,False,False
13963,0.0000,1.0000,False,False,False
13964,1.0000,0.0000,False,False,False
13965,1.0000,0.0000,False,False,False
13966,1.0000,0.0000,False,False,False
13967,1.0000,0.0000,False,False,False
13968,0.0000,1.0000,False,False,False
13969,1.0000,0.0000,False,False,False
13970,1.0000,0.0000,False,False,False
13971,1.0000,0.0000,False,False,False
13972,1.0000,0.0000,False,False,False
13973,1.0000,0.0000,False,False,False
13974,1.0000,0.0000,False,False,False
13975,0.0000,1.0000,False,False,False
13976,0.0000,1.0000,False,False,False
13977,0.0000,1.0000,False,False,False
13978,0.0000,1.0000,False,False,False
13979,1.0000,0.0000,False,False,False
13980,1.0000,0.0000,False,False,False
13981,1.0000,0.0000,False,False,False
13982,1.0000,0.0000,False,False,False
13983,0.0000,1.0000,False,False,False
13984,1.0000,0.0000,False,False,False
13985,0.0000,1.0000,False,False,False
13986,1.0000,0.0000,False,False,False
13987,0.0000,1.0000,False,False,False
13988,0.0000,1.0000,False,False,False
13989,0.0000,1.0000,False,False,False
13990,1.0000,0.0000,False,False,False
13991,0.0000,1.0000,False,False,False
13992,1.0000,0.0000,False,False,False
13993,1.0000,0.0000,False,False,False
13994,0.0000,1.0000,False,False,False
13995,1.0000,0.0000,False,False,False
13996,1.0000,0.0000,False,False,False
13997,1.0000,0.0000,False,False,False
13998,0.0000,1.0000,False,False,False
13999,1.0000,0.0000,False,False,False
14000,1.0000,0.0000,False,False,False
14001,1.0000,0.0000,False,False,False
14002,1.0000,0.0000,False,False,False
14003,1.0000,0.0000,False,False,False
14004,1.0000,0.0000,False,False,False
14005,1.0000,0.0000,False,False,False
14006,1.0000,0.0000,False,False,False
14007,1.0000,0.0000,False,False,False
14008,0.0000,1.0000,False,False,False
14009,0.0000,1.0000,False,False,False
14010,1.0000,0.0000,False,False,False
14011,1.0000,0.0000,False,False,False
14012,0.0000,1.0000,False,False,False
14013,1.0000,0.0000,False,False,False
14014,1.0000,0.0000,False,False,False
14015,0.0000,1.0000,False,False,False
14016,1.0000,0.0000,False,False,False
14017,1.0000,0.0000,False,False,False
14018,1.0000,0.0000,False,False,False
14019,0.0000,1.0000,False,False,False
14020,1.0000,0.0000,False,False,False
14021,1.0000,0.0000,False,False,False
14022,0.0000,1.0000,False,False,False
14023,1.0000,0.0000,False,False,False
14024,1.0000,0.0000,False,False,False
14025,1.0000,0.0000,False,False,False
14026,0.0000,1.0000,False,False,False
14027,1.0000,0.0000,False,False,False
14028,1.0000,0.0000,False,False,False
14029,1.0000,0.0000,False,False,False
14030,1.0000,0.0000,False,False,False
14031,1.0000,0.0000,False,False,False
14032,1.0000,0.0000,False,False,False
14033,1.0000,0.0000,False,False,False
14034,1.0000,0.0000,False,False,False
14035,1.0000,0.0000,False,False,False
14036,1.0000,0.0000,False,False,False
14037,1.0000,0.0000,False,False,False
14038,1.0000,0.0000,False,False,False
14039,0.0000,1.0000,False,False,False
14040,0.0000,1.0000,False,False,False
14041,1.0000,0.0000,False,False,False
14042,1.0000,0.0000,False,False,False
14043,0.0000,1.0000,False,False,False
14044,1.0000,0.0000,False,False,False
14045,1.0000,0.0000,False,False,False
14046,0.0000,1.0000,False,False,False
14047,1.0000,0.0000,False,False,False
14048,1.0000,0.0000,False,False,False
14049,1.0000,0.0000,False,False,False
14050,1.0000,0.0000,False,False,False
14051,1.0000,0.0000,False,False,False
14052,1.0000,0.0000,False,False,False
14053,1.0000,0.0000,False,False,False
14054,1.0000,0.0000,False,False,False
14055,1.0000,0.0000,False,False,False
14056,0.0000,1.0000,False,False,False
14057,1.0000,0.0000,False,False,False
14058,0.0000,1.0000,False,False,False
14059,1.0000,0.0000,False,False,False
14060,1.0000,0.0000,False,False,False
14061,1.0000,0.0000,False,False,False
14062,1.0000,0.0000,False,False,False
14063,1.0000,0.0000,False,False,False
14064,1.0000,0.0000,False,False,False
14065,0.0000,1.0000,False,False,False
14066,1.0000,0.0000,False,False,False
14067,1.0000,0.0000,False,False,False
14068,1.0000,0.0000,False,False,False
14069,0.0000,1.0000,False,False,False
14070,1.0000,0.0000,False,False,False
14071,0.0000,1.0000,False,False,False
14072,1.0000,0.0000,False,False,False
14073,1.0000,0.0000,False,False,False
14074,1.0000,0.0000,False,False,False
14075,1.0000,0.0000,False,False,False
14076,0.0000,1.0000,False,False,False
14077,0.0000,1.0000,False,False,False
14078,0.0000,1.0000,False,False,False
14079,1.0000,0.0000,False,False,False
14080,0.0000,1.0000,False,False,False
14081,0.0000,1.0000,False,False,False
14082,1.0000,0.0000,False,False,False
14083,1.0000,0.0000,False,False,False
14084,1.0000,0.0000,False,False,False
14085,1.0000,0.0000,False,False,False
14086,1.0000,0.0000,False,False,False
14087,0.0000,1.0000,False,False,False
14088,1.0000,0.0000,False,False,False
14089,1.0000,0.0000,False,False,False
14090,1.0000,0.0000,False,False,False
14091,0.0000,1.0000,False,False,False
14092,1.0000,0.0000,False,False,False
14093,1.0000,0.0000,False,False,False
14094,1.0000,0.0000,False,False,False
14095,0.0000,1.0000,False,False,False
14096,1.0000,0.0000,False,False,False
14097,1.0000,0.0000,False,False,False
14098,1.0000,0.0000,False,False,False
14099,1.0000,0.0000,False,False,False
14100,1.0000,0.0000,False,False,False
14101,1.0000,0.0000,False,False,False
14102,0.0000,1.0000,False,False,False
14103,1.0000,0.0000,False,False,False
14104,0.0000,1.0000,False,False,False
14105,1.0000,0.0000,False,False,False
14106,1.0000,0.0000,False,False,False
14107,1.0000,0.0000,False,False,False
14108,1.0000,0.0000,False,False,False
14109,1.0000,0.0000,False,False,False
14110,1.0000,0.0000,False,False,False
14111,1.0000,0.0000,False,False,False
14112,0.0000,1.0000,False,False,False
14113,1.0000,0.0000,False,False,False
14114,0.0000,1.0000,False,False,False
14115,0.0000,1.0000,False,False,False
14116,1.0000,0.0000,False,False,False
14117,0.0000,1.0000,False,False,False
14118,1.0000,0.0000,False,False,False
14119,0.0000,1.0000,False,False,False
14120,1.0000,0.0000,False,False,False
14121,1.0000,0.0000,False,False,False
14122,1.0000,0.0000,False,False,False
14123,1.0000,0.0000,False,False,False
14124,1.0000,0.0000,False,False,False
14125,1.0000,0.0000,False,False,False
14126,0.0000,1.0000,False,False,False
14127,1.0000,0.0000,False,False,False
14128,0.0000,1.0000,False,False,False
14129,1.0000,0.0000,False,False,False
14130,1.0000,0.0000,False,False,False
14131,1.0000,0.0000,False,False,False
14132,1.0000,0.0000,False,False,False
14133,1.0000,0.0000,False,False,False
14134,1.0000,0.0000,False,False,False
14135,1.0000,0.0000,False,False,False
14136,0.0000,1.0000,False,False,False
14137,0.0000,1.0000,False,False,False
14138,1.0000,0.0000,False,False,False
14139,0.0000,1.0000,False,False,False
14140,1.0000,0.0000,False,False,False
14141,1.0000,0.0000,False,False,False
14142,1.0000,0.0000,False,False,False
14143,1.0000,0.0000,False,False,False
14144,1.0000,0.0000,False,False,False
14145,1.0000,0.0000,False,False,False
14146,1.0000,0.0000,False,False,False
14147,1.0000,0.0000,False,False,False
14148,1.0000,0.0000,False,False,False
14149,1.0000,0.0000,False,False,False
14150,1.0000,0.0000,False,False,False
14151,1.0000,0.0000,False,False,False
14152,1.0000,0.0000,False,False,False
14153,1.0000,0.0000,False,False,False
14154,0.0000,1.0000,False,False,False
14155,0.0000,1.0000,False,False,False
14156,1.0000,0.0000,False,False,False
14157,1.0000,0.0000,False,False,False
14158,1.0000,0.0000,False,False,False
14159,1.0000,0.0000,False,False,False
14160,1.0000,0.0000,False,False,False
14161,0.0000,1.0000,False,False,False
14162,1.0000,0.0000,False,False,False
14163,1.0000,0.0000,False,False,False
14164,0.0000,1.0000,False,False,False
14165,1.0000,0.0000,False,False,False
14166,0.0000,1.0000,False,False,False
14167,1.0000,0.0000,False,False,False
14168,0.0000,1.0000,False,False,False
14169,1.0000,0.0000,False,False,False
14170,1.0000,0.0000,False,False,False
14171,1.0000,0.0000,False,False,False
14172,1.0000,0.0000,False,False,False
14173,0.0000,1.0000,False,False,False
14174,1.0000,0.0000,False,False,False
14175,1.0000,0.0000,False,False,False
14176,1.0000,0.0000,False,False,False
14177,1.0000,0.0000,False,False,False
14178,0.0000,1.0000,False,False,False
14179,1.0000,0.0000,False,False,False
14180,1.0000,0.0000,False,False,False
14181,1.0000,0.0000,False,False,False
14182,1.0000,0.0000,False,False,False
14183,1.0000,0.0000,False,False,False
14184,1.0000,0.0000,False,False,False
14185,1.0000,0.0000,False,False,False
14186,1.0000,0.0000,False,False,False
14187,1.0000,0.0000,False,False,False
14188,1.0000,0.0000,False,False,False
14189,1.0000,0.0000,False,False,False
14190,1.0000,0.0000,False,False,False
14191,1.0000,0.0000,False,False,False
14192,1.0000,0.0000,False,False,False
14193,1.0000,0.0000,False,False,False
14194,1.0000,0.0000,False,False,False
14195,1.0000,0.0000,False,False,False
14196,0.0000,1.0000,False,False,False
14197,0.0000,1.0000,False,False,False
14198,1.0000,0.0000,False,False,False
14199,0.0000,1.0000,False,False,False
14200,1.0000,0.0000,False,False,False
14201,1.0000,0.0000,False,False,False
14202,0.0000,1.0000,False,False,False
14203,1.0000,0.0000,False,False,False
14204,1.0000,0.0000,False,False,False
14205,1.0000,0.0000,False,False,False
14206,1.0000,0.0000,False,False,False
14207,0.0000,1.0000,False,False,False
14208,1.0000,0.0000,False,False,False
14209,1.0000,0.0000,False,False,False
14210,0.0000,1.0000,False,False,False
14211,1.0000,0.0000,False,False,False
14212,1.0000,0.0000,False,False,False
14213,1.0000,0.0000,False,False,False
14214,0.0000,1.0000,False,False,False
14215,1.0000,0.0000,False,False,False
14216,1.0000,0.0000,False,False,False
14217,0.0000,1.0000,False,False,False
14218,1.0000,0.0000,False,False,False
14219,0.0000,1.0000,False,False,False
14220,1.0000,0.0000,False,False,False
14221,1.0000,0.0000,False,False,False
14222,1.0000,0.0000,False,False,False
14223,1.0000,0.0000,False,False,False
14224,1.0000,0.0000,False,False,False
14225,1.0000,0.0000,False,False,False
14226,1.0000,0.0000,False,False,False
14227,1.0000,0.0000,False,False,False
14228,1.0000,0.0000,False,False,False
14229,1.0000,0.0000,False,False,False
14230,1.0000,0.0000,False,False,False
14231,1.0000,0.0000,False,False,False
14232,0.0000,1.0000,False,False,False
14233,1.0000,0.0000,False,False,False
14234,1.0000,0.0000,False,False,False
14235,1.0000,0.0000,False,False,False
14236,0.0000,1.0000,False,False,False
14237,1.0000,0.0000,False,False,False
14238,0.0000,1.0000,False,False,False
14239,0.0000,1.0000,False,False,False
14240,1.0000,0.0000,False,False,False
14241,1.0000,0.0000,False,False,False
14242,1.0000,0.0000,False,False,False
14243,0.0000,1.0000,False,False,False
14244,0.0000,1.0000,False,False,False
14245,1.0000,0.0000,False,False,False
14246,1.0000,0.0000,False,False,False
14247,0.0000,1.0000,False,False,False
14248,1.0000,0.0000,False,False,False
14249,1.0000,0.0000,False,False,False
14250,1.0000,0.0000,False,False,False
14251,1.0000,0.0000,False,False,False
14252,1.0000,0.0000,False,False,False
14253,1.0000,0.0000,False,False,False
14254,1.0000,0.0000,False,False,False
14255,1.0000,0.0000,False,False,False
14256,1.0000,0.0000,False,False,False
14257,1.0000,0.0000,False,False,False
14258,0.0000,1.0000,False,False,False
14259,1.0000,0.0000,False,False,False
14260,0.0000,1.0000,False,False,False
14261,1.0000,0.0000,False,False,False
14262,1.0000,0.0000,False,False,False
14263,1.0000,0.0000,False,False,False
14264,1.0000,0.0000,False,False,False
14265,1.0000,0.0000,False,False,False
14266,1.0000,0.0000,False,False,False
14267,0.0000,1.0000,False,False,False
14268,1.0000,0.0000,False,False,False
14269,1.0000,0.0000,False,False,False
14270,1.0000,0.0000,False,False,False
14271,1.0000,0.0000,False,False,False
14272,1.0000,0.0000,False,False,False
14273,1.0000,0.0000,False,False,False
14274,0.0000,1.0000,False,False,False
14275,0.0000,1.0000,False,False,False
14276,1.0000,0.0000,False,False,False
14277,1.0000,0.0000,False,False,False
14278,1.0000,0.0000,False,False,False
14279,1.0000,0.0000,False,False,False
14280,1.0000,0.0000,False,False,False
14281,0.0000,1.0000,False,False,False
14282,0.0000,1.0000,False,False,False
14283,0.0000,1.0000,False,False,False
14284,0.0000,1.0000,False,False,False
14285,1.0000,0.0000,False,False,False
14286,1.0000,0.0000,False,False,False
14287,1.0000,0.0000,False,False,False
14288,1.0000,0.0000,False,False,False
14289,1.0000,0.0000,False,False,False
14290,1.0000,0.0000,False,False,False
14291,0.0000,1.0000,False,False,False
14292,1.0000,0.0000,False,False,False
14293,0.0000,1.0000,False,False,False
14294,1.0000,0.0000,False,False,False
14295,1.0000,0.0000,False,False,False
14296,1.0000,0.0000,False,False,False
14297,1.0000,0.0000,False,False,False
14298,1.0000,0.0000,False,False,False
14299,0.0000,1.0000,False,False,False
14300,1.0000,0.0000,False,False,False
14301,0.0000,1.0000,False,False,False
14302,1.0000,0.0000,False,False,False
14303,1.0000,0.0000,False,False,False
14304,1.0000,0.0000,False,False,False
14305,1.0000,0.0000,False,False,False
14306,0.0000,1.0000,False,False,False
14307,1.0000,0.0000,False,False,False
14308,1.0000,0.0000,False,False,False
14309,1.0000,0.0000,False,False,False
14310,1.0000,0.0000,False,False,False
14311,1.0000,0.0000,False,False,False
14312,1.0000,0.0000,False,False,False
14313,1.0000,0.0000,False,False,False
14314,1.0000,0.0000,False,False,False
14315,1.0000,0.0000,False,False,False
14316,1.0000,0.0000,False,False,False
14317,1.0000,0.0000,False,False,False
14318,1.0000,0.0000,False,False,False
14319,0.0000,1.0000,False,False,False
14320,0.0000,1.0000,False,False,False
14321,1.0000,0.0000,False,False,False
14322,0.0000,1.0000,False,False,False
14323,1.0000,0.0000,False,False,False
14324,1.0000,0.0000,False,False,False
14325,0.0000,1.0000,False,False,False
14326,1.0000,0.0000,False,False,False
14327,1.0000,0.0000,False,False,False
14328,0.0000,1.0000,False,False,False
14329,1.0000,0.0000,False,False,False
14330,1.0000,0.0000,False,False,False
14331,1.0000,0.0000,False,False,False
14332,1.0000,0.0000,False,False,False
14333,0.0000,1.0000,False,False,False
14334,0.0000,1.0000,False,False,False
14335,0.0000,1.0000,False,False,False
14336,1.0000,0.0000,False,False,False
14337,1.0000,0.0000,False,False,False
14338,1.0000,0.0000,False,False,False
14339,1.0000,0.0000,False,False,False
14340,1.0000,0.0000,False,False,False
14341,1.0000,0.0000,False,False,False
14342,1.0000,0.0000,False,False,False
14343,1.0000,0.0000,False,False,False
14344,1.0000,0.0000,False,False,False
14345,1.0000,0.0000,False,False,False
14346,1.0000,0.0000,False,False,False
14347,1.0000,0.0000,False,False,False
14348,1.0000,0.0000,False,False,False
14349,1.0000,0.0000,False,False,False
14350,1.0000,0.0000,False,False,False
14351,1.0000,0.0000,False,False,False
14352,1.0000,0.0000,False,False,False
14353,1.0000,0.0000,False,False,False
14354,1.0000,0.0000,False,False,False
14355,1.0000,0.0000,False,False,False
14356,1.0000,0.0000,False,False,False
14357,1.0000,0.0000,False,False,False
14358,1.0000,0.0000,False,False,False
14359,1.0000,0.0000,False,False,False
14360,0.0000,1.0000,False,False,False
14361,1.0000,0.0000,False,False,False
14362,0.0000,1.0000,False,False,False
14363,1.0000,0.0000,False,False,False
14364,0.0000,1.0000,False,False,False
14365,1.0000,0.0000,False,False,False
14366,1.0000,0.0000,False,False,False
14367,1.0000,0.0000,False,False,False
14368,1.0000,0.0000,False,False,False
14369,1.0000,0.0000,False,False,False
14370,1.0000,0.0000,False,False,False
14371,1.0000,0.0000,False,False,False
14372,1.0000,0.0000,False,False,False
14373,1.0000,0.0000,False,False,False
14374,1.0000,0.0000,False,False,False
14375,1.0000,0.0000,False,False,False
14376,1.0000,0.0000,False,False,False
14377,1.0000,0.0000,False,False,False
14378,1.0000,0.0000,False,False,False
14379,1.0000,0.0000,False,False,False
14380,1.0000,0.0000,False,False,False
14381,1.0000,0.0000,False,False,False
14382,1.0000,0.0000,False,False,False
14383,1.0000,0.0000,False,False,False
14384,1.0000,0.0000,False,False,False
14385,1.0000,0.0000,False,False,False
14386,0.0000,1.0000,False,False,False
14387,1.0000,0.0000,False,False,False
14388,0.0000,1.0000,False,False,False
14389,1.0000,0.0000,False,False,False
14390,1.0000,0.0000,False,False,False
14391,1.0000,0.0000,False,False,False
14392,0.0000,1.0000,False,False,False
14393,1.0000,0.0000,False,False,False
14394,1.0000,0.0000,False,False,False
14395,1.0000,0.0000,False,False,False
14396,1.0000,0.0000,False,False,False
14397,0.0000,1.0000,False,False,False
14398,0.0000,1.0000,False,False,False
14399,1.0000,0.0000,False,False,False
14400,1.0000,0.0000,False,False,False
14401,1.0000,0.0000,False,False,False
14402,1.0000,0.0000,False,False,False
14403,1.0000,0.0000,False,False,False
14404,1.0000,0.0000,False,False,False
14405,1.0000,0.0000,False,False,False
14406,1.0000,0.0000,False,False,False
14407,1.0000,0.0000,False,False,False
14408,1.0000,0.0000,False,False,False
14409,0.0000,1.0000,False,False,False
14410,1.0000,0.0000,False,False,False
14411,1.0000,0.0000,False,False,False
14412,0.0000,1.0000,False,False,False
14413,1.0000,0.0000,False,False,False
14414,1.0000,0.0000,False,False,False
14415,1.0000,0.0000,False,False,False
14416,1.0000,0.0000,False,False,False
14417,1.0000,0.0000,False,False,False
14418,1.0000,0.0000,False,False,False
14419,1.0000,0.0000,False,False,False
14420,1.0000,0.0000,False,False,False
14421,0.0000,1.0000,False,False,False
14422,0.0000,1.0000,False,False,False
14423,1.0000,0.0000,False,False,False
14424,1.0000,0.0000,False,False,False
14425,1.0000,0.0000,False,False,False
14426,1.0000,0.0000,False,False,False
14427,1.0000,0.0000,False,False,False
14428,0.0000,1.0000,False,False,False
14429,0.0000,1.0000,False,False,False
14430,1.0000,0.0000,False,False,False
14431,0.0000,1.0000,False,False,False
14432,1.0000,0.0000,False,False,False
14433,1.0000,0.0000,False,False,False
14434,1.0000,0.0000,False,False,False
14435,1.0000,0.0000,False,False,False
14436,1.0000,0.0000,False,False,False
14437,1.0000,0.0000,False,False,False
14438,1.0000,0.0000,False,False,False
14439,1.0000,0.0000,False,False,False
14440,1.0000,0.0000,False,False,False
14441,1.0000,0.0000,False,False,False
14442,1.0000,0.0000,False,False,False
14443,1.0000,0.0000,False,False,False
14444,1.0000,0.0000,False,False,False
14445,0.0000,1.0000,False,False,False
14446,0.0000,1.0000,False,False,False
14447,1.0000,0.0000,False,False,False
14448,1.0000,0.0000,False,False,False
14449,1.0000,0.0000,False,False,False
14450,1.0000,0.0000,False,False,False
14451,1.0000,0.0000,False,False,False
14452,1.0000,0.0000,False,False,False
14453,1.0000,0.0000,False,False,False
14454,1.0000,0.0000,False,False,False
14455,1.0000,0.0000,False,False,False
14456,1.0000,0.0000,False,False,False
14457,1.0000,0.0000,False,False,False
14458,0.0000,1.0000,False,False,False
14459,1.0000,0.0000,False,False,False
14460,0.0000,1.0000,False,False,False
14461,1.0000,0.0000,False,False,False
14462,1.0000,0.0000,False,False,False
14463,1.0000,0.0000,False,False,False
14464,1.0000,0.0000,False,False,False
14465,1.0000,0.0000,False,False,False
14466,1.0000,0.0000,False,False,False
14467,1.0000,0.0000,False,False,False
14468,1.0000,0.0000,False,False,False
14469,1.0000,0.0000,False,False,False
14470,0.0000,1.0000,False,False,False
14471,0.0000,1.0000,False,False,False
14472,1.0000,0.0000,False,False,False
14473,1.0000,0.0000,False,False,False
14474,1.0000,0.0000,False,False,False
14475,1.0000,0.0000,False,False,False
14476,1.0000,0.0000,False,False,False
14477,1.0000,0.0000,False,False,False
14478,0.0000,1.0000,False,False,False
14479,0.0000,1.0000,False,False,False
14480,1.0000,0.0000,False,False,False
14481,0.0000,1.0000,False,False,False
14482,0.0000,1.0000,False,False,False
14483,1.0000,0.0000,False,False,False
14484,1.0000,0.0000,False,False,False
14485,1.0000,0.0000,False,False,False
14486,0.0000,1.0000,False,False,False
14487,1.0000,0.0000,False,False,False
14488,1.0000,0.0000,False,False,False
14489,1.0000,0.0000,False,False,False
14490,1.0000,0.0000,False,False,False
14491,1.0000,0.0000,False,False,False
14492,1.0000,0.0000,False,False,False
14493,0.0000,1.0000,False,False,False
14494,1.0000,0.0000,False,False,False
14495,1.0000,0.0000,False,False,False
14496,0.0000,1.0000,False,False,False
14497,1.0000,0.0000,False,False,False
14498,1.0000,0.0000,False,False,False
14499,1.0000,0.0000,False,False,False
14500,1.0000,0.0000,False,False,False
14501,0.0000,1.0000,False,False,False
14502,1.0000,0.0000,False,False,False
14503,1.0000,0.0000,False,False,False
14504,1.0000,0.0000,False,False,False
14505,1.0000,0.0000,False,False,False
14506,1.0000,0.0000,False,False,False
14507,1.0000,0.0000,False,False,False
14508,1.0000,0.0000,False,False,False
14509,1.0000,0.0000,False,False,False
14510,0.0000,1.0000,False,False,False
14511,1.0000,0.0000,False,False,False
14512,1.0000,0.0000,False,False,False
14513,0.0000,1.0000,False,False,False
14514,1.0000,0.0000,False,False,False
14515,1.0000,0.0000,False,False,False
14516,1.0000,0.0000,False,False,False
14517,1.0000,0.0000,False,False,False
14518,0.0000,1.0000,False,False,False
14519,0.0000,1.0000,False,False,False
14520,1.0000,0.0000,False,False,False
14521,0.0000,1.0000,False,False,False
14522,1.0000,0.0000,False,False,False
14523,1.0000,0.0000,False,False,False
14524,1.0000,0.0000,False,False,False
14525,1.0000,0.0000,False,False,False
14526,0.0000,1.0000,False,False,False
14527,1.0000,0.0000,False,False,False
14528,0.0000,1.0000,False,False,False
14529,0.0000,1.0000,False,False,False
14530,1.0000,0.0000,False,False,False
14531,1.0000,0.0000,False,False,False
14532,0.0000,1.0000,False,False,False
14533,0.0000,1.0000,False,False,False
14534,1.0000,0.0000,False,False,False
14535,1.0000,0.0000,False,False,False
14536,1.0000,0.0000,False,False,False
14537,1.0000,0.0000,False,False,False
14538,0.0000,1.0000,False,False,False
14539,1.0000,0.0000,False,False,False
14540,1.0000,0.0000,False,False,False
14541,1.0000,0.0000,False,False,False
14542,1.0000,0.0000,False,False,False
14543,0.0000,1.0000,False,False,False
14544,0.0000,1.0000,False,False,False
14545,1.0000,0.0000,False,False,False
14546,1.0000,0.0000,False,False,False
14547,1.0000,0.0000,False,False,False
14548,1.0000,0.0000,False,False,False
14549,1.0000,0.0000,False,False,False
14550,1.0000,0.0000,False,False,False
14551,1.0000,0.0000,False,False,False
14552,1.0000,0.0000,False,False,False
14553,1.0000,0.0000,False,False,False
14554,1.0000,0.0000,False,False,False
14555,1.0000,0.0000,False,False,False
14556,0.0000,1.0000,False,False,False
14557,0.0000,1.0000,False,False,False
14558,1.0000,0.0000,False,False,False
14559,1.0000,0.0000,False,False,False
14560,0.0000,1.0000,False,False,False
14561,1.0000,0.0000,False,False,False
14562,1.0000,0.0000,False,False,False
14563,1.0000,0.0000,False,False,False
14564,1.0000,0.0000,False,False,False
14565,1.0000,0.0000,False,False,False
14566,1.0000,0.0000,False,False,False
14567,1.0000,0.0000,False,False,False
14568,1.0000,0.0000,False,False,False
14569,0.0000,1.0000,False,False,False
14570,1.0000,0.0000,False,False,False
14571,1.0000,0.0000,False,False,False
14572,0.0000,1.0000,False,False,False
14573,1.0000,0.0000,False,False,False
14574,1.0000,0.0000,False,False,False
14575,1.0000,0.0000,False,False,False
14576,1.0000,0.0000,False,False,False
14577,1.0000,0.0000,False,False,False
14578,1.0000,0.0000,False,False,False
14579,1.0000,0.0000,False,False,False
14580,0.0000,1.0000,False,False,False
14581,0.0000,1.0000,False,False,False
14582,1.0000,0.0000,False,False,False
14583,1.0000,0.0000,False,False,False
14584,0.0000,1.0000,False,False,False
14585,1.0000,0.0000,False,False,False
14586,1.0000,0.0000,False,False,False
14587,1.0000,0.0000,False,False,False
14588,1.0000,0.0000,False,False,False
14589,1.0000,0.0000,False,False,False
14590,1.0000,0.0000,False,False,False
14591,0.0000,1.0000,False,False,False
14592,0.0000,1.0000,False,False,False
14593,1.0000,0.0000,False,False,False
14594,1.0000,0.0000,False,False,False
14595,1.0000,0.0000,False,False,False
14596,1.0000,0.0000,False,False,False
14597,1.0000,0.0000,False,False,False
14598,0.0000,1.0000,False,False,False
14599,1.0000,0.0000,False,False,False
14600,1.0000,0.0000,False,False,False
14601,1.0000,0.0000,False,False,False
14602,1.0000,0.0000,False,False,False
14603,1.0000,0.0000,False,False,False
14604,1.0000,0.0000,False,False,False
14605,1.0000,0.0000,False,False,False
14606,1.0000,0.0000,False,False,False
14607,0.0000,1.0000,False,False,False
14608,1.0000,0.0000,False,False,False
14609,0.0000,1.0000,False,False,False
14610,0.0000,1.0000,False,False,False
14611,1.0000,0.0000,False,False,False
14612,1.0000,0.0000,False,False,False
14613,1.0000,0.0000,False,False,False
14614,1.0000,0.0000,False,False,False
14615,1.0000,0.0000,False,False,False
14616,1.0000,0.0000,False,False,False
14617,1.0000,0.0000,False,False,False
14618,1.0000,0.0000,False,False,False
14619,1.0000,0.0000,False,False,False
14620,0.0000,1.0000,False,False,False
14621,1.0000,0.0000,False,False,False
14622,1.0000,0.0000,False,False,False
14623,1.0000,0.0000,False,False,False
14624,0.0000,1.0000,False,False,False
14625,1.0000,0.0000,False,False,False
14626,1.0000,0.0000,False,False,False
14627,1.0000,0.0000,False,False,False
14628,1.0000,0.0000,False,False,False
14629,0.0000,1.0000,False,False,False
14630,1.0000,0.0000,False,False,False
14631,1.0000,0.0000,False,False,False
14632,0.0000,1.0000,False,False,False
14633,1.0000,0.0000,False,False,False
14634,1.0000,0.0000,False,False,False
14635,1.0000,0.0000,False,False,False
14636,1.0000,0.0000,False,False,False
14637,1.0000,0.0000,False,False,False
14638,1.0000,0.0000,False,False,False
14639,1.0000,0.0000,False,False,False
14640,1.0000,0.0000,False,False,False
14641,1.0000,0.0000,False,False,False
14642,1.0000,0.0000,False,False,False
14643,0.0000,1.0000,False,False,False
14644,1.0000,0.0000,False,False,False
14645,1.0000,0.0000,False,False,False
14646,1.0000,0.0000,False,False,False
14647,1.0000,0.0000,False,False,False
14648,0.0000,1.0000,False,False,False
14649,1.0000,0.0000,False,False,False
14650,1.0000,0.0000,False,False,False
14651,1.0000,0.0000,False,False,False
14652,1.0000,0.0000,False,False,False
14653,1.0000,0.0000,False,False,False
14654,0.0000,1.0000,False,False,False
14655,1.0000,0.0000,False,False,False
14656,0.0000,1.0000,False,False,False
14657,0.0000,1.0000,False,False,False
14658,1.0000,0.0000,False,False,False
14659,1.0000,0.0000,False,False,False
14660,0.0000,1.0000,False,False,False
14661,0.0000,1.0000,False,False,False
14662,1.0000,0.0000,False,False,False
14663,1.0000,0.0000,False,False,False
14664,0.0000,1.0000,False,False,False
14665,0.0000,1.0000,False,False,False
14666,0.0000,1.0000,False,False,False
14667,1.0000,0.0000,False,False,False
14668,1.0000,0.0000,False,False,False
14669,1.0000,0.0000,False,False,False
14670,0.0000,1.0000,False,False,False
14671,1.0000,0.0000,False,False,False
14672,1.0000,0.0000,False,False,False
14673,1.0000,0.0000,False,False,False
14674,1.0000,0.0000,False,False,False
14675,1.0000,0.0000,False,False,False
14676,1.0000,0.0000,False,False,False
14677,1.0000,0.0000,False,False,False
14678,0.0000,1.0000,False,False,False
14679,0.0000,1.0000,False,False,False
14680,1.0000,0.0000,False,False,False
14681,1.0000,0.0000,False,False,False
14682,0.0000,1.0000,False,False,False
14683,1.0000,0.0000,False,False,False
14684,0.0000,1.0000,False,False,False
14685,0.0000,1.0000,False,False,False
14686,1.0000,0.0000,False,False,False
14687,1.0000,0.0000,False,False,False
14688,1.0000,0.0000,False,False,False
14689,1.0000,0.0000,False,False,False
14690,1.0000,0.0000,False,False,False
14691,1.0000,0.0000,False,False,False
14692,1.0000,0.0000,False,False,False
14693,1.0000,0.0000,False,False,False
14694,1.0000,0.0000,False,False,False
14695,1.0000,0.0000,False,False,False
14696,1.0000,0.0000,False,False,False
14697,0.0000,1.0000,False,False,False
14698,1.0000,0.0000,False,False,False
14699,1.0000,0.0000,False,False,False
14700,1.0000,0.0000,False,False,False
14701,1.0000,0.0000,False,False,False
14702,0.0000,1.0000,False,False,False
14703,1.0000,0.0000,False,False,False
14704,1.0000,0.0000,False,False,False
14705,1.0000,0.0000,False,False,False
14706,0.0000,1.0000,False,False,False
14707,0.0000,1.0000,False,False,False
14708,1.0000,0.0000,False,False,False
14709,0.0000,1.0000,False,False,False
14710,1.0000,0.0000,False,False,False
14711,1.0000,0.0000,False,False,False
14712,0.0000,1.0000,False,False,False
14713,1.0000,0.0000,False,False,False
14714,0.0000,1.0000,False,False,False
14715,0.0000,1.0000,False,False,False
14716,1.0000,0.0000,False,False,False
14717,1.0000,0.0000,False,False,False
14718,1.0000,0.0000,False,False,False
14719,0.0000,1.0000,False,False,False
14720,0.0000,1.0000,False,False,False
14721,1.0000,0.0000,False,False,False
14722,1.0000,0.0000,False,False,False
14723,1.0000,0.0000,False,False,False
14724,0.0000,1.0000,False,False,False
14725,1.0000,0.0000,False,False,False
14726,1.0000,0.0000,False,False,False
14727,0.0000,1.0000,False,False,False
14728,1.0000,0.0000,False,False,False
14729,1.0000,0.0000,False,False,False
14730,0.0000,1.0000,False,False,False
14731,0.0000,1.0000,False,False,False
14732,1.0000,0.0000,False,False,False
14733,1.0000,0.0000,False,False,False
14734,1.0000,0.0000,False,False,False
14735,1.0000,0.0000,False,False,False
14736,1.0000,0.0000,False,False,False
14737,0.0000,1.0000,False,False,False
14738,1.0000,0.0000,False,False,False
14739,0.0000,1.0000,False,False,False
14740,1.0000,0.0000,False,False,False
14741,1.0000,0.0000,False,False,False
14742,0.0000,1.0000,False,False,False
14743,1.0000,0.0000,False,False,False
14744,1.0000,0.0000,False,False,False
14745,1.0000,0.0000,False,False,False
14746,1.0000,0.0000,False,False,False
14747,1.0000,0.0000,False,False,False
14748,1.0000,0.0000,False,False,False
14749,0.0000,1.0000,False,False,False
14750,1.0000,0.0000,False,False,False
14751,1.0000,0.0000,False,False,False
14752,1.0000,0.0000,False,False,False
14753,1.0000,0.0000,False,False,False
14754,1.0000,0.0000,False,False,False
14755,1.0000,0.0000,False,False,False
14756,1.0000,0.0000,False,False,False
14757,1.0000,0.0000,False,False,False
14758,0.0000,1.0000,False,False,False
14759,1.0000,0.0000,False,False,False
14760,1.0000,0.0000,False,False,False
14761,0.0000,1.0000,False,False,False
14762,1.0000,0.0000,False,False,False
14763,0.0000,1.0000,False,False,False
14764,1.0000,0.0000,False,False,False
14765,1.0000,0.0000,False,False,False
14766,1.0000,0.0000,False,False,False
14767,0.0000,1.0000,False,False,False
14768,1.0000,0.0000,False,False,False
14769,0.0000,1.0000,False,False,False
14770,0.0000,1.0000,False,False,False
14771,1.0000,0.0000,False,False,False
14772,1.0000,0.0000,False,False,False
14773,0.0000,1.0000,False,False,False
14774,1.0000,0.0000,False,False,False
14775,1.0000,0.0000,False,False,False
14776,0.0000,1.0000,False,False,False
14777,0.0000,1.0000,False,False,False
14778,0.0000,1.0000,False,False,False
14779,1.0000,0.0000,False,False,False
14780,1.0000,0.0000,False,False,False
14781,1.0000,0.0000,False,False,False
14782,1.0000,0.0000,False,False,False
14783,1.0000,0.0000,False,False,False
14784,1.0000,0.0000,False,False,False
14785,0.0000,1.0000,False,False,False
14786,1.0000,0.0000,False,False,False
14787,0.0000,1.0000,False,False,False
14788,1.0000,0.0000,False,False,False
14789,1.0000,0.0000,False,False,False
14790,1.0000,0.0000,False,False,False
14791,0.0000,1.0000,False,False,False
14792,0.0000,1.0000,False,False,False
14793,1.0000,0.0000,False,False,False
14794,1.0000,0.0000,False,False,False
14795,1.0000,0.0000,False,False,False
14796,1.0000,0.0000,False,False,False
14797,1.0000,0.0000,False,False,False
14798,0.0000,1.0000,False,False,False
14799,1.0000,0.0000,False,False,False
14800,1.0000,0.0000,False,False,False
14801,1.0000,0.0000,False,False,False
14802,1.0000,0.0000,False,False,False
14803,1.0000,0.0000,False,False,False
14804,0.0000,1.0000,False,False,False
14805,1.0000,0.0000,False,False,False
14806,0.0000,1.0000,False,False,False
14807,1.0000,0.0000,False,False,False
14808,0.0000,1.0000,False,False,False
14809,1.0000,0.0000,False,False,False
14810,1.0000,0.0000,False,False,False
14811,1.0000,0.0000,False,False,False
14812,1.0000,0.0000,False,False,False
14813,1.0000,0.0000,False,False,False
14814,1.0000,0.0000,False,False,False
14815,1.0000,0.0000,False,False,False
14816,1.0000,0.0000,False,False,False
14817,1.0000,0.0000,False,False,False
14818,1.0000,0.0000,False,False,False
14819,1.0000,0.0000,False,False,False
14820,1.0000,0.0000,False,False,False
14821,1.0000,0.0000,False,False,False
14822,1.0000,0.0000,False,False,False
14823,1.0000,0.0000,False,False,False
14824,0.0000,1.0000,False,False,False
14825,1.0000,0.0000,False,False,False
14826,1.0000,0.0000,False,False,False
14827,1.0000,0.0000,False,False,False
14828,1.0000,0.0000,False,False,False
14829,1.0000,0.0000,False,False,False
14830,1.0000,0.0000,False,False,False
14831,0.0000,1.0000,False,False,False
14832,1.0000,0.0000,False,False,False
14833,0.0000,1.0000,False,False,False
14834,1.0000,0.0000,False,False,False
14835,1.0000,0.0000,False,False,False
14836,1.0000,0.0000,False,False,False
14837,1.0000,0.0000,False,False,False
14838,1.0000,0.0000,False,False,False
14839,0.0000,1.0000,False,False,False
14840,1.0000,0.0000,False,False,False
14841,1.0000,0.0000,False,False,False
14842,0.0000,1.0000,False,False,False
14843,1.0000,0.0000,False,False,False
14844,1.0000,0.0000,False,False,False
14845,1.0000,0.0000,False,False,False
14846,1.0000,0.0000,False,False,False
14847,0.0000,1.0000,False,False,False
14848,1.0000,0.0000,False,False,False
14849,0.0000,1.0000,False,False,False
14850,1.0000,0.0000,False,False,False
14851,1.0000,0.0000,False,False,False
14852,1.0000,0.0000,False,False,False
14853,0.0000,1.0000,False,False,False
14854,1.0000,0.0000,False,False,False
14855,1.0000,0.0000,False,False,False
14856,1.0000,0.0000,False,False,False
14857,1.0000,0.0000,False,False,False
14858,1.0000,0.0000,False,False,False
14859,1.0000,0.0000,False,False,False
14860,1.0000,0.0000,False,False,False
14861,1.0000,0.0000,False,False,False
14862,1.0000,0.0000,False,False,False
14863,0.0000,1.0000,False,False,False
14864,1.0000,0.0000,False,False,False
14865,1.0000,0.0000,False,False,False
14866,1.0000,0.0000,False,False,False
14867,1.0000,0.0000,False,False,False
14868,1.0000,0.0000,False,False,False
14869,1.0000,0.0000,False,False,False
14870,1.0000,0.0000,False,False,False
14871,0.0000,1.0000,False,False,False
14872,1.0000,0.0000,False,False,False
14873,1.0000,0.0000,False,False,False
14874,1.0000,0.0000,False,False,False
14875,1.0000,0.0000,False,False,False
14876,1.0000,0.0000,False,False,False
14877,1.0000,0.0000,False,False,False
14878,1.0000,0.0000,False,False,False
14879,1.0000,0.0000,False,False,False
14880,0.0000,1.0000,False,False,False
14881,1.0000,0.0000,False,False,False
14882,1.0000,0.0000,False,False,False
14883,1.0000,0.0000,False,False,False
14884,1.0000,0.0000,False,False,False
14885,1.0000,0.0000,False,False,False
14886,1.0000,0.0000,False,False,False
14887,1.0000,0.0000,False,False,False
14888,1.0000,0.0000,False,False,False
14889,1.0000,0.0000,False,False,False
14890,1.0000,0.0000,False,False,False
14891,1.0000,0.0000,False,False,False
14892,0.0000,1.0000,False,False,False
14893,1.0000,0.0000,False,False,False
14894,1.0000,0.0000,False,False,False
14895,1.0000,0.0000,False,False,False
14896,1.0000,0.0000,False,False,False
14897,1.0000,0.0000,False,False,False
14898,1.0000,0.0000,False,False,False
14899,1.0000,0.0000,False,False,False
14900,0.0000,1.0000,False,False,False
14901,0.0000,1.0000,False,False,False
14902,1.0000,0.0000,False,False,False
14903,0.0000,1.0000,False,False,False
14904,1.0000,0.0000,False,False,False
14905,1.0000,0.0000,False,False,False
14906,1.0000,0.0000,False,False,False
14907,1.0000,0.0000,False,False,False
14908,1.0000,0.0000,False,False,False
14909,1.0000,0.0000,False,False,False
14910,1.0000,0.0000,False,False,False
14911,0.0000,1.0000,False,False,False
14912,0.0000,1.0000,False,False,False
14913,1.0000,0.0000,False,False,False
14914,1.0000,0.0000,False,False,False
14915,1.0000,0.0000,False,False,False
14916,1.0000,0.0000,False,False,False
14917,0.0000,1.0000,False,False,False
14918,1.0000,0.0000,False,False,False
14919,1.0000,0.0000,False,False,False
14920,1.0000,0.0000,False,False,False
14921,1.0000,0.0000,False,False,False
14922,0.0000,1.0000,False,False,False
14923,0.0000,1.0000,False,False,False
14924,0.0000,1.0000,False,False,False
14925,1.0000,0.0000,False,False,False
14926,1.0000,0.0000,False,False,False
14927,1.0000,0.0000,False,False,False
14928,0.0000,1.0000,False,False,False
14929,0.0000,1.0000,False,False,False
14930,1.0000,0.0000,False,False,False
14931,1.0000,0.0000,False,False,False
14932,1.0000,0.0000,False,False,False
14933,0.0000,1.0000,False,False,False
14934,1.0000,0.0000,False,False,False
14935,0.0000,1.0000,False,False,False
14936,1.0000,0.0000,False,False,False
14937,1.0000,0.0000,False,False,False
14938,0.0000,1.0000,False,False,False
14939,1.0000,0.0000,False,False,False
14940,1.0000,0.0000,False,False,False
14941,1.0000,0.0000,False,False,False
14942,1.0000,0.0000,False,False,False
14943,1.0000,0.0000,False,False,False
14944,0.0000,1.0000,False,False,False
14945,1.0000,0.0000,False,False,False
14946,1.0000,0.0000,False,False,False
14947,1.0000,0.0000,False,False,False
14948,1.0000,0.0000,False,False,False
14949,0.0000,1.0000,False,False,False
14950,0.0000,1.0000,False,False,False
14951,0.0000,1.0000,False,False,False
14952,1.0000,0.0000,False,False,False
14953,0.0000,1.0000,False,False,False
14954,0.0000,1.0000,False,False,False
14955,0.0000,1.0000,False,False,False
14956,1.0000,0.0000,False,False,False
14957,1.0000,0.0000,False,False,False
14958,1.0000,0.0000,False,False,False
14959,1.0000,0.0000,False,False,False
14960,1.0000,0.0000,False,False,False
14961,1.0000,0.0000,False,False,False
14962,1.0000,0.0000,False,False,False
14963,1.0000,0.0000,False,False,False
14964,1.0000,0.0000,False,False,False
14965,1.0000,0.0000,False,False,False
14966,0.0000,1.0000,False,False,False
14967,0.0000,1.0000,False,False,False
14968,0.0000,1.0000,False,False,False
14969,1.0000,0.0000,False,False,False
14970,0.0000,1.0000,False,False,False
14971,1.0000,0.0000,False,False,False
14972,1.0000,0.0000,False,False,False
14973,1.0000,0.0000,False,False,False
14974,1.0000,0.0000,False,False,False
14975,1.0000,0.0000,False,False,False
14976,1.0000,0.0000,False,False,False
14977,0.0000,1.0000,False,False,False
14978,0.0000,1.0000,False,False,False
14979,0.0000,1.0000,False,False,False
14980,0.0000,1.0000,False,False,False
14981,1.0000,0.0000,False,False,False
14982,1.0000,0.0000,False,False,False
14983,0.0000,1.0000,False,False,False
14984,1.0000,0.0000,False,False,False
14985,0.0000,1.0000,False,False,False
14986,0.0000,1.0000,False,False,False
14987,1.0000,0.0000,False,False,False
14988,1.0000,0.0000,False,False,False
14989,1.0000,0.0000,False,False,False
14990,0.0000,1.0000,False,False,False
14991,0.0000,1.0000,False,False,False
14992,1.0000,0.0000,False,False,False
14993,1.0000,0.0000,False,False,False
14994,0.0000,1.0000,False,False,False
14995,1.0000,0.0000,False,False,False
14996,1.0000,0.0000,False,False,False
14997,1.0000,0.0000,False,False,False
14998,1.0000,0.0000,False,False,False
14999,1.0000,0.0000,False,False,False
15000,1.0000,0.0000,True,True,False
15001,1.0000,0.0000,True,True,False
15002,1.0000,0.0000,True,True,False
15003,1.0000,0.0000,True,True,False
15004,0.0000,1.0000,True,True,False
15005,1.0000,0.0000,True,True,False
15006,1.0000,0.0000,True,True,False
15007,1.0000,0.0000,True,True,False
15008,0.0000,1.0000,True,True,False
15009,1.0000,0.0000,True,True,False
15010,1.0000,0.0000,True,False,True
15011,1.0000,0.0000,False,False,False
15012,1.0000,0.0000,False,False,False
15013,0.0000,1.0000,False,False,False
15014,1.0000,0.0000,False,False,False
15015,1.0000,0.0000,False,False,False
15016,1.0000,0.0000,False,False,False
15017,0.0000,1.0000,False,False,False
15018,0.0000,1.0000,False,False,False
15019,1.0000,0.0000,False,False,False
15020,0.0000,1.0000,False,False,False
15021,0.0000,1.0000,False,False,False
15022,1.0000,0.0000,False,False,False
15023,1.0000,0.0000,False,False,False
15024,1.0000,0.0000,False,False,False
15025,0.0000,1.0000,False,False,False
15026,1.0000,0.0000,False,False,False
15027,1.0000,0.0000,False,False,False
15028,1.0000,0.0000,False,False,False
15029,1.0000,0.0000,False,False,False
15030,1.0000,0.0000,False,False,False
15031,1.0000,0.0000,False,False,False
15032,1.0000,0.0000,False,False,False
15033,1.0000,0.0000,False,False,False
15034,1.0000,0.0000,False,False,False
15035,1.0000,0.0000,False,False,False
15036,1.0000,0.0000,False,False,False
15037,1.0000,0.0000,False,False,False
15038,1.0000,0.0000,False,False,False
15039,1.0000,0.0000,False,False,False
15040,1.0000,0.0000,False,False,False
15041,1.0000,0.0000,False,False,False
15042,0.0000,1.0000,False,False,False
15043,0.0000,1.0000,False,False,False
15044,0.0000,1.0000,False,False,False
15045,1.0000,0.0000,False,False,False
15046,0.0000,1.0000,False,False,False
15047,1.0000,0.0000,False,False,False
15048,1.0000,0.0000,False,False,False
15049,1.0000,0.0000,False,False,False
15050,1.0000,0.0000,False,False,False
15051,1.0000,0.0000,False,False,False
15052,0.0000,1.0000,False,False,False
15053,0.0000,1.0000,False,False,False
15054,1.0000,0.0000,False,False,False
15055,1.0000,0.0000,False,False,False
15056,1.0000,0.0000,False,False,False
15057,0.0000,1.0000,False,False,False
15058,1.0000,0.0000,False,False,False
15059,0.0000,1.0000,False,False,False
15060,1.0000,0.0000,False,False,False
15061,1.0000,0.0000,False,False,False
15062,1.0000,0.0000,False,False,False
15063,1.0000,0.0000,False,False,False
15064,1.0000,0.0000,False,False,False
15065,0.0000,1.0000,False,False,False
15066,1.0000,0.0000,False,False,False
15067,1.0000,0.0000,False,False,False
15068,1.0000,0.0000,False,False,False
15069,0.0000,1.0000,False,False,False
15070,1.0000,0.0000,False,False,False
15071,1.0000,0.0000,False,False,False
15072,1.0000,0.0000,False,False,False
15073,1.0000,0.0000,False,False,False
15074,0.0000,1.0000,False,False,False
15075,1.0000,0.0000,False,False,False
15076,1.0000,0.0000,False,False,False
15077,1.0000,0.0000,False,False,False
15078,1.0000,0.0000,False,False,False
15079,1.0000,0.0000,False,False,False
15080,1.0000,0.0000,False,False,False
15081,0.0000,1.0000,False,False,False
15082,1.0000,0.0000,False,False,False
15083,1.0000,0.0000,False,False,False
15084,1.0000,0.0000,False,False,False
15085,1.0000,0.0000,False,False,False
15086,1.0000,0.0000,False,False,False
15087,1.0000,0.0000,False,False,False
15088,1.0000,0.0000,False,False,False
15089,1.0000,0.0000,False,False,False
15090,1.0000,0.0000,False,False,False
15091,1.0000,0.0000,False,False,False
15092,1.0000,0.0000,False,False,False
15093,0.0000,1.0000,False,False,False
15094,1.0000,0.0000,False,False,False
15095,1.0000,0.0000,False,False,False
15096,1.0000,0.0000,False,False,False
15097,1.0000,0.0000,False,False,False
15098,1.0000,0.0000,False,False,False
15099,0.0000,1.0000,False,False,False
15100,1.0000,0.0000,False,False,False
15101,0.0000,1.0000,False,False,False
15102,0.0000,1.0000,False,False,False
15103,1.0000,0.0000,False,False,False
15104,1.0000,0.0000,False,False,False
15105,1.0000,0.0000,False,False,False
15106,1.0000,0.0000,False,False,False
15107,0.0000,1.0000,False,False,False
15108,1.0000,0.0000,False,False,False
15109,1.0000,0.0000,False,False,False
15110,1.0000,0.0000,False,False,False
15111,1.0000,0.0000,False,False,False
15112,1.0000,0.0000,False,False,False
15113,1.0000,0.0000,False,False,False
15114,0.0000,1.0000,False,False,False
15115,1.0000,0.0000,False,False,False
15116,1.0000,0.0000,False,False,False
15117,1.0000,0.0000,False,False,False
15118,1.0000,0.0000,False,False,False
15119,1.0000,0.0000,False,False,False
15120,1.0000,0.0000,False,False,False
15121,1.0000,0.0000,False,False,False
15122,1.0000,0.0000,False,False,False
15123,1.0000,0.0000,False,False,False
15124,1.0000,0.0000,False,False,False
15125,1.0000,0.0000,False,False,False
15126,1.0000,0.0000,False,False,False
15127,1.0000,0.0000,False,False,False
15128,1.0000,0.0000,False,False,False
15129,1.0000,0.0000,False,False,False
15130,1.0000,0.0000,False,False,False
15131,1.0000,0.0000,False,False,False
15132,1.0000,0.0000,False,False,False
15133,1.0000,0.0000,False,False,False
15134,1.0000,0.0000,False,False,False
15135,0.0000,1.0000,False,False,False
15136,1.0000,0.0000,False,False,False
15137,1.0000,0.0000,False,False,False
15138,1.0000,0.0000,False,False,False
15139,1.0000,0.0000,False,False,False
15140,1.0000,0.0000,False,False,False
15141,1.0000,0.0000,False,False,False
15142,1.0000,0.0000,False,False,False
15143,0.0000,1.0000,False,False,False
15144,1.0000,0.0000,False,False,False
15145,0.0000,1.0000,False,False,False
15146,0.0000,1.0000,False,False,False
15147,1.0000,0.0000,False,False,False
15148,0.0000,1.0000,False,False,False
15149,0.0000,1.0000,False,False,False
15150,1.0000,0.0000,False,False,False
15151,1.0000,0.0000,False,False,False
15152,0.0000,1.0000,False,False,False
15153,0.0000,1.0000,False,False,False
15154,0.0000,1.0000,False,False,False
15155,0.0000,1.0000,False,False,False
15156,1.0000,0.0000,False,False,False
15157,0.0000,1.0000,False,False,False
15158,1.0000,0.0000,False,False,False
15159,1.0000,0.0000,False,False,False
15160,1.0000,0.0000,False,False,False
15161,1.0000,0.0000,False,False,False
15162,1.0000,0.0000,False,False,False
15163,1.0000,0.0000,False,False,False
15164,0.0000,1.0000,False,False,False
15165,1.0000,0.0000,False,False,False
15166,0.0000,1.0000,False,False,False
15167,0.0000,1.0000,False,False,False
15168,1.0000,0.0000,False,False,False
15169,0.0000,1.0000,False,False,False
15170,1.0000,0.0000,False,False,False
15171,0.0000,1.0000,False,False,False
15172,0.0000,1.0000,False,False,False
15173,0.0000,1.0000,False,False,False
15174,1.0000,0.0000,False,False,False
15175,1.0000,0.0000,False,False,False
15176,1.0000,0.0000,False,False,False
15177,1.0000,0.0000,False,False,False
15178,0.0000,1.0000,False,False,False
15179,1.0000,0.0000,False,False,False
15180,0.0000,1.0000,False,False,False
15181,1.0000,0.0000,False,False,False
15182,1.0000,0.0000,False,False,False
15183,1.0000,0.0000,False,False,False
15184,1.0000,0.0000,False,False,False
15185,1.0000,0.0000,False,False,False
15186,1.0000,0.0000,False,False,False
15187,1.0000,0.0000,False,False,False
15188,1.0000,0.0000,False,False,False
15189,0.0000,1.0000,False,False,False
15190,1.0000,0.0000,False,False,False
15191,1.0000,0.0000,False,False,False
15192,1.0000,0.0000,False,False,False
15193,1.0000,0.0000,False,False,False
15194,1.0000,0.0000,False,False,False
15195,1.0000,0.0000,False,False,False
15196,0.0000,1.0000,False,False,False
15197,1.0000,0.0000,False,False,False
15198,1.0000,0.0000,False,False,False
15199,1.0000,0.0000,False,False,False
15200,1.0000,0.0000,False,False,False
15201,0.0000,1.0000,False,False,False
15202,1.0000,0.0000,False,False,False
15203,0.0000,1.0000,False,False,False
15204,1.0000,0.0000,False,False,False
15205,1.0000,0.0000,False,False,False
15206,1.0000,0.0000,False,False,False
15207,1.0000,0.0000,False,False,False
15208,1.0000,0.0000,False,False,False
15209,1.0000,0.0000,False,False,False
15210,0.0000,1.0000,False,False,False
15211,0.0000,1.0000,False,False,False
15212,1.0000,0.0000,False,False,False
15213,1.0000,0.0000,False,False,False
15214,0.0000,1.0000,False,False,False
15215,1.0000,0.0000,False,False,False
15216,0.0000,1.0000,False,False,False
15217,1.0000,0.0000,False,False,False
15218,1.0000,0.0000,False,False,False
15219,1.0000,0.0000,False,False,False
15220,0.0000,1.0000,False,False,False
15221,1.0000,0.0000,False,False,False
15222,1.0000,0.0000,False,False,False
15223,1.0000,0.0000,False,False,False
15224,0.0000,1.0000,False,False,False
15225,0.0000,1.0000,False,False,False
15226,1.0000,0.0000,False,False,False
15227,1.0000,0.0000,False,False,False
15228,0.0000,1.0000,False,False,False
15229,1.0000,0.0000,False,False,False
15230,0.0000,1.0000,False,False,False
15231,1.0000,0.0000,False,False,False
15232,0.0000,1.0000,False,False,False
15233,1.0000,0.0000,False,False,False
15234,1.0000,0.0000,False,False,False
15235,1.0000,0.0000,False,False,False
15236,1.0000,0.0000,False,False,False
15237,0.0000,1.0000,False,False,False
15238,0.0000,1.0000,False,False,False
15239,1.0000,0.0000,False,False,False
15240,1.0000,0.0000,False,False,False
15241,0.0000,1.0000,False,False,False
15242,1.0000,0.0000,False,False,False
15243,1.0000,0.0000,False,False,False
15244,1.0000,0.0000,False,False,False
15245,1.0000,0.0000,False,False,False
15246,1.0000,0.0000,False,False,False
15247,1.0000,0.0000,False,False,False
15248,1.0000,0.0000,False,False,False
15249,1.0000,0.0000,False,False,False
15250,1.0000,0.0000,False,False,False
15251,0.0000,1.0000,False,False,False
15252,1.0000,0.0000,False,False,False
15253,0.0000,1.0000,False,False,False
15254,1.0000,0.0000,False,False,False
15255,0.0000,1.0000,False,False,False
15256,1.0000,0.0000,False,False,False
15257,1.0000,0.0000,False,False,False
15258,0.0000,1.0000,False,False,False
15259,1.0000,0.0000,False,False,False
15260,1.0000,0.0000,False,False,False
15261,1.0000,0.0000,False,False,False
15262,1.0000,0.0000,False,False,False
15263,0.0000,1.0000,False,False,False
15264,1.0000,0.0000,False,False,False
15265,0.0000,1.0000,False,False,False
15266,1.0000,0.0000,False,False,False
15267,1.0000,0.0000,False,False,False
15268,1.0000,0.0000,False,False,False
15269,1.0000,0.0000,False,False,False
15270,0.0000,1.0000,False,False,False
15271,0.0000,1.0000,False,False,False
15272,1.0000,0.0000,False,False,False
15273,1.0000,0.0000,False,False,False
15274,1.0000,0.0000,False,False,False
15275,1.0000,0.0000,False,False,False
15276,0.0000,1.0000,False,False,False
15277,1.0000,0.0000,False,False,False
15278,0.0000,1.0000,False,False,False
15279,0.0000,1.0000,False,False,False
15280,1.0000,0.0000,False,False,False
15281,1.0000,0.0000,False,False,False
15282,1.0000,0.0000,False,False,False
15283,1.0000,0.0000,False,False,False
15284,1.0000,0.0000,False,False,False
15285,1.0000,0.0000,False,False,False
15286,0.0000,1.0000,False,False,False
15287,0.0000,1.0000,False,False,False
15288,1.0000,0.0000,False,False,False
15289,1.0000,0.0000,False,False,False
15290,1.0000,0.0000,False,False,False
15291,1.0000,0.0000,False,False,False
15292,1.0000,0.0000,False,False,False
15293,0.0000,1.0000,False,False,False
15294,0.0000,1.0000,False,False,False
15295,0.0000,1.0000,False,False,False
15296,1.0000,0.0000,False,False,False
15297,1.0000,0.0000,False,False,False
15298,1.0000,0.0000,False,False,False
15299,1.0000,0.0000,False,False,False
15300,1.0000,0.0000,False,False,False
15301,1.0000,0.0000,False,False,False
15302,1.0000,0.0000,False,False,False
15303,1.0000,0.0000,False,False,False
15304,1.0000,0.0000,False,False,False
15305,1.0000,0.0000,False,False,False
15306,1.0000,0.0000,False,False,False
15307,1.0000,0.0000,False,False,False
15308,0.0000,1.0000,False,False,False
15309,1.0000,0.0000,False,False,False
15310,1.0000,0.0000,False,False,False
15311,1.0000,0.0000,False,False,False
15312,1.0000,0.0000,False,False,False
15313,1.0000,0.0000,False,False,False
15314,0.0000,1.0000,False,False,False
15315,0.0000,1.0000,False,False,False
15316,1.0000,0.0000,False,False,False
15317,1.0000,0.0000,False,False,False
15318,1.0000,0.0000,False,False,False
15319,1.0000,0.0000,False,False,False
15320,1.0000,0.0000,False,False,False
15321,1.0000,0.0000,False,False,False
15322,1.0000,0.0000,False,False,False
15323,1.0000,0.0000,False,False,False
15324,1.0000,0.0000,False,False,False
15325,1.0000,0.0000,False,False,False
15326,0.0000,1.0000,False,False,False
15327,0.0000,1.0000,False,False,False
15328,1.0000,0.0000,False,False,False
15329,1.0000,0.0000,False,False,False
15330,1.0000,0.0000,False,False,False
15331,1.0000,0.0000,False,False,False
15332,0.0000,1.0000,False,False,False
15333,1.0000,0.0000,False,False,False
15334,1.0000,0.0000,False,False,False
15335,1.0000,0.0000,False,False,False
15336,1.0000,0.0000,False,False,False
15337,1.0000,0.0000,False,False,False
15338,1.0000,0.0000,False,False,False
15339,1.0000,0.0000,False,False,False
15340,0.0000,1.0000,False,False,False
15341,1.0000,0.0000,False,False,False
15342,1.0000,0.0000,False,False,False
15343,1.0000,0.0000,False,False,False
15344,1.0000,0.0000,False,False,False
15345,1.0000,0.0000,False,False,False
15346,1.0000,0.0000,False,False,False
15347,1.0000,0.0000,False,False,False
15348,1.0000,0.0000,False,False,False
15349,0.0000,1.0000,False,False,False
15350,1.0000,0.0000,False,False,False
15351,1.0000,0.0000,False,False,False
15352,1.0000,0.0000,False,False,False
15353,1.0000,0.0000,False,False,False
15354,1.0000,0.0000,False,False,False
15355,1.0000,0.0000,False,False,False
15356,0.0000,1.0000,False,False,False
15357,1.0000,0.0000,False,False,False
15358,0.0000,1.0000,False,False,False
15359,1.0000,0.0000,False,False,False
15360,1.0000,0.0000,False,False,False
15361,1.0000,0.0000,False,False,False
15362,1.0000,0.0000,False,False,False
15363,1.0000,0.0000,False,False,False
15364,1.0000,0.0000,False,False,False
15365,1.0000,0.0000,False,False,False
15366,0.0000,1.0000,False,False,False
15367,1.0000,0.0000,False,False,False
15368,1.0000,0.0000,False,False,False
15369,1.0000,0.0000,False,False,False
15370,1.0000,0.0000,False,False,False
15371,1.0000,0.0000,False,False,False
15372,1.0000,0.0000,False,False,False
15373,0.0000,1.0000,False,False,False
15374,1.0000,0.0000,False,False,False
15375,1.0000,0.0000,False,False,False
15376,1.0000,0.0000,False,False,False
15377,1.0000,0.0000,False,False,False
15378,0.0000,1.0000,False,False,False
15379,1.0000,0.0000,False,False,False
15380,1.0000,0.0000,False,False,False
15381,1.0000,0.0000,False,False,False
15382,0.0000,1.0000,False,False,False
15383,0.0000,1.0000,False,False,False
15384,0.0000,1.0000,False,False,False
15385,0.0000,1.0000,False,False,False
15386,1.0000,0.0000,False,False,False
15387,1.0000,0.0000,False,False,False
15388,0.0000,1.0000,False,False,False
15389,1.0000,0.0000,False,False,False
15390,1.0000,0.0000,False,False,False
15391,1.0000,0.0000,False,False,False
15392,1.0000,0.0000,False,False,False
15393,1.0000,0.0000,False,False,False
15394,1.0000,0.0000,False,False,False
15395,1.0000,0.0000,False,False,False
15396,1.0000,0.0000,False,False,False
15397,0.0000,1.0000,False,False,False
15398,1.0000,0.0000,False,False,False
15399,0.0000,1.0000,False,False,False
15400,1.0000,0.0000,False,False,False
15401,1.0000,0.0000,False,False,False
15402,1.0000,0.0000,False,False,False
15403,1.0000,0.0000,False,False,False
15404,1.0000,0.0000,False,False,False
15405,0.0000,1.0000,False,False,False
15406,1.0000,0.0000,False,False,False
15407,0.0000,1.0000,False,False,False
15408,1.0000,0.0000,False,False,False
15409,1.0000,0.0000,False,False,False
15410,0.0000,1.0000,False,False,False
15411,1.0000,0.0000,False,False,False
15412,0.0000,1.0000,False,False,False
15413,1.0000,0.0000,False,False,False
15414,1.0000,0.0000,False,False,False
15415,1.0000,0.0000,False,False,False
15416,0.0000,1.0000,False,False,False
15417,1.0000,0.0000,False,False,False
15418,1.0000,0.0000,False,False,False
15419,1.0000,0.0000,False,False,False
15420,1.0000,0.0000,False,False,False
15421,0.0000,1.0000,False,False,False
15422,1.0000,0.0000,False,False,False
15423,1.0000,0.0000,False,False,False
15424,1.0000,0.0000,False,False,False
15425,1.0000,0.0000,False,False,False
15426,1.0000,0.0000,False,False,False
15427,1.0000,0.0000,False,False,False
15428,1.0000,0.0000,False,False,False
15429,1.0000,0.0000,False,False,False
15430,1.0000,0.0000,False,False,False
15431,0.0000,1.0000,False,False,False
15432,1.0000,0.0000,False,False,False
15433,1.0000,0.0000,False,False,False
15434,1.0000,0.0000,False,False,False
15435,0.0000,1.0000,False,False,False
15436,1.0000,0.0000,False,False,False
15437,0.0000,1.0000,False,False,False
15438,1.0000,0.0000,False,False,False
15439,0.0000,1.0000,False,False,False
15440,1.0000,0.0000,False,False,False
15441,1.0000,0.0000,False,False,False
15442,0.0000,1.0000,False,False,False
15443,0.0000,1.0000,False,False,False
15444,0.0000,1.0000,False,False,False
15445,1.0000,0.0000,False,False,False
15446,1.0000,0.0000,False,False,False
15447,1.0000,0.0000,False,False,False
15448,1.0000,0.0000,False,False,False
15449,1.0000,0.0000,False,False,False
15450,1.0000,0.0000,False,False,False
15451,1.0000,0.0000,False,False,False
15452,1.0000,0.0000,False,False,False
15453,1.0000,0.0000,False,False,False
15454,1.0000,0.0000,False,False,False
15455,1.0000,0.0000,False,False,False
15456,1.0000,0.0000,False,False,False
15457,0.0000,1.0000,False,False,False
15458,1.0000,0.0000,False,False,False
15459,1.0000,0.0000,False,False,False
15460,1.0000,0.0000,False,False,False
15461,1.0000,0.0000,False,False,False
15462,1.0000,0.0000,False,False,False
15463,1.0000,0.0000,False,False,False
15464,1.0000,0.0000,False,False,False
15465,1.0000,0.0000,False,False,False
15466,0.0000,1.0000,False,False,False
15467,1.0000,0.0000,False,False,False
15468,1.0000,0.0000,False,False,False
15469,1.0000,0.0000,False,False,False
15470,1.0000,0.0000,False,False,False
15471,1.0000,0.0000,False,False,False
15472,1.0000,0.0000,False,False,False
15473,1.0000,0.0000,False,False,False
15474,0.0000,1.0000,False,False,False
15475,0.0000,1.0000,False,False,False
15476,0.0000,1.0000,False,False,False
15477,1.0000,0.0000,False,False,False
15478,1.0000,0.0000,False,False,False
15479,0.0000,1.0000,False,False,False
15480,1.0000,0.0000,False,False,False
15481,1.0000,0.0000,False,False,False
15482,1.0000,0.0000,False,False,False
15483,1.0000,0.0000,False,False,False
15484,0.0000,1.0000,False,False,False
15485,1.0000,0.0000,False,False,False
15486,1.0000,0.0000,False,False,False
15487,0.0000,1.0000,False,False,False
15488,1.0000,0.0000,False,False,False
15489,1.0000,0.0000,False,False,False
15490,1.0000,0.0000,False,False,False
15491,0.0000,1.0000,False,False,False
15492,1.0000,0.0000,False,False,False
15493,0.0000,1.0000,False,False,False
15494,1.0000,0.0000,False,False,False
15495,1.0000,0.0000,False,False,False
15496,0.0000,1.0000,False,False,False
15497,1.0000,0.0000,False,False,False
15498,1.0000,0.0000,False,False,False
15499,1.0000,0.0000,False,False,False
15500,1.0000,0.0000,False,False,False
15501,0.0000,1.0000,False,False,False
15502,1.0000,0.0000,False,False,False
15503,1.0000,0.0000,False,False,False
15504,1.0000,0.0000,False,False,False
15505,1.0000,0.0000,False,False,False
15506,1.0000,0.0000,False,False,False
15507,1.0000,0.0000,False,False,False
15508,1.0000,0.0000,False,False,False
15509,0.0000,1.0000,False,False,False
15510,1.0000,0.0000,False,False,False
15511,1.0000,0.0000,False,False,False
15512,1.0000,0.0000,False,False,False
15513,0.0000,1.0000,False,False,False
15514,1.0000,0.0000,False,False,False
15515,1.0000,0.0000,False,False,False
15516,0.0000,1.0000,False,False,False
15517,1.0000,0.0000,False,False,False
15518,0.0000,1.0000,False,False,False
15519,1.0000,0.0000,False,False,False
15520,1.0000,0.0000,False,False,False
15521,1.0000,0.0000,False,False,False
15522,1.0000,0.0000,False,False,False
15523,1.0000,0.0000,False,False,False
15524,1.0000,0.0000,False,False,False
15525,1.0000,0.0000,False,False,False
15526,1.0000,0.0000,False,False,False
15527,1.0000,0.0000,False,False,False
15528,1.0000,0.0000,False,False,False
15529,1.0000,0.0000,False,False,False
15530,1.0000,0.0000,False,False,False
15531,1.0000,0.0000,False,False,False
15532,1.0000,0.0000,False,False,False
15533,1.0000,0.0000,False,False,False
15534,1.0000,0.0000,False,False,False
15535,1.0000,0.0000,False,False,False
15536,1.0000,0.0000,False,False,False
15537,1.0000,0.0000,False,False,False
15538,1.0000,0.0000,False,False,False
15539,0.0000,1.0000,False,False,False
15540,1.0000,0.0000,False,False,False
15541,0.0000,1.0000,False,False,False
15542,1.0000,0.0000,False,False,False
15543,1.0000,0.0000,False,False,False
15544,0.0000,1.0000,False,False,False
15545,1.0000,0.0000,False,False,False
15546,1.0000,0.0000,False,False,False
15547,1.0000,0.0000,False,False,False
15548,1.0000,0.0000,False,False,False
15549,1.0000,0.0000,False,False,False
15550,1.0000,0.0000,False,False,False
15551,1.0000,0.0000,False,False,False
15552,0.0000,1.0000,False,False,False
15553,1.0000,0.0000,False,False,False
15554,0.0000,1.0000,False,False,False
15555,1.0000,0.0000,False,False,False
15556,1.0000,0.0000,False,False,False
15557,1.0000,0.0000,False,False,False
15558,1.0000,0.0000,False,False,False
15559,1.0000,0.0000,False,False,False
15560,1.0000,0.0000,False,False,False
15561,1.0000,0.0000,False,False,False
15562,1.0000,0.0000,False,False,False
15563,1.0000,0.0000,False,False,False
15564,1.0000,0.0000,False,False,False
15565,1.0000,0.0000,False,False,False
15566,1.0000,0.0000,False,False,False
15567,1.0000,0.0000,False,False,False
15568,1.0000,0.0000,False,False,False
15569,1.0000,0.0000,False,False,False
15570,1.0000,0.0000,False,False,False
15571,1.0000,0.0000,False,False,False
15572,1.0000,0.0000,False,False,False
15573,1.0000,0.0000,False,False,False
15574,1.0000,0.0000,False,False,False
15575,1.0000,0.0000,False,False,False
15576,0.0000,1.0000,False,False,False
15577,1.0000,0.0000,False,False,False
15578,0.0000,1.0000,False,False,False
15579,1.0000,0.0000,False,False,False
15580,1.0000,0.0000,False,False,False
15581,1.0000,0.0000,False,False,False
15582,1.0000,0.0000,False,False,False
15583,1.0000,0.0000,False,False,False
15584,1.0000,0.0000,False,False,False
15585,1.0000,0.0000,False,False,False
15586,1.0000,0.0000,False,False,False
15587,0.0000,1.0000,False,False,False
15588,1.0000,0.0000,False,False,False
15589,1.0000,0.0000,False,False,False
15590,1.0000,0.0000,False,False,False
15591,1.0000,0.0000,False,False,False
15592,0.0000,1.0000,False,False,False
15593,1.0000,0.0000,False,False,False
15594,1.0000,0.0000,False,False,False
15595,1.0000,0.0000,False,False,False
15596,0.0000,1.0000,False,False,False
15597,1.0000,0.0000,False,False,False
15598,1.0000,0.0000,False,False,False
15599,0.0000,1.0000,False,False,False
15600,1.0000,0.0000,False,False,False
15601,0.0000,1.0000,False,False,False
15602,0.0000,1.0000,False,False,False
15603,1.0000,0.0000,False,False,False
15604,0.0000,1.0000,False,False,False
15605,1.0000,0.0000,False,False,False
15606,1.0000,0.0000,False,False,False
15607,0.0000,1.0000,False,False,False
15608,0.0000,1.0000,False,False,False
15609,1.0000,0.0000,False,False,False
15610,1.0000,0.0000,False,False,False
15611,1.0000,0.0000,False,False,False
15612,1.0000,0.0000,False,False,False
15613,1.0000,0.0000,False,False,False
15614,1.0000,0.0000,False,False,False
15615,1.0000,0.0000,False,False,False
15616,1.0000,0.0000,False,False,False
15617,1.0000,0.0000,False,False,False
15618,1.0000,0.0000,False,False,False
15619,1.0000,0.0000,False,False,False
15620,1.0000,0.0000,False,False,False
15621,1.0000,0.0000,False,False,False
15622,1.0000,0.0000,False,False,False
15623,1.0000,0.0000,False,False,False
15624,1.0000,0.0000,False,False,False
15625,1.0000,0.0000,False,False,False
15626,1.0000,0.0000,False,False,False
15627,1.0000,0.0000,False,False,False
15628,1.0000,0.0000,False,False,False
15629,0.0000,1.0000,False,False,False
15630,1.0000,0.0000,False,False,False
15631,1.0000,0.0000,False,False,False
15632,1.0000,0.0000,False,False,False
15633,1.0000,0.0000,False,False,False
15634,1.0000,0.0000,False,False,False
15635,1.0000,0.0000,False,False,False
15636,1.0000,0.0000,False,False,False
15637,1.0000,0.0000,False,False,False
15638,1.0000,0.0000,False,False,False
15639,1.0000,0.0000,False,False,False
15640,1.0000,0.0000,False,False,False
15641,1.0000,0.0000,False,False,False
15642,1.0000,0.0000,False,False,False
15643,1.0000,0.0000,False,False,False
15644,1.0000,0.0000,False,False,False
15645,1.0000,0.0000,False,False,False
15646,1.0000,0.0000,False,False,False
15647,1.0000,0.0000,False,False,False
15648,1.0000,0.0000,False,False,False
15649,1.0000,0.0000,False,False,False
15650,1.0000,0.0000,False,False,False
15651,1.0000,0.0000,False,False,False
15652,1.0000,0.0000,False,False,False
15653,0.0000,1.0000,False,False,False
15654,0.0000,1.0000,False,False,False
15655,0.0000,1.0000,False,False,False
15656,0.0000,1.0000,False,False,False
15657,1.0000,0.0000,False,False,False
15658,1.0000,0.0000,False,False,False
15659,0.0000,1.0000,False,False,False
15660,1.0000,0.0000,False,False,False
15661,1.0000,0.0000,False,False,False
15662,0.0000,1.0000,False,False,False
15663,0.0000,1.0000,False,False,False
15664,1.0000,0.0000,False,False,False
15665,1.0000,0.0000,False,False,False
15666,1.0000,0.0000,False,False,False
15667,0.0000,1.0000,False,False,False
15668,1.0000,0.0000,False,False,False
15669,1.0000,0.0000,False,False,False
15670,1.0000,0.0000,False,False,False
15671,1.0000,0.0000,False,False,False
15672,1.0000,0.0000,False,False,False
15673,1.0000,0.0000,False,False,False
15674,1.0000,0.0000,False,False,False
15675,1.0000,0.0000,False,False,False
15676,1.0000,0.0000,False,False,False
15677,1.0000,0.0000,False,False,False
15678,1.0000,0.0000,False,False,False
15679,1.0000,0.0000,False,False,False
15680,0.0000,1.0000,False,False,False
15681,1.0000,0.0000,False,False,False
15682,1.0000,0.0000,False,False,False
15683,0.0000,1.0000,False,False,False
15684,1.0000,0.0000,False,False,False
15685,1.0000,0.0000,False,False,False
15686,1.0000,0.0000,False,False,False
15687,1.0000,0.0000,False,False,False
15688,0.0000,1.0000,False,False,False
15689,1.0000,0.0000,False,False,False
15690,1.0000,0.0000,False,False,False
15691,1.0000,0.0000,False,False,False
15692,0.0000,1.0000,False,False,False
15693,1.0000,0.0000,False,False,False
15694,1.0000,0.0000,False,False,False
15695,1.0000,0.0000,False,False,False
15696,1.0000,0.0000,False,False,False
15697,1.0000,0.0000,False,False,False
15698,1.0000,0.0000,False,False,False
15699,1.0000,0.0000,False,False,False
15700,1.0000,0.0000,False,False,False
15701,1.0000,0.0000,False,False,False
15702,1.0000,0.0000,False,False,False
15703,1.0000,0.0000,False,False,False
15704,1.0000,0.0000,False,False,False
15705,1.0000,0.0000,False,False,False
15706,0.0000,1.0000,False,False,False
15707,1.0000,0.0000,False,False,False
15708,1.0000,0.0000,False,False,False
15709,1.0000,0.0000,False,False,False
15710,1.0000,0.0000,False,False,False
15711,1.0000,0.0000,False,False,False
15712,1.0000,0.0000,False,False,False
15713,0.0000,1.0000,False,False,False
15714,0.0000,1.0000,False,False,False
15715,1.0000,0.0000,False,False,False
15716,0.0000,1.0000,False,False,False
15717,1.0000,0.0000,False,False,False
15718,1.0000,0.0000,False,False,False
15719,0.0000,1.0000,False,False,False
15720,1.0000,0.0000,False,False,False
15721,1.0000,0.0000,False,False,False
15722,1.0000,0.0000,False,False,False
15723,1.0000,0.0000,False,False,False
15724,1.0000,0.0000,False,False,False
15725,1.0000,0.0000,False,False,False
15726,1.0000,0.0000,False,False,False
15727,0.0000,1.0000,False,False,False
15728,1.0000,0.0000,False,False,False
15729,0.0000,1.0000,False,False,False
15730,1.0000,0.0000,False,False,False
15731,1.0000,0.0000,False,False,False
15732,1.0000,0.0000,False,False,False
15733,1.0000,0.0000,False,False,False
15734,1.0000,0.0000,False,False,False
15735,1.0000,0.0000,False,False,False
15736,1.0000,0.0000,False,False,False
15737,1.0000,0.0000,False,False,False
15738,1.0000,0.0000,False,False,False
15739,1.0000,0.0000,False,False,False
15740,0.0000,1.0000,False,False,False
15741,1.0000,0.0000,False,False,False
15742,1.0000,0.0000,False,False,False
15743,1.0000,0.0000,False,False,False
15744,1.0000,0.0000,False,False,False
15745,1.0000,0.0000,False,False,False
15746,1.0000,0.0000,False,False,False
15747,1.0000,0.0000,False,False,False
15748,0.0000,1.0000,False,False,False
15749,1.0000,0.0000,False,False,False
15750,1.0000,0.0000,False,False,False
15751,1.0000,0.0000,False,False,False
15752,1.0000,0.0000,False,False,False
15753,1.0000,0.0000,False,False,False
15754,1.0000,0.0000,False,False,False
15755,1.0000,0.0000,False,False,False
15756,1.0000,0.0000,False,False,False
15757,1.0000,0.0000,False,False,False
15758,1.0000,0.0000,False,False,False
15759,1.0000,0.0000,False,False,False
15760,1.0000,0.0000,False,False,False
15761,1.0000,0.0000,False,False,False
15762,1.0000,0.0000,False,False,False
15763,1.0000,0.0000,False,False,False
15764,1.0000,0.0000,False,False,False
15765,1.0000,0.0000,False,False,False
15766,1.0000,0.0000,False,False,False
15767,1.0000,0.0000,False,False,False
15768,1.0000,0.0000,False,False,False
15769,1.0000,0.0000,False,False,False
15770,0.0000,1.0000,False,False,False
15771,1.0000,0.0000,False,False,False
15772,0.0000,1.0000,False,False,False
15773,1.0000,0.0000,False,False,False
15774,1.0000,0.0000,False,False,False
15775,1.0000,0.0000,False,False,False
15776,0.0000,1.0000,False,False,False
15777,1.0000,0.0000,False,False,False
15778,1.0000,0.0000,False,False,False
15779,0.0000,1.0000,False,False,False
15780,1.0000,0.0000,False,False,False
15781,1.0000,0.0000,False,False,False
15782,1.0000,0.0000,False,False,False
15783,1.0000,0.0000,False,False,False
15784,1.0000,0.0000,False,False,False
15785,1.0000,0.0000,False,False,False
15786,0.0000,1.0000,False,False,False
15787,1.0000,0.0000,False,False,False
15788,1.0000,0.0000,False,False,False
15789,1.0000,0.0000,False,False,False
15790,1.0000,0.0000,False,False,False
15791,0.0000,1.0000,False,False,False
15792,1.0000,0.0000,False,False,False
15793,1.0000,0.0000,False,False,False
15794,1.0000,0.0000,False,False,False
15795,1.0000,0.0000,False,False,False
15796,1.0000,0.0000,False,False,False
15797,1.0000,0.0000,False,False,False
15798,1.0000,0.0000,False,False,False
15799,1.0000,0.0000,False,False,False
15800,1.0000,0.0000,False,False,False
15801,1.0000,0.0000,False,False,False
15802,1.0000,0.0000,False,False,False
15803,1.0000,0.0000,False,False,False
15804,1.0000,0.0000,False,False,False
15805,1.0000,0.0000,False,False,False
15806,1.0000,0.0000,False,False,False
15807,1.0000,0.0000,False,False,False
15808,1.0000,0.0000,False,False,False
15809,1.0000,0.0000,False,False,False
15810,0.0000,1.0000,False,False,False
15811,1.0000,0.0000,False,False,False
15812,1.0000,0.0000,False,False,False
15813,0.0000,1.0000,False,False,False
15814,1.0000,0.0000,False,False,False
15815,1.0000,0.0000,False,False,False
15816,0.0000,1.0000,False,False,False
15817,1.0000,0.0000,False,False,False
15818,0.0000,1.0000,False,False,False
15819,0.0000,1.0000,False,False,False
15820,1.0000,0.0000,False,False,False
15821,1.0000,0.0000,False,False,False
15822,1.0000,0.0000,False,False,False
15823,1.0000,0.0000,False,False,False
15824,1.0000,0.0000,False,False,False
15825,0.0000,1.0000,False,False,False
15826,1.0000,0.0000,False,False,False
15827,1.0000,0.0000,False,False,False
15828,0.0000,1.0000,False,False,False
15829,1.0000,0.0000,False,False,False
15830,1.0000,0.0000,False,False,False
15831,1.0000,0.0000,False,False,False
15832,1.0000,0.0000,False,False,False
15833,1.0000,0.0000,False,False,False
15834,0.0000,1.0000,False,False,False
15835,1.0000,0.0000,False,False,False
15836,1.0000,0.0000,False,False,False
15837,1.0000,0.0000,False,False,False
15838,0.0000,1.0000,False,False,False
15839,1.0000,0.0000,False,False,False
15840,1.0000,0.0000,False,False,False
15841,1.0000,0.0000,False,False,False
15842,0.0000,1.0000,False,False,False
15843,1.0000,0.0000,False,False,False
15844,1.0000,0.0000,False,False,False
15845,1.0000,0.0000,False,False,False
15846,1.0000,0.0000,False,False,False
15847,1.0000,0.0000,False,False,False
15848,1.0000,0.0000,False,False,False
15849,1.0000,0.0000,False,False,False
15850,1.0000,0.0000,False,False,False
15851,1.0000,0.0000,False,False,False
15852,0.0000,1.0000,False,False,False
15853,1.0000,0.0000,False,False,False
15854,1.0000,0.0000,False,False,False
15855,1.0000,0.0000,False,False,False
15856,1.0000,0.0000,False,False,False
15857,0.0000,1.0000,False,False,False
15858,1.0000,0.0000,False,False,False
15859,0.0000,1.0000,False,False,False
15860,1.0000,0.0000,False,False,False
15861,1.0000,0.0000,False,False,False
15862,1.0000,0.0000,False,False,False
15863,0.0000,1.0000,False,False,False
15864,0.0000,1.0000,False,False,False
15865,0.0000,1.0000,False,False,False
15866,1.0000,0.0000,False,False,False
15867,0.0000,1.0000,False,False,False
15868,1.0000,0.0000,False,False,False
15869,1.0000,0.0000,False,False,False
15870,0.0000,1.0000,False,False,False
15871,1.0000,0.0000,False,False,False
15872,0.0000,1.0000,False,False,False
15873,1.0000,0.0000,False,False,False
15874,1.0000,0.0000,False,False,False
15875,0.0000,1.0000,False,False,False
15876,0.0000,1.0000,False,False,False
15877,1.0000,0.0000,False,False,False
15878,0.0000,1.0000,False,False,False
15879,0.0000,1.0000,False,False,False
15880,1.0000,0.0000,False,False,False
15881,1.0000,0.0000,False,False,False
15882,1.0000,0.0000,False,False,False
15883,1.0000,0.0000,False,False,False
15884,1.0000,0.0000,False,False,False
15885,1.0000,0.0000,False,False,False
15886,1.0000,0.0000,False,False,False
15887,0.0000,1.0000,False,False,False
15888,1.0000,0.0000,False,False,False
15889,0.0000,1.0000,False,False,False
15890,1.0000,0.0000,False,False,False
15891,1.0000,0.0000,False,False,False
15892,0.0000,1.0000,False,False,False
15893,0.0000,1.0000,False,False,False
15894,1.0000,0.0000,False,False,False
15895,1.0000,0.0000,False,False,False
15896,0.0000,1.0000,False,False,False
15897,1.0000,0.0000,False,False,False
15898,1.0000,0.0000,False,False,False
15899,1.0000,0.0000,False,False,False
15900,1.0000,0.0000,False,False,False
15901,0.0000,1.0000,False,False,False
15902,0.0000,1.0000,False,False,False
15903,1.0000,0.0000,False,False,False
15904,1.0000,0.0000,False,False,False
15905,0.0000,1.0000,False,False,False
15906,1.0000,0.0000,False,False,False
15907,0.0000,1.0000,False,False,False
15908,1.0000,0.0000,False,False,False
15909,0.0000,1.0000,False,False,False
15910,0.0000,1.0000,False,False,False
15911,1.0000,0.0000,False,False,False
15912,1.0000,0.0000,False,False,False
15913,1.0000,0.0000,False,False,False
15914,1.0000,0.0000,False,False,False
15915,1.0000,0.0000,False,False,False
15916,1.0000,0.0000,False,False,False
15917,1.0000,0.0000,False,False,False
15918,1.0000,0.0000,False,False,False
15919,1.0000,0.0000,False,False,False
15920,1.0000,0.0000,False,False,False
15921,0.0000,1.0000,False,False,False
15922,0.0000,1.0000,False,False,False
15923,1.0000,0.0000,False,False,False
15924,1.0000,0.0000,False,False,False
15925,1.0000,0.0000,False,False,False
15926,1.0000,0.0000,False,False,False
15927,1.0000,0.0000,False,False,False
15928,1.0000,0.0000,False,False,False
15929,1.0000,0.0000,False,False,False
15930,1.0000,0.0000,False,False,False
15931,0.0000,1.0000,False,False,False
15932,0.0000,1.0000,False,False,False
15933,1.0000,0.0000,False,False,False
15934,0.0000,1.0000,False,False,False
15935,1.0000,0.0000,False,False,False
15936,1.0000,0.0000,False,False,False
15937,1.0000,0.0000,False,False,False
15938,1.0000,0.0000,False,False,False
15939,1.0000,0.0000,False,False,False
15940,0.0000,1.0000,False,False,False
15941,0.0000,1.0000,False,False,False
15942,1.0000,0.0000,False,False,False
15943,1.0000,0.0000,False,False,False
15944,0.0000,1.0000,False,False,False
15945,0.0000,1.0000,False,False,False
15946,1.0000,0.0000,False,False,False
15947,1.0000,0.0000,False,False,False
15948,1.0000,0.0000,False,False,False
15949,1.0000,0.0000,False,False,False
15950,1.0000,0.0000,False,False,False
15951,0.0000,1.0000,False,False,False
15952,1.0000,0.0000,False,False,False
15953,1.0000,0.0000,False,False,False
15954,1.0000,0.0000,False,False,False
15955,1.0000,0.0000,False,False,False
15956,1.0000,0.0000,False,False,False
15957,1.0000,0.0000,False,False,False
15958,1.0000,0.0000,False,False,False
15959,1.0000,0.0000,False,False,False
15960,1.0000,0.0000,False,False,False
15961,1.0000,0.0000,False,False,False
15962,0.0000,1.0000,False,False,False
15963,1.0000,0.0000,False,False,False
15964,1.0000,0.0000,False,False,False
15965,0.0000,1.0000,False,False,False
15966,1.0000,0.0000,False,False,False
15967,1.0000,0.0000,False,False,False
15968,1.0000,0.0000,False,False,False
15969,1.0000,0.0000,False,False,False
15970,1.0000,0.0000,False,False,False
15971,0.0000,1.0000,False,False,False
15972,1.0000,0.0000,False,False,False
15973,1.0000,0.0000,False,False,False
15974,1.0000,0.0000,False,False,False
15975,0.0000,1.0000,False,False,False
15976,1.0000,0.0000,False,False,False
15977,1.0000,0.0000,False,False,False
15978,1.0000,0.0000,False,False,False
15979,1.0000,0.0000,False,False,False
15980,1.0000,0.0000,False,False,False
15981,0.0000,1.0000,False,False,False
15982,1.0000,0.0000,False,False,False
15983,0.0000,1.0000,False,False,False
15984,0.0000,1.0000,False,False,False
15985,1.0000,0.0000,False,False,False
15986,0.0000,1.0000,False,False,False
15987,0.0000,1.0000,False,False,False
15988,0.0000,1.0000,False,False,False
15989,0.0000,1.0000,False,False,False
15990,1.0000,0.0000,False,False,False
15991,1.0000,0.0000,False,False,False
15992,1.0000,0.0000,False,False,False
15993,1.0000,0.0000,False,False,False
15994,1.0000,0.0000,False,False,False
15995,1.0000,0.0000,False,False,False
15996,1.0000,0.0000,False,False,False
15997,1.0000,0.0000,False,False,False
15998,1.0000,0.0000,False,False,False
15999,0.0000,1.0000,False,False,False
16000,1.0000,0.0000,False,False,False
16001,1.0000,0.0000,False,False,False
16002,1.0000,0.0000,False,False,False
16003,0.0000,1.0000,False,False,False
16004,1.0000,0.0000,False,False,False
16005,1.0000,0.0000,False,False,False
16006,0.0000,1.0000,False,False,False
16007,1.0000,0.0000,False,False,False
16008,1.0000,0.0000,False,False,False
16009,1.0000,0.0000,False,False,False
16010,1.0000,0.0000,False,False,False
16011,1.0000,0.0000,False,False,False
16012,1.0000,0.0000,False,False,False
16013,1.0000,0.0000,False,False,False
16014,1.0000,0.0000,False,False,False
16015,1.0000,0.0000,False,False,False
16016,0.0000,1.0000,False,False,False
16017,1.0000,0.0000,False,False,False
16018,1.0000,0.0000,False,False,False
16019,1.0000,0.0000,False,False,False
16020,1.0000,0.0000,False,False,False
16021,1.0000,0.0000,False,False,False
16022,0.0000,1.0000,False,False,False
16023,0.0000,1.0000,False,False,False
16024,0.0000,1.0000,False,False,False
16025,1.0000,0.0000,False,False,False
16026,1.0000,0.0000,False,False,False
16027,1.0000,0.0000,False,False,False
16028,1.0000,0.0000,False,False,False
16029,1.0000,0.0000,False,False,False
16030,1.0000,0.0000,False,False,False
16031,0.0000,1.0000,False,False,False
16032,1.0000,0.0000,False,False,False
16033,0.0000,1.0000,False,False,False
16034,1.0000,0.0000,False,False,False
16035,1.0000,0.0000,False,False,False
16036,0.0000,1.0000,False,False,False
16037,1.0000,0.0000,False,False,False
16038,1.0000,0.0000,False,False,False
16039,1.0000,0.0000,False,False,False
16040,1.0000,0.0000,False,False,False
16041,1.0000,0.0000,False,False,False
16042,1.0000,0.0000,False,False,False
16043,0.0000,1.0000,False,False,False
16044,1.0000,0.0000,False,False,False
16045,0.0000,1.0000,False,False,False
16046,1.0000,0.0000,False,False,False
16047,1.0000,0.0000,False,False,False
16048,1.0000,0.0000,False,False,False
16049,1.0000,0.0000,False,False,False
16050,1.0000,0.0000,False,False,False
16051,1.0000,0.0000,False,False,False
16052,1.0000,0.0000,False,False,False
16053,1.0000,0.0000,False,False,False
16054,1.0000,0.0000,False,False,False
16055,0.0000,1.0000,False,False,False
16056,0.0000,1.0000,False,False,False
16057,0.0000,1.0000,False,False,False
16058,1.0000,0.0000,False,False,False
16059,1.0000,0.0000,False,False,False
16060,1.0000,0.0000,False,False,False
16061,1.0000,0.0000,False,False,False
16062,0.0000,1.0000,False,False,False
16063,1.0000,0.0000,False,False,False
16064,1.0000,0.0000,False,False,False
16065,1.0000,0.0000,False,False,False
16066,1.0000,0.0000,False,False,False
16067,1.0000,0.0000,False,False,False
16068,0.0000,1.0000,False,False,False
16069,0.0000,1.0000,False,False,False
16070,1.0000,0.0000,False,False,False
16071,0.0000,1.0000,False,False,False
16072,1.0000,0.0000,False,False,False
16073,0.0000,1.0000,False,False,False
16074,0.0000,1.0000,False,False,False
16075,1.0000,0.0000,False,False,False
16076,1.0000,0.0000,False,False,False
16077,1.0000,0.0000,False,False,False
16078,0.0000,1.0000,False,False,False
16079,1.0000,0.0000,False,False,False
16080,1.0000,0.0000,False,False,False
16081,0.0000,1.0000,False,False,False
16082,0.0000,1.0000,False,False,False
16083,1.0000,0.0000,False,False,False
16084,1.0000,0.0000,False,False,False
16085,1.0000,0.0000,False,False,False
16086,1.0000,0.0000,False,False,False
16087,1.0000,0.0000,False,False,False
16088,1.0000,0.0000,False,False,False
16089,1.0000,0.0000,False,False,False
16090,1.0000,0.0000,False,False,False
16091,1.0000,0.0000,False,False,False
16092,0.0000,1.0000,False,False,False
16093,1.0000,0.0000,False,False,False
16094,1.0000,0.0000,False,False,False
16095,1.0000,0.0000,False,False,False
16096,1.0000,0.0000,False,False,False
16097,1.0000,0.0000,False,False,False
16098,0.0000,1.0000,False,False,False
16099,1.0000,0.0000,False,False,False
16100,0.0000,1.0000,False,False,False
16101,1.0000,0.0000,False,False,False
16102,1.0000,0.0000,False,False,False
16103,1.0000,0.0000,False,False,False
16104,1.0000,0.0000,False,False,False
16105,1.0000,0.0000,False,False,False
16106,1.0000,0.0000,False,False,False
16107,1.0000,0.0000,False,False,False
16108,1.0000,0.0000,False,False,False
16109,1.0000,0.0000,False,False,False
16110,1.0000,0.0000,False,False,False
16111,1.0000,0.0000,False,False,False
16112,0.0000,1.0000,False,False,False
16113,1.0000,0.0000,False,False,False
16114,0.0000,1.0000,False,False,False
16115,0.0000,1.0000,False,False,False
16116,0.0000,1.0000,False,False,False
16117,1.0000,0.0000,False,False,False
16118,1.0000,0.0000,False,False,False
16119,1.0000,0.0000,False,False,False
16120,1.0000,0.0000,False,False,False
16121,1.0000,0.0000,False,False,False
16122,0.0000,1.0000,False,False,False
16123,1.0000,0.0000,False,False,False
16124,1.0000,0.0000,False,False,False
16125,1.0000,0.0000,False,False,False
16126,1.0000,0.0000,False,False,False
16127,1.0000,0.0000,False,False,False
16128,1.0000,0.0000,False,False,False
16129,1.0000,0.0000,False,False,False
16130,1.0000,0.0000,False,False,False
16131,1.0000,0.0000,False,False,False
16132,1.0000,0.0000,False,False,False
16133,1.0000,0.0000,False,False,False
16134,1.0000,0.0000,False,False,False
16135,1.0000,0.0000,False,False,False
16136,1.0000,0.0000,False,False,False
16137,1.0000,0.0000,False,False,False
16138,1.0000,0.0000,False,False,False
16139,1.0000,0.0000,False,False,False
16140,1.0000,0.0000,False,False,False
16141,1.0000,0.0000,False,False,False
16142,1.0000,0.0000,False,False,False
16143,0.0000,1.0000,False,False,False
16144,0.0000,1.0000,False,False,False
16145,1.0000,0.0000,False,False,False
16146,1.0000,0.0000,False,False,False
16147,1.0000,0.0000,False,False,False
16148,1.0000,0.0000,False,False,False
16149,1.0000,0.0000,False,False,False
16150,1.0000,0.0000,False,False,False
16151,0.0000,1.0000,False,False,False
16152,1.0000,0.0000,False,False,False
16153,0.0000,1.0000,False,False,False
16154,1.0000,0.0000,False,False,False
16155,1.0000,0.0000,False,False,False
16156,1.0000,0.0000,False,False,False
16157,1.0000,0.0000,False,False,False
16158,0.0000,1.0000,False,False,False
16159,1.0000,0.0000,False,False,False
16160,1.0000,0.0000,False,False,False
16161,1.0000,0.0000,False,False,False
16162,1.0000,0.0000,False,False,False
16163,1.0000,0.0000,False,False,False
16164,1.0000,0.0000,False,False,False
16165,0.0000,1.0000,False,False,False
16166,1.0000,0.0000,False,False,False
16167,0.0000,1.0000,False,False,False
16168,1.0000,0.0000,False,False,False
16169,1.0000,0.0000,False,False,False
16170,0.0000,1.0000,False,False,False
16171,1.0000,0.0000,False,False,False
16172,1.0000,0.0000,False,False,False
16173,1.0000,0.0000,False,False,False
16174,0.0000,1.0000,False,False,False
16175,1.0000,0.0000,False,False,False
16176,1.0000,0.0000,False,False,False
16177,1.0000,0.0000,False,False,False
16178,1.0000,0.0000,False,False,False
16179,1.0000,0.0000,False,False,False
16180,1.0000,0.0000,False,False,False
16181,0.0000,1.0000,False,False,False
16182,0.0000,1.0000,False,False,False
16183,1.0000,0.0000,False,False,False
16184,1.0000,0.0000,False,False,False
16185,1.0000,0.0000,False,False,False
16186,0.0000,1.0000,False,False,False
16187,1.0000,0.0000,False,False,False
16188,1.0000,0.0000,False,False,False
16189,1.0000,0.0000,False,False,False
16190,1.0000,0.0000,False,False,False
16191,0.0000,1.0000,False,False,False
16192,1.0000,0.0000,False,False,False
16193,1.0000,0.0000,False,False,False
16194,0.0000,1.0000,False,False,False
16195,1.0000,0.0000,False,False,False
16196,1.0000,0.0000,False,False,False
16197,0.0000,1.0000,False,False,False
16198,0.0000,1.0000,False,False,False
16199,1.0000,0.0000,False,False,False
16200,1.0000,0.0000,False,False,False
16201,1.0000,0.0000,False,False,False
16202,1.0000,0.0000,False,False,False
16203,1.0000,0.0000,False,False,False
16204,1.0000,0.0000,False,False,False
16205,0.0000,1.0000,False,False,False
16206,0.0000,1.0000,False,False,False
16207,1.0000,0.0000,False,False,False
16208,1.0000,0.0000,False,False,False
16209,1.0000,0.0000,False,False,False
16210,0.0000,1.0000,False,False,False
16211,1.0000,0.0000,False,False,False
16212,0.0000,1.0000,False,False,False
16213,0.0000,1.0000,False,False,False
16214,0.0000,1.0000,False,False,False
16215,1.0000,0.0000,False,False,False
16216,0.0000,1.0000,False,False,False
16217,0.0000,1.0000,False,False,False
16218,1.0000,0.0000,False,False,False
16219,1.0000,0.0000,False,False,False
16220,0.0000,1.0000,False,False,False
16221,1.0000,0.0000,False,False,False
16222,1.0000,0.0000,False,False,False
16223,0.0000,1.0000,False,False,False
16224,1.0000,0.0000,False,False,False
16225,0.0000,1.0000,False,False,False
16226,1.0000,0.0000,False,False,False
16227,1.0000,0.0000,False,False,False
16228,0.0000,1.0000,False,False,False
16229,1.0000,0.0000,False,False,False
16230,1.0000,0.0000,False,False,False
16231,1.0000,0.0000,False,False,False
16232,1.0000,0.0000,False,False,False
16233,0.0000,1.0000,False,False,False
16234,1.0000,0.0000,False,False,False
16235,1.0000,0.0000,False,False,False
16236,1.0000,0.0000,False,False,False
16237,1.0000,0.0000,False,False,False
16238,0.0000,1.0000,False,False,False
16239,1.0000,0.0000,False,False,False
16240,1.0000,0.0000,False,False,False
16241,1.0000,0.0000,False,False,False
16242,0.0000,1.0000,False,False,False
16243,1.0000,0.0000,False,False,False
16244,1.0000,0.0000,False,False,False
16245,1.0000,0.0000,False,False,False
16246,1.0000,0.0000,False,False,False
16247,1.0000,0.0000,False,False,False
16248,1.0000,0.0000,False,False,False
16249,1.0000,0.0000,False,False,False
16250,1.0000,0.0000,False,False,False
16251,1.0000,0.0000,False,False,False
16252,0.0000,1.0000,False,False,False
16253,1.0000,0.0000,False,False,False
16254,0.0000,1.0000,False,False,False
16255,1.0000,0.0000,False,False,False
16256,1.0000,0.0000,False,False,False
16257,1.0000,0.0000,False,False,False
16258,0.0000,1.0000,False,False,False
16259,1.0000,0.0000,False,False,False
16260,1.0000,0.0000,False,False,False
16261,1.0000,0.0000,False,False,False
16262,1.0000,0.0000,False,False,False
16263,0.0000,1.0000,False,False,False
16264,1.0000,0.0000,False,False,False
16265,1.0000,0.0000,False,False,False
16266,1.0000,0.0000,False,False,False
16267,1.0000,0.0000,False,False,False
16268,0.0000,1.0000,False,False,False
16269,0.0000,1.0000,False,False,False
16270,1.0000,0.0000,False,False,False
16271,0.0000,1.0000,False,False,False
16272,1.0000,0.0000,False,False,False
16273,1.0000,0.0000,False,False,False
16274,1.0000,0.0000,False,False,False
16275,1.0000,0.0000,False,False,False
16276,1.0000,0.0000,False,False,False
16277,1.0000,0.0000,False,False,False
16278,1.0000,0.0000,False,False,False
16279,0.0000,1.0000,False,False,False
16280,1.0000,0.0000,False,False,False
16281,1.0000,0.0000,False,False,False
16282,1.0000,0.0000,False,False,False
16283,1.0000,0.0000,False,False,False
16284,1.0000,0.0000,False,False,False
16285,1.0000,0.0000,False,False,False
16286,1.0000,0.0000,False,False,False
16287,1.0000,0.0000,False,False,False
16288,1.0000,0.0000,False,False,False
16289,0.0000,1.0000,False,False,False
16290,1.0000,0.0000,False,False,False
16291,0.0000,1.0000,False,False,False
16292,1.0000,0.0000,False,False,False
16293,1.0000,0.0000,False,False,False
16294,1.0000,0.0000,False,False,False
16295,1.0000,0.0000,False,False,False
16296,1.0000,0.0000,False,False,False
16297,1.0000,0.0000,False,False,False
16298,0.0000,1.0000,False,False,False
16299,1.0000,0.0000,False,False,False
16300,1.0000,0.0000,False,False,False
16301,1.0000,0.0000,False,False,False
16302,1.0000,0.0000,False,False,False
16303,0.0000,1.0000,False,False,False
16304,1.0000,0.0000,False,False,False
16305,1.0000,0.0000,False,False,False
16306,1.0000,0.0000,False,False,False
16307,1.0000,0.0000,False,False,False
16308,1.0000,0.0000,False,False,False
16309,1.0000,0.0000,False,False,False
16310,1.0000,0.0000,False,False,False
16311,1.0000,0.0000,False,False,False
16312,0.0000,1.0000,False,False,False
16313,1.0000,0.0000,False,False,False
16314,1.0000,0.0000,False,False,False
16315,1.0000,0.0000,False,False,False
16316,1.0000,0.0000,False,False,False
16317,0.0000,1.0000,False,False,False
16318,0.0000,1.0000,False,False,False
16319,1.0000,0.0000,False,False,False
16320,1.0000,0.0000,False,False,False
16321,0.0000,1.0000,False,False,False
16322,1.0000,0.0000,False,False,False
16323,1.0000,0.0000,False,False,False
16324,1.0000,0.0000,False,False,False
16325,1.0000,0.0000,False,False,False
16326,1.0000,0.0000,False,False,False
16327,1.0000,0.0000,False,False,False
16328,1.0000,0.0000,False,False,False
16329,1.0000,0.0000,False,False,False
16330,0.0000,1.0000,False,False,False
16331,0.0000,1.0000,False,False,False
16332,1.0000,0.0000,False,False,False
16333,1.0000,0.0000,False,False,False
16334,1.0000,0.0000,False,False,False
16335,1.0000,0.0000,False,False,False
16336,1.0000,0.0000,False,False,False
16337,1.0000,0.0000,False,False,False
16338,0.0000,1.0000,False,False,False
16339,1.0000,0.0000,False,False,False
16340,0.0000,1.0000,False,False,False
16341,1.0000,0.0000,False,False,False
16342,1.0000,0.0000,False,False,False
16343,1.0000,0.0000,False,False,False
16344,0.0000,1.0000,False,False,False
16345,1.0000,0.0000,False,False,False
16346,0.0000,1.0000,False,False,False
16347,1.0000,0.0000,False,False,False
16348,0.0000,1.0000,False,False,False
16349,1.0000,0.0000,False,False,False
16350,1.0000,0.0000,False,False,False
16351,1.0000,0.0000,False,False,False
16352,0.0000,1.0000,False,False,False
16353,1.0000,0.0000,False,False,False
16354,1.0000,0.0000,False,False,False
16355,1.0000,0.0000,False,False,False
16356,0.0000,1.0000,False,False,False
16357,1.0000,0.0000,False,False,False
16358,1.0000,0.0000,False,False,False
16359,1.0000,0.0000,False,False,False
16360,1.0000,0.0000,False,False,False
16361,1.0000,0.0000,False,False,False
16362,1.0000,0.0000,False,False,False
16363,1.0000,0.0000,False,False,False
16364,1.0000,0.0000,False,False,False
16365,1.0000,0.0000,False,False,False
16366,0.0000,1.0000,False,False,False
16367,1.0000,0.0000,False,False,False
16368,0.0000,1.0000,False,False,False
16369,1.0000,0.0000,False,False,False
16370,1.0000,0.0000,False,False,False
16371,1.0000,0.0000,False,False,False
16372,1.0000,0.0000,False,False,False
16373,1.0000,0.0000,False,False,False
16374,1.0000,0.0000,False,False,False
16375,1.0000,0.0000,False,False,False
16376,1.0000,0.0000,False,False,False
16377,1.0000,0.0000,False,False,False
16378,0.0000,1.0000,False,False,False
16379,0.0000,1.0000,False,False,False
16380,1.0000,0.0000,False,False,False
16381,1.0000,0.0000,False,False,False
16382,1.0000,0.0000,False,False,False
16383,1.0000,0.0000,False,False,False
16384,1.0000,0.0000,False,False,False
16385,0.0000,1.0000,False,False,False
16386,1.0000,0.0000,False,False,False
16387,1.0000,0.0000,False,False,False
16388,1.0000,0.0000,False,False,False
16389,0.0000,1.0000,False,False,False
16390,1.0000,0.0000,False,False,False
16391,1.0000,0.0000,False,False,False
16392,1.0000,0.0000,False,False,False
16393,1.0000,0.0000,False,False,False
16394,1.0000,0.0000,False,False,False
16395,0.0000,1.0000,False,False,False
16396,1.0000,0.0000,False,False,False
16397,1.0000,0.0000,False,False,False
16398,0.0000,1.0000,False,False,False
16399,1.0000,0.0000,False,False,False
16400,1.0000,0.0000,False,False,False
16401,1.0000,0.0000,False,False,False
16402,1.0000,0.0000,False,False,False
16403,1.0000,0.0000,False,False,False
16404,1.0000,0.0000,False,False,False
16405,1.0000,0.0000,False,False,False
16406,1.0000,0.0000,False,False,False
16407,1.0000,0.0000,False,False,False
16408,1.0000,0.0000,False,False,False
16409,0.0000,1.0000,False,False,False
16410,1.0000,0.0000,False,False,False
16411,1.0000,0.0000,False,False,False
16412,0.0000,1.0000,False,False,False
16413,1.0000,0.0000,False,False,False
16414,1.0000,0.0000,False,False,False
16415,1.0000,0.0000,False,False,False
16416,1.0000,0.0000,False,False,False
16417,1.0000,0.0000,False,False,False
16418,1.0000,0.0000,False,False,False
16419,1.0000,0.0000,False,False,False
16420,1.0000,0.0000,False,False,False
16421,1.0000,0.0000,False,False,False
16422,1.0000,0.0000,False,False,False
16423,0.0000,1.0000,False,False,False
16424,1.0000,0.0000,False,False,False
16425,1.0000,0.0000,False,False,False
16426,1.0000,0.0000,False,False,False
16427,1.0000,0.0000,False,False,False
16428,1.0000,0.0000,False,False,False
16429,0.0000,1.0000,False,False,False
16430,1.0000,0.0000,False,False,False
16431,0.0000,1.0000,False,False,False
16432,1.0000,0.0000,False,False,False
16433,1.0000,0.0000,False,False,False
16434,1.0000,0.0000,False,False,False
16435,1.0000,0.0000,False,False,False
16436,1.0000,0.0000,False,False,False
16437,1.0000,0.0000,False,False,False
16438,1.0000,0.0000,False,False,False
16439,1.0000,0.0000,False,False,False
16440,0.0000,1.0000,False,False,False
16441,1.0000,0.0000,False,False,False
16442,0.0000,1.0000,False,False,False
16443,1.0000,0.0000,False,False,False
16444,1.0000,0.0000,False,False,False
16445,0.0000,1.0000,False,False,False
16446,1.0000,0.0000,False,False,False
16447,1.0000,0.0000,False,False,False
16448,0.0000,1.0000,False,False,False
16449,1.0000,0.0000,False,False,False
16450,1.0000,0.0000,False,False,False
16451,1.0000,0.0000,False,False,False
16452,1.0000,0.0000,False,False,False
16453,0.0000,1.0000,False,False,False
16454,1.0000,0.0000,False,False,False
16455,0.0000,1.0000,False,False,False
16456,1.0000,0.0000,False,False,False
16457,1.0000,0.0000,False,False,False
16458,1.0000,0.0000,False,False,False
16459,1.0000,0.0000,False,False,False
16460,1.0000,0.0000,False,False,False
16461,1.0000,0.0000,False,False,False
16462,1.0000,0.0000,False,False,False
16463,1.0000,0.0000,False,False,False
16464,1.0000,0.0000,False,False,False
16465,1.0000,0.0000,False,False,False
16466,1.0000,0.0000,False,False,False
16467,1.0000,0.0000,False,False,False
16468,0.0000,1.0000,False,False,False
16469,1.0000,0.0000,False,False,False
16470,1.0000,0.0000,False,False,False
16471,1.0000,0.0000,False,False,False
16472,0.0000,1.0000,False,False,False
16473,1.0000,0.0000,False,False,False
16474,1.0000,0.0000,False,False,False
16475,1.0000,0.0000,False,False,False
16476,1.0000,0.0000,False,False,False
16477,1.0000,0.0000,False,False,False
16478,1.0000,0.0000,False,False,False
16479,0.0000,1.0000,False,False,False
16480,1.0000,0.0000,False,False,False
16481,1.0000,0.0000,False,False,False
16482,1.0000,0.0000,False,False,False
16483,1.0000,0.0000,False,False,False
16484,1.0000,0.0000,False,False,False
16485,0.0000,1.0000,False,False,False
16486,1.0000,0.0000,False,False,False
16487,1.0000,0.0000,False,False,False
16488,1.0000,0.0000,False,False,False
16489,1.0000,0.0000,False,False,False
16490,1.0000,0.0000,False,False,False
16491,1.0000,0.0000,False,False,False
16492,1.0000,0.0000,False,False,False
16493,1.0000,0.0000,False,False,False
16494,1.0000,0.0000,False,False,False
16495,0.0000,1.0000,False,False,False
16496,1.0000,0.0000,False,False,False
16497,1.0000,0.0000,False,False,False
16498,0.0000,1.0000,False,False,False
16499,1.0000,0.0000,False,False,False
16500,1.0000,0.0000,False,False,False
16501,1.0000,0.0000,False,False,False
16502,0.0000,1.0000,False,False,False
16503,1.0000,0.0000,False,False,False
16504,1.0000,0.0000,False,False,False
16505,1.0000,0.0000,False,False,False
16506,1.0000,0.0000,False,False,False
16507,1.0000,0.0000,False,False,False
16508,0.0000,1.0000,False,False,False
16509,1.0000,0.0000,False,False,False
16510,1.0000,0.0000,False,False,False
16511,0.0000,1.0000,False,False,False
16512,1.0000,0.0000,False,False,False
16513,1.0000,0.0000,False,False,False
16514,1.0000,0.0000,False,False,False
16515,1.0000,0.0000,False,False,False
16516,1.0000,0.0000,False,False,False
16517,1.0000,0.0000,False,False,False
16518,1.0000,0.0000,False,False,False
16519,1.0000,0.0000,False,False,False
16520,1.0000,0.0000,False,False,False
16521,1.0000,0.0000,False,False,False
16522,0.0000,1.0000,False,False,False
16523,1.0000,0.0000,False,False,False
16524,1.0000,0.0000,False,False,False
16525,1.0000,0.0000,False,False,False
16526,1.0000,0.0000,False,False,False
16527,0.0000,1.0000,False,False,False
16528,1.0000,0.0000,False,False,False
16529,0.0000,1.0000,False,False,False
16530,0.0000,1.0000,False,False,False
16531,1.0000,0.0000,False,False,False
16532,1.0000,0.0000,False,False,False
16533,1.0000,0.0000,False,False,False
16534,1.0000,0.0000,False,False,False
16535,1.0000,0.0000,False,False,False
16536,1.0000,0.0000,False,False,False
16537,1.0000,0.0000,False,False,False
16538,1.0000,0.0000,False,False,False
16539,1.0000,0.0000,False,False,False
16540,1.0000,0.0000,False,False,False
16541,1.0000,0.0000,False,False,False
16542,1.0000,0.0000,False,False,False
16543,0.0000,1.0000,False,False,False
16544,1.0000,0.0000,False,False,False
16545,1.0000,0.0000,False,False,False
16546,1.0000,0.0000,False,False,False
16547,1.0000,0.0000,False,False,False
16548,1.0000,0.0000,False,False,False
16549,1.0000,0.0000,False,False,False
16550,0.0000,1.0000,False,False,False
16551,1.0000,0.0000,False,False,False
16552,0.0000,1.0000,False,False,False
16553,1.0000,0.0000,False,False,False
16554,1.0000,0.0000,False,False,False
16555,1.0000,0.0000,False,False,False
16556,1.0000,0.0000,False,False,False
16557,1.0000,0.0000,False,False,False
16558,1.0000,0.0000,False,False,False
16559,1.0000,0.0000,False,False,False
16560,0.0000,1.0000,False,False,False
16561,1.0000,0.0000,False,False,False
16562,1.0000,0.0000,False,False,False
16563,1.0000,0.0000,False,False,False
16564,1.0000,0.0000,False,False,False
16565,1.0000,0.0000,False,False,False
16566,1.0000,0.0000,False,False,False
16567,1.0000,0.0000,False,False,False
16568,1.0000,0.0000,False,False,False
16569,0.0000,1.0000,False,False,False
16570,1.0000,0.0000,False,False,False
16571,1.0000,0.0000,False,False,False
16572,1.0000,0.0000,False,False,False
16573,1.0000,0.0000,False,False,False
16574,1.0000,0.0000,False,False,False
16575,1.0000,0.0000,False,False,False
16576,0.0000,1.0000,False,False,False
16577,0.0000,1.0000,False,False,False
16578,1.0000,0.0000,False,False,False
16579,1.0000,0.0000,False,False,False
16580,1.0000,0.0000,False,False,False
16581,1.0000,0.0000,False,False,False
16582,1.0000,0.0000,False,False,False
16583,0.0000,1.0000,False,False,False
16584,1.0000,0.0000,False,False,False
16585,1.0000,0.0000,False,False,False
16586,1.0000,0.0000,False,False,False
16587,1.0000,0.0000,False,False,False
16588,0.0000,1.0000,False,False,False
16589,0.0000,1.0000,False,False,False
16590,1.0000,0.0000,False,False,False
16591,0.0000,1.0000,False,False,False
16592,1.0000,0.0000,False,False,False
16593,1.0000,0.0000,False,False,False
16594,1.0000,0.0000,False,False,False
16595,1.0000,0.0000,False,False,False
16596,0.0000,1.0000,False,False,False
16597,0.0000,1.0000,False,False,False
16598,1.0000,0.0000,False,False,False
16599,0.0000,1.0000,False,False,False
16600,1.0000,0.0000,False,False,False
16601,1.0000,0.0000,False,False,False
16602,1.0000,0.0000,False,False,False
16603,1.0000,0.0000,False,False,False
16604,0.0000,1.0000,False,False,False
16605,1.0000,0.0000,False,False,False
16606,1.0000,0.0000,False,False,False
16607,1.0000,0.0000,False,False,False
16608,0.0000,1.0000,False,False,False
16609,1.0000,0.0000,False,False,False
16610,1.0000,0.0000,False,False,False
16611,1.0000,0.0000,False,False,False
16612,1.0000,0.0000,False,False,False
16613,0.0000,1.0000,False,False,False
16614,1.0000,0.0000,False,False,False
16615,1.0000,0.0000,False,False,False
16616,1.0000,0.0000,False,False,False
16617,1.0000,0.0000,False,False,False
16618,1.0000,0.0000,False,False,False
16619,1.0000,0.0000,False,False,False
16620,1.0000,0.0000,False,False,False
16621,1.0000,0.0000,False,False,False
16622,1.0000,0.0000,False,False,False
16623,1.0000,0.0000,False,False,False
16624,1.0000,0.0000,False,False,False
16625,0.0000,1.0000,False,False,False
16626,1.0000,0.0000,False,False,False
16627,1.0000,0.0000,False,False,False
16628,1.0000,0.0000,False,False,False
16629,1.0000,0.0000,False,False,False
16630,1.0000,0.0000,False,False,False
16631,1.0000,0.0000,False,False,False
16632,0.0000,1.0000,False,False,False
16633,1.0000,0.0000,False,False,False
16634,0.0000,1.0000,False,False,False
16635,0.0000,1.0000,False,False,False
16636,0.0000,1.0000,False,False,False
16637,1.0000,0.0000,False,False,False
16638,1.0000,0.0000,False,False,False
16639,1.0000,0.0000,False,False,False
16640,1.0000,0.0000,False,False,False
16641,1.0000,0.0000,False,False,False
16642,1.0000,0.0000,False,False,False
16643,0.0000,1.0000,False,False,False
16644,1.0000,0.0000,False,False,False
16645,1.0000,0.0000,False,False,False
16646,1.0000,0.0000,False,False,False
16647,1.0000,0.0000,False,False,False
16648,1.0000,0.0000,False,False,False
16649,1.0000,0.0000,False,False,False
16650,1.0000,0.0000,False,False,False
16651,1.0000,0.0000,False,False,False
16652,1.0000,0.0000,False,False,False
16653,1.0000,0.0000,False,False,False
16654,0.0000,1.0000,False,False,False
16655,1.0000,0.0000,False,False,False
16656,1.0000,0.0000,False,False,False
16657,0.0000,1.0000,False,False,False
16658,0.0000,1.0000,False,False,False
16659,1.0000,0.0000,False,False,False
16660,1.0000,0.0000,False,False,False
16661,1.0000,0.0000,False,False,False
16662,1.0000,0.0000,False,False,False
16663,1.0000,0.0000,False,False,False
16664,0.0000,1.0000,False,False,False
16665,1.0000,0.0000,False,False,False
16666,1.0000,0.0000,False,False,False
16667,1.0000,0.0000,False,False,False
16668,0.0000,1.0000,False,False,False
16669,0.0000,1.0000,False,False,False
16670,1.0000,0.0000,False,False,False
16671,1.0000,0.0000,False,False,False
16672,1.0000,0.0000,False,False,False
16673,1.0000,0.0000,False,False,False
16674,1.0000,0.0000,False,False,False
16675,0.0000,1.0000,False,False,False
16676,1.0000,0.0000,False,False,False
16677,0.0000,1.0000,False,False,False
16678,1.0000,0.0000,False,False,False
16679,0.0000,1.0000,False,False,False
16680,0.0000,1.0000,False,False,False
16681,0.0000,1.0000,False,False,False
16682,1.0000,0.0000,False,False,False
16683,0.0000,1.0000,False,False,False
16684,1.0000,0.0000,False,False,False
16685,0.0000,1.0000,False,False,False
16686,1.0000,0.0000,False,False,False
16687,0.0000,1.0000,False,False,False
16688,1.0000,0.0000,False,False,False
16689,1.0000,0.0000,False,False,False
16690,1.0000,0.0000,False,False,False
16691,0.0000,1.0000,False,False,False
16692,1.0000,0.0000,False,False,False
16693,1.0000,0.0000,False,False,False
16694,1.0000,0.0000,False,False,False
16695,1.0000,0.0000,False,False,False
16696,0.0000,1.0000,False,False,False
16697,1.0000,0.0000,False,False,False
16698,0.0000,1.0000,False,False,False
16699,1.0000,0.0000,False,False,False
16700,1.0000,0.0000,False,False,False
16701,1.0000,0.0000,False,False,False
16702,1.0000,0.0000,False,False,False
16703,0.0000,1.0000,False,False,False
16704,1.0000,0.0000,False,False,False
16705,0.0000,1.0000,False,False,False
16706,0.0000,1.0000,False,False,False
16707,1.0000,0.0000,False,False,False
16708,1.0000,0.0000,False,False,False
16709,0.0000,1.0000,False,False,False
16710,0.0000,1.0000,False,False,False
16711,1.0000,0.0000,False,False,False
16712,1.0000,0.0000,False,False,False
16713,1.0000,0.0000,False,False,False
16714,1.0000,0.0000,False,False,False
16715,0.0000,1.0000,False,False,False
16716,1.0000,0.0000,False,False,False
16717,0.0000,1.0000,False,False,False
16718,1.0000,0.0000,False,False,False
16719,1.0000,0.0000,False,False,False
16720,0.0000,1.0000,False,False,False
16721,1.0000,0.0000,False,False,False
16722,0.0000,1.0000,False,False,False
16723,1.0000,0.0000,False,False,False
16724,1.0000,0.0000,False,False,False
16725,1.0000,0.0000,False,False,False
16726,0.0000,1.0000,False,False,False
16727,1.0000,0.0000,False,False,False
16728,1.0000,0.0000,False,False,False
16729,1.0000,0.0000,False,False,False
16730,0.0000,1.0000,False,False,False
16731,0.0000,1.0000,False,False,False
16732,1.0000,0.0000,False,False,False
16733,1.0000,0.0000,False,False,False
16734,1.0000,0.0000,False,False,False
16735,1.0000,0.0000,False,False,False
16736,0.0000,1.0000,False,False,False
16737,1.0000,0.0000,False,False,False
16738,1.0000,0.0000,False,False,False
16739,1.0000,0.0000,False,False,False
16740,1.0000,0.0000,False,False,False
16741,1.0000,0.0000,False,False,False
16742,1.0000,0.0000,False,False,False
16743,0.0000,1.0000,False,False,False
16744,1.0000,0.0000,False,False,False
16745,1.0000,0.0000,False,False,False
16746,1.0000,0.0000,False,False,False
16747,1.0000,0.0000,False,False,False
16748,1.0000,0.0000,False,False,False
16749,1.0000,0.0000,False,False,False
16750,0.0000,1.0000,False,False,False
16751,1.0000,0.0000,False,False,False
16752,1.0000,0.0000,False,False,False
16753,1.0000,0.0000,False,False,False
16754,1.0000,0.0000,False,False,False
16755,1.0000,0.0000,False,False,False
16756,1.0000,0.0000,False,False,False
16757,1.0000,0.0000,False,False,False
16758,0.0000,1.0000,False,False,False
16759,1.0000,0.0000,False,False,False
16760,0.0000,1.0000,False,False,False
16761,1.0000,0.0000,False,False,False
16762,1.0000,0.0000,False,False,False
16763,0.0000,1.0000,False,False,False
16764,1.0000,0.0000,False,False,False
16765,1.0000,0.0000,False,False,False
16766,1.0000,0.0000,False,False,False
16767,1.0000,0.0000,False,False,False
16768,0.0000,1.0000,False,False,False
16769,1.0000,0.0000,False,False,False
16770,1.0000,0.0000,False,False,False
16771,1.0000,0.0000,False,False,False
16772,0.0000,1.0000,False,False,False
16773,1.0000,0.0000,False,False,False
16774,1.0000,0.0000,False,False,False
16775,0.0000,1.0000,False,False,False
16776,0.0000,1.0000,False,False,False
16777,1.0000,0.0000,False,False,False
16778,1.0000,0.0000,False,False,False
16779,1.0000,0.0000,False,False,False
16780,1.0000,0.0000,False,False,False
16781,1.0000,0.0000,False,False,False
16782,1.0000,0.0000,False,False,False
16783,1.0000,0.0000,False,False,False
16784,1.0000,0.0000,False,False,False
16785,1.0000,0.0000,False,False,False
16786,1.0000,0.0000,False,False,False
16787,1.0000,0.0000,False,False,False
16788,1.0000,0.0000,False,False,False
16789,1.0000,0.0000,False,False,False
16790,1.0000,0.0000,False,False,False
16791,0.0000,1.0000,False,False,False
16792,0.0000,1.0000,False,False,False
16793,1.0000,0.0000,False,False,False
16794,0.0000,1.0000,False,False,False
16795,1.0000,0.0000,False,False,False
16796,1.0000,0.0000,False,False,False
16797,1.0000,0.0000,False,False,False
16798,1.0000,0.0000,False,False,False
16799,1.0000,0.0000,False,False,False
16800,1.0000,0.0000,False,False,False
16801,0.0000,1.0000,False,False,False
16802,0.0000,1.0000,False,False,False
16803,1.0000,0.0000,False,False,False
16804,1.0000,0.0000,False,False,False
16805,1.0000,0.0000,False,False,False
16806,1.0000,0.0000,False,False,False
16807,1.0000,0.0000,False,False,False
16808,0.0000,1.0000,False,False,False
16809,1.0000,0.0000,False,False,False
16810,1.0000,0.0000,False,False,False
16811,1.0000,0.0000,False,False,False
16812,1.0000,0.0000,False,False,False
16813,0.0000,1.0000,False,False,False
16814,0.0000,1.0000,False,False,False
16815,1.0000,0.0000,False,False,False
16816,1.0000,0.0000,False,False,False
16817,1.0000,0.0000,False,False,False
16818,0.0000,1.0000,False,False,False
16819,0.0000,1.0000,False,False,False
16820,1.0000,0.0000,False,False,False
16821,1.0000,0.0000,False,False,False
16822,0.0000,1.0000,False,False,False
16823,0.0000,1.0000,False,False,False
16824,1.0000,0.0000,False,False,False
16825,1.0000,0.0000,False,False,False
16826,1.0000,0.0000,False,False,False
16827,0.0000,1.0000,False,False,False
16828,1.0000,0.0000,False,False,False
16829,1.0000,0.0000,False,False,False
16830,1.0000,0.0000,False,False,False
16831,1.0000,0.0000,False,False,False
16832,1.0000,0.0000,False,False,False
16833,0.0000,1.0000,False,False,False
16834,1.0000,0.0000,False,False,False
16835,0.0000,1.0000,False,False,False
16836,1.0000,0.0000,False,False,False
16837,1.0000,0.0000,False,False,False
16838,1.0000,0.0000,False,False,False
16839,1.0000,0.0000,False,False,False
16840,1.0000,0.0000,False,False,False
16841,0.0000,1.0000,False,False,False
16842,1.0000,0.0000,False,False,False
16843,1.0000,0.0000,False,False,False
16844,1.0000,0.0000,False,False,False
16845,1.0000,0.0000,False,False,False
16846,1.0000,0.0000,False,False,False
16847,1.0000,0.0000,False,False,False
16848,1.0000,0.0000,False,False,False
16849,1.0000,0.0000,False,False,False
16850,0.0000,1.0000,False,False,False
16851,0.0000,1.0000,False,False,False
16852,1.0000,0.0000,False,False,False
16853,1.0000,0.0000,False,False,False
16854,1.0000,0.0000,False,False,False
16855,1.0000,0.0000,False,False,False
16856,1.0000,0.0000,False,False,False
16857,1.0000,0.0000,False,False,False
16858,1.0000,0.0000,False,False,False
16859,0.0000,1.0000,False,False,False
16860,1.0000,0.0000,False,False,False
16861,0.0000,1.0000,False,False,False
16862,0.0000,1.0000,False,False,False
16863,1.0000,0.0000,False,False,False
16864,0.0000,1.0000,False,False,False
16865,1.0000,0.0000,False,False,False
16866,1.0000,0.0000,False,False,False
16867,1.0000,0.0000,False,False,False
16868,1.0000,0.0000,False,False,False
16869,1.0000,0.0000,False,False,False
16870,1.0000,0.0000,False,False,False
16871,1.0000,0.0000,False,False,False
16872,1.0000,0.0000,False,False,False
16873,0.0000,1.0000,False,False,False
16874,1.0000,0.0000,False,False,False
16875,1.0000,0.0000,False,False,False
16876,1.0000,0.0000,False,False,False
16877,1.0000,0.0000,False,False,False
16878,0.0000,1.0000,False,False,False
16879,1.0000,0.0000,False,False,False
16880,0.0000,1.0000,False,False,False
16881,0.0000,1.0000,False,False,False
16882,1.0000,0.0000,False,False,False
16883,1.0000,0.0000,False,False,False
16884,1.0000,0.0000,False,False,False
16885,1.0000,0.0000,False,False,False
16886,0.0000,1.0000,False,False,False
16887,1.0000,0.0000,False,False,False
16888,1.0000,0.0000,False,False,False
16889,1.0000,0.0000,False,False,False
16890,0.0000,1.0000,False,False,False
16891,0.0000,1.0000,False,False,False
16892,1.0000,0.0000,False,False,False
16893,1.0000,0.0000,False,False,False
16894,1.0000,0.0000,False,False,False
16895,1.0000,0.0000,False,False,False
16896,0.0000,1.0000,False,False,False
16897,0.0000,1.0000,False,False,False
16898,1.0000,0.0000,False,False,False
16899,1.0000,0.0000,False,False,False
16900,0.0000,1.0000,False,False,False
16901,1.0000,0.0000,False,False,False
16902,1.0000,0.0000,False,False,False
16903,1.0000,0.0000,False,False,False
16904,1.0000,0.0000,False,False,False
16905,1.0000,0.0000,False,False,False
16906,1.0000,0.0000,False,False,False
16907,0.0000,1.0000,False,False,False
16908,0.0000,1.0000,False,False,False
16909,1.0000,0.0000,False,False,False
16910,1.0000,0.0000,False,False,False
16911,1.0000,0.0000,False,False,False
16912,0.0000,1.0000,False,False,False
16913,1.0000,0.0000,False,False,False
16914,0.0000,1.0000,False,False,False
16915,1.0000,0.0000,False,False,False
16916,1.0000,0.0000,False,False,False
16917,1.0000,0.0000,False,False,False
16918,1.0000,0.0000,False,False,False
16919,1.0000,0.0000,False,False,False
16920,1.0000,0.0000,False,False,False
16921,1.0000,0.0000,False,False,False
16922,0.0000,1.0000,False,False,False
16923,1.0000,0.0000,False,False,False
16924,1.0000,0.0000,False,False,False
16925,1.0000,0.0000,False,False,False
16926,1.0000,0.0000,False,False,False
16927,0.0000,1.0000,False,False,False
16928,0.0000,1.0000,False,False,False
16929,1.0000,0.0000,False,False,False
16930,1.0000,0.0000,False,False,False
16931,1.0000,0.0000,False,False,False
16932,1.0000,0.0000,False,False,False
16933,0.0000,1.0000,False,False,False
16934,1.0000,0.0000,False,False,False
16935,1.0000,0.0000,False,False,False
16936,1.0000,0.0000,False,False,False
16937,1.0000,0.0000,False,False,False
16938,1.0000,0.0000,False,False,False
16939,1.0000,0.0000,False,False,False
16940,1.0000,0.0000,False,False,False
16941,1.0000,0.0000,False,False,False
16942,1.0000,0.0000,False,False,False
16943,0.0000,1.0000,False,False,False
16944,1.0000,0.0000,False,False,False
16945,1.0000,0.0000,False,False,False
16946,1.0000,0.0000,False,False,False
16947,1.0000,0.0000,False,False,False
16948,1.0000,0.0000,False,False,False
16949,1.0000,0.0000,False,False,False
16950,1.0000,0.0000,False,False,False
16951,1.0000,0.0000,False,False,False
16952,1.0000,0.0000,False,False,False
16953,1.0000,0.0000,False,False,False
16954,1.0000,0.0000,False,False,False
16955,1.0000,0.0000,False,False,False
16956,1.0000,0.0000,False,False,False
16957,1.0000,0.0000,False,False,False
16958,1.0000,0.0000,False,False,False
16959,0.0000,1.0000,False,False,False
16960,0.0000,1.0000,False,False,False
16961,1.0000,0.0000,False,False,False
16962,1.0000,0.0000,False,False,False
16963,1.0000,0.0000,False,False,False
16964,1.0000,0.0000,False,False,False
16965,0.0000,1.0000,False,False,False
16966,1.0000,0.0000,False,False,False
16967,1.0000,0.0000,False,False,False
16968,1.0000,0.0000,False,False,False
16969,1.0000,0.0000,False,False,False
16970,1.0000,0.0000,False,False,False
16971,1.0000,0.0000,False,False,False
16972,0.0000,1.0000,False,False,False
16973,0.0000,1.0000,False,False,False
16974,1.0000,0.0000,False,False,False
16975,1.0000,0.0000,False,False,False
16976,1.0000,0.0000,False,False,False
16977,1.0000,0.0000,False,False,False
16978,1.0000,0.0000,False,False,False
16979,1.0000,0.0000,False,False,False
16980,1.0000,0.0000,False,False,False
16981,1.0000,0.0000,False,False,False
16982,0.0000,1.0000,False,False,False
16983,1.0000,0.0000,False,False,False
16984,1.0000,0.0000,False,False,False
16985,1.0000,0.0000,False,False,False
16986,0.0000,1.0000,False,False,False
16987,1.0000,0.0000,False,False,False
16988,0.0000,1.0000,False,False,False
16989,1.0000,0.0000,False,False,False
16990,1.0000,0.0000,False,False,False
16991,1.0000,0.0000,False,False,False
16992,1.0000,0.0000,False,False,False
16993,1.0000,0.0000,False,False,False
16994,1.0000,0.0000,False,False,False
16995,1.0000,0.0000,False,False,False
16996,1.0000,0.0000,False,False,False
16997,1.0000,0.0000,False,False,False
16998,1.0000,0.0000,False,False,False
16999,0.0000,1.0000,False,False,False
17000,1.0000,0.0000,False,False,False
17001,1.0000,0.0000,False,False,False
17002,0.0000,1.0000,False,False,False
17003,1.0000,0.0000,False,False,False
17004,1.0000,0.0000,False,False,False
17005,0.0000,1.0000,False,False,False
17006,0.0000,1.0000,False,False,False
17007,1.0000,0.0000,False,False,False
17008,0.0000,1.0000,False,False,False
17009,1.0000,0.0000,False,False,False
17010,1.0000,0.0000,False,False,False
17011,1.0000,0.0000,False,False,False
17012,1.0000,0.0000,False,False,False
17013,1.0000,0.0000,False,False,False
17014,1.0000,0.0000,False,False,False
17015,1.0000,0.0000,False,False,False
17016,1.0000,0.0000,False,False,False
17017,0.0000,1.0000,False,False,False
17018,1.0000,0.0000,False,False,False
17019,1.0000,0.0000,False,False,False
17020,0.0000,1.0000,False,False,False
17021,0.0000,1.0000,False,False,False
17022,1.0000,0.0000,False,False,False
17023,0.0000,1.0000,False,False,False
17024,1.0000,0.0000,False,False,False
17025,1.0000,0.0000,False,False,False
17026,1.0000,0.0000,False,False,False
17027,1.0000,0.0000,False,False,False
17028,1.0000,0.0000,False,False,False
17029,1.0000,0.0000,False,False,False
17030,0.0000,1.0000,False,False,False
17031,0.0000,1.0000,False,False,False
17032,1.0000,0.0000,False,False,False
17033,0.0000,1.0000,False,False,False
17034,0.0000,1.0000,False,False,False
17035,1.0000,0.0000,False,False,False
17036,0.0000,1.0000,False,False,False
17037,1.0000,0.0000,False,False,False
17038,1.0000,0.0000,False,False,False
17039,1.0000,0.0000,False,False,False
17040,1.0000,0.0000,False,False,False
17041,1.0000,0.0000,False,False,False
17042,1.0000,0.0000,False,False,False
17043,1.0000,0.0000,False,False,False
17044,1.0000,0.0000,False,False,False
17045,0.0000,1.0000,False,False,False
17046,1.0000,0.0000,False,False,False
17047,1.0000,0.0000,False,False,False
17048,1.0000,0.0000,False,False,False
17049,1.0000,0.0000,False,False,False
17050,0.0000,1.0000,False,False,False
17051,1.0000,0.0000,False,False,False
17052,0.0000,1.0000,False,False,False
17053,1.0000,0.0000,False,False,False
17054,1.0000,0.0000,False,False,False
17055,1.0000,0.0000,False,False,False
17056,0.0000,1.0000,False,False,False
17057,0.0000,1.0000,False,False,False
17058,1.0000,0.0000,False,False,False
17059,1.0000,0.0000,False,False,False
17060,1.0000,0.0000,False,False,False
17061,0.0000,1.0000,False,False,False
17062,0.0000,1.0000,False,False,False
17063,1.0000,0.0000,False,False,False
17064,1.0000,0.0000,False,False,False
17065,1.0000,0.0000,False,False,False
17066,1.0000,0.0000,False,False,False
17067,1.0000,0.0000,False,False,False
17068,1.0000,0.0000,False,False,False
17069,1.0000,0.0000,False,False,False
17070,0.0000,1.0000,False,False,False
17071,1.0000,0.0000,False,False,False
17072,0.0000,1.0000,False,False,False
17073,1.0000,0.0000,False,False,False
17074,1.0000,0.0000,False,False,False
17075,1.0000,0.0000,False,False,False
17076,0.0000,1.0000,False,False,False
17077,1.0000,0.0000,False,False,False
17078,1.0000,0.0000,False,False,False
17079,1.0000,0.0000,False,False,False
17080,1.0000,0.0000,False,False,False
17081,1.0000,0.0000,False,False,False
17082,0.0000,1.0000,False,False,False
17083,0.0000,1.0000,False,False,False
17084,1.0000,0.0000,False,False,False
17085,1.0000,0.0000,False,False,False
17086,1.0000,0.0000,False,False,False
17087,1.0000,0.0000,False,False,False
17088,1.0000,0.0000,False,False,False
17089,0.0000,1.0000,False,False,False
17090,1.0000,0.0000,False,False,False
17091,1.0000,0.0000,False,False,False
17092,1.0000,0.0000,False,False,False
17093,1.0000,0.0000,False,False,False
17094,1.0000,0.0000,False,False,False
17095,1.0000,0.0000,False,False,False
17096,1.0000,0.0000,False,False,False
17097,1.0000,0.0000,False,False,False
17098,1.0000,0.0000,False,False,False
17099,1.0000,0.0000,False,False,False
17100,0.0000,1.0000,False,False,False
17101,1.0000,0.0000,False,False,False
17102,1.0000,0.0000,False,False,False
17103,1.0000,0.0000,False,False,False
17104,1.0000,0.0000,False,False,False
17105,1.0000,0.0000,False,False,False
17106,0.0000,1.0000,False,False,False
17107,1.0000,0.0000,False,False,False
17108,0.0000,1.0000,False,False,False
17109,1.0000,0.0000,False,False,False
17110,1.0000,0.0000,False,False,False
17111,1.0000,0.0000,False,False,False
17112,0.0000,1.0000,False,False,False
17113,1.0000,0.0000,False,False,False
17114,1.0000,0.0000,False,False,False
17115,1.0000,0.0000,False,False,False
17116,1.0000,0.0000,False,False,False
17117,1.0000,0.0000,False,False,False
17118,1.0000,0.0000,False,False,False
17119,1.0000,0.0000,False,False,False
17120,0.0000,1.0000,False,False,False
17121,1.0000,0.0000,False,False,False
17122,1.0000,0.0000,False,False,False
17123,0.0000,1.0000,False,False,False
17124,1.0000,0.0000,False,False,False
17125,1.0000,0.0000,False,False,False
17126,1.0000,0.0000,False,False,False
17127,1.0000,0.0000,False,False,False
17128,1.0000,0.0000,False,False,False
17129,0.0000,1.0000,False,False,False
17130,1.0000,0.0000,False,False,False
17131,1.0000,0.0000,False,False,False
17132,1.0000,0.0000,False,False,False
17133,0.0000,1.0000,False,False,False
17134,1.0000,0.0000,False,False,False
17135,1.0000,0.0000,False,False,False
17136,1.0000,0.0000,False,False,False
17137,1.0000,0.0000,False,False,False
17138,1.0000,0.0000,False,False,False
17139,0.0000,1.0000,False,False,False
17140,1.0000,0.0000,False,False,False
17141,0.0000,1.0000,False,False,False
17142,1.0000,0.0000,False,False,False
17143,1.0000,0.0000,False,False,False
17144,1.0000,0.0000,False,False,False
17145,1.0000,0.0000,False,False,False
17146,0.0000,1.0000,False,False,False
17147,1.0000,0.0000,False,False,False
17148,0.0000,1.0000,False,False,False
17149,1.0000,0.0000,False,False,False
17150,1.0000,0.0000,False,False,False
17151,1.0000,0.0000,False,False,False
17152,0.0000,1.0000,False,False,False
17153,1.0000,0.0000,False,False,False
17154,0.0000,1.0000,False,False,False
17155,1.0000,0.0000,False,False,False
17156,1.0000,0.0000,False,False,False
17157,1.0000,0.0000,False,False,False
17158,1.0000,0.0000,False,False,False
17159,1.0000,0.0000,False,False,False
17160,1.0000,0.0000,False,False,False
17161,1.0000,0.0000,False,False,False
17162,0.0000,1.0000,False,False,False
17163,0.0000,1.0000,False,False,False
17164,1.0000,0.0000,False,False,False
17165,1.0000,0.0000,False,False,False
17166,1.0000,0.0000,False,False,False
17167,1.0000,0.0000,False,False,False
17168,1.0000,0.0000,False,False,False
17169,1.0000,0.0000,False,False,False
17170,1.0000,0.0000,False,False,False
17171,1.0000,0.0000,False,False,False
17172,1.0000,0.0000,False,False,False
17173,0.0000,1.0000,False,False,False
17174,0.0000,1.0000,False,False,False
17175,1.0000,0.0000,False,False,False
17176,0.0000,1.0000,False,False,False
17177,1.0000,0.0000,False,False,False
17178,1.0000,0.0000,False,False,False
17179,0.0000,1.0000,False,False,False
17180,1.0000,0.0000,False,False,False
17181,1.0000,0.0000,False,False,False
17182,1.0000,0.0000,False,False,False
17183,1.0000,0.0000,False,False,False
17184,1.0000,0.0000,False,False,False
17185,1.0000,0.0000,False,False,False
17186,0.0000,1.0000,False,False,False
17187,1.0000,0.0000,False,False,False
17188,0.0000,1.0000,False,False,False
17189,1.0000,0.0000,False,False,False
17190,0.0000,1.0000,False,False,False
17191,0.0000,1.0000,False,False,False
17192,1.0000,0.0000,False,False,False
17193,0.0000,1.0000,False,False,False
17194,1.0000,0.0000,False,False,False
17195,0.0000,1.0000,False,False,False
17196,1.0000,0.0000,False,False,False
17197,1.0000,0.0000,False,False,False
17198,0.0000,1.0000,False,False,False
17199,1.0000,0.0000,False,False,False
17200,0.0000,1.0000,False,False,False
17201,1.0000,0.0000,False,False,False
17202,1.0000,0.0000,False,False,False
17203,1.0000,0.0000,False,False,False
17204,1.0000,0.0000,False,False,False
17205,1.0000,0.0000,False,False,False
17206,1.0000,0.0000,False,False,False
17207,1.0000,0.0000,False,False,False
17208,1.0000,0.0000,False,False,False
17209,1.0000,0.0000,False,False,False
17210,0.0000,1.0000,False,False,False
17211,0.0000,1.0000,False,False,False
17212,1.0000,0.0000,False,False,False
17213,0.0000,1.0000,False,False,False
17214,1.0000,0.0000,False,False,False
17215,0.0000,1.0000,False,False,False
17216,1.0000,0.0000,False,False,False
17217,1.0000,0.0000,False,False,False
17218,0.0000,1.0000,False,False,False
17219,1.0000,0.0000,False,False,False
17220,1.0000,0.0000,False,False,False
17221,1.0000,0.0000,False,False,False
17222,1.0000,0.0000,False,False,False
17223,1.0000,0.0000,False,False,False
17224,1.0000,0.0000,False,False,False
17225,1.0000,0.0000,False,False,False
17226,0.0000,1.0000,False,False,False
17227,1.0000,0.0000,False,False,False
17228,1.0000,0.0000,False,False,False
17229,1.0000,0.0000,False,False,False
17230,1.0000,0.0000,False,False,False
17231,1.0000,0.0000,False,False,False
17232,1.0000,0.0000,False,False,False
17233,1.0000,0.0000,False,False,False
17234,0.0000,1.0000,False,False,False
17235,1.0000,0.0000,False,False,False
17236,0.0000,1.0000,False,False,False
17237,1.0000,0.0000,False,False,False
17238,1.0000,0.0000,False,False,False
17239,1.0000,0.0000,False,False,False
17240,1.0000,0.0000,False,False,False
17241,1.0000,0.0000,False,False,False
17242,0.0000,1.0000,False,False,False
17243,0.0000,1.0000,False,False,False
17244,0.0000,1.0000,False,False,False
17245,1.0000,0.0000,False,False,False
17246,0.0000,1.0000,False,False,False
17247,0.0000,1.0000,False,False,False
17248,0.0000,1.0000,False,False,False
17249,1.0000,0.0000,False,False,False
17250,1.0000,0.0000,False,False,False
17251,1.0000,0.0000,False,False,False
17252,1.0000,0.0000,False,False,False
17253,0.0000,1.0000,False,False,False
17254,1.0000,0.0000,False,False,False
17255,1.0000,0.0000,False,False,False
17256,0.0000,1.0000,False,False,False
17257,0.0000,1.0000,False,False,False
17258,1.0000,0.0000,False,False,False
17259,0.0000,1.0000,False,False,False
17260,1.0000,0.0000,False,False,False
17261,1.0000,0.0000,False,False,False
17262,1.0000,0.0000,False,False,False
17263,0.0000,1.0000,False,False,False
17264,1.0000,0.0000,False,False,False
17265,0.0000,1.0000,False,False,False
17266,1.0000,0.0000,False,False,False
17267,0.0000,1.0000,False,False,False
17268,1.0000,0.0000,False,False,False
17269,1.0000,0.0000,False,False,False
17270,1.0000,0.0000,False,False,False
17271,1.0000,0.0000,False,False,False
17272,0.0000,1.0000,False,False,False
17273,0.0000,1.0000,False,False,False
17274,1.0000,0.0000,False,False,False
17275,1.0000,0.0000,False,False,False
17276,0.0000,1.0000,False,False,False
17277,1.0000,0.0000,False,False,False
17278,1.0000,0.0000,False,False,False
17279,0.0000,1.0000,False,False,False
17280,1.0000,0.0000,False,False,False
17281,1.0000,0.0000,False,False,False
17282,1.0000,0.0000,False,False,False
17283,1.0000,0.0000,False,False,False
17284,0.0000,1.0000,False,False,False
17285,1.0000,0.0000,False,False,False
17286,0.0000,1.0000,False,False,False
17287,1.0000,0.0000,False,False,False
17288,1.0000,0.0000,False,False,False
17289,1.0000,0.0000,False,False,False
17290,1.0000,0.0000,False,False,False
17291,0.0000,1.0000,False,False,False
17292,1.0000,0.0000,False,False,False
17293,1.0000,0.0000,False,False,False
17294,0.0000,1.0000,False,False,False
17295,1.0000,0.0000,False,False,False
17296,1.0000,0.0000,False,False,False
17297,1.0000,0.0000,False,False,False
17298,1.0000,0.0000,False,False,False
17299,1.0000,0.0000,False,False,False
17300,1.0000,0.0000,False,False,False
17301,1.0000,0.0000,False,False,False
17302,1.0000,0.0000,False,False,False
17303,1.0000,0.0000,False,False,False
17304,1.0000,0.0000,False,False,False
17305,1.0000,0.0000,False,False,False
17306,0.0000,1.0000,False,False,False
17307,0.0000,1.0000,False,False,False
17308,1.0000,0.0000,False,False,False
17309,1.0000,0.0000,False,False,False
17310,0.0000,1.0000,False,False,False
17311,1.0000,0.0000,False,False,False
17312,1.0000,0.0000,False,False,False
17313,0.0000,1.0000,False,False,False
17314,1.0000,0.0000,False,False,False
17315,0.0000,1.0000,False,False,False
17316,0.0000,1.0000,False,False,False
17317,1.0000,0.0000,False,False,False
17318,1.0000,0.0000,False,False,False
17319,0.0000,1.0000,False,False,False
17320,1.0000,0.0000,False,False,False
17321,1.0000,0.0000,False,False,False
17322,0.0000,1.0000,False,False,False
17323,0.0000,1.0000,False,False,False
17324,1.0000,0.0000,False,False,False
17325,1.0000,0.0000,False,False,False
17326,1.0000,0.0000,False,False,False
17327,1.0000,0.0000,False,False,False
17328,1.0000,0.0000,False,False,False
17329,0.0000,1.0000,False,False,False
17330,1.0000,0.0000,False,False,False
17331,0.0000,1.0000,False,False,False
17332,1.0000,0.0000,False,False,False
17333,1.0000,0.0000,False,False,False
17334,1.0000,0.0000,False,False,False
17335,1.0000,0.0000,False,False,False
17336,1.0000,0.0000,False,False,False
17337,1.0000,0.0000,False,False,False
17338,1.0000,0.0000,False,False,False
17339,0.0000,1.0000,False,False,False
17340,0.0000,1.0000,False,False,False
17341,0.0000,1.0000,False,False,False
17342,1.0000,0.0000,False,False,False
17343,1.0000,0.0000,False,False,False
17344,1.0000,0.0000,False,False,False
17345,0.0000,1.0000,False,False,False
17346,1.0000,0.0000,False,False,False
17347,1.0000,0.0000,False,False,False
17348,1.0000,0.0000,False,False,False
17349,1.0000,0.0000,False,False,False
17350,0.0000,1.0000,False,False,False
17351,1.0000,0.0000,False,False,False
17352,0.0000,1.0000,False,False,False
17353,0.0000,1.0000,False,False,False
17354,1.0000,0.0000,False,False,False
17355,1.0000,0.0000,False,False,False
17356,0.0000,1.0000,False,False,False
17357,1.0000,0.0000,False,False,False
17358,1.0000,0.0000,False,False,False
17359,0.0000,1.0000,False,False,False
17360,0.0000,1.0000,False,False,False
17361,1.0000,0.0000,False,False,False
17362,0.0000,1.0000,False,False,False
17363,0.0000,1.0000,False,False,False
17364,1.0000,0.0000,False,False,False
17365,1.0000,0.0000,False,False,False
17366,0.0000,1.0000,False,False,False
17367,1.0000,0.0000,False,False,False
17368,1.0000,0.0000,False,False,False
17369,1.0000,0.0000,False,False,False
17370,1.0000,0.0000,False,False,False
17371,1.0000,0.0000,False,False,False
17372,1.0000,0.0000,False,False,False
17373,0.0000,1.0000,False,False,False
17374,1.0000,0.0000,False,False,False
17375,1.0000,0.0000,False,False,False
17376,1.0000,0.0000,False,False,False
17377,1.0000,0.0000,False,False,False
17378,1.0000,0.0000,False,False,False
17379,0.0000,1.0000,False,False,False
17380,1.0000,0.0000,False,False,False
17381,1.0000,0.0000,False,False,False
17382,1.0000,0.0000,False,False,False
17383,1.0000,0.0000,False,False,False
17384,1.0000,0.0000,False,False,False
17385,1.0000,0.0000,False,False,False
17386,1.0000,0.0000,False,False,False
17387,1.0000,0.0000,False,False,False
17388,1.0000,0.0000,False,False,False
17389,1.0000,0.0000,False,False,False
17390,1.0000,0.0000,False,False,False
17391,1.0000,0.0000,False,False,False
17392,1.0000,0.0000,False,False,False
17393,1.0000,0.0000,False,False,False
17394,1.0000,0.0000,False,False,False
17395,1.0000,0.0000,False,False,False
17396,0.0000,1.0000,False,False,False
17397,1.0000,0.0000,False,False,False
17398,1.0000,0.0000,False,False,False
17399,1.0000,0.0000,False,False,False
17400,1.0000,0.0000,False,False,False
17401,0.0000,1.0000,False,False,False
17402,1.0000,0.0000,False,False,False
17403,0.0000,1.0000,False,False,False
17404,1.0000,0.0000,False,False,False
17405,0.0000,1.0000,False,False,False
17406,1.0000,0.0000,False,False,False
17407,1.0000,0.0000,False,False,False
17408,0.0000,1.0000,False,False,False
17409,1.0000,0.0000,False,False,False
17410,1.0000,0.0000,False,False,False
17411,1.0000,0.0000,False,False,False
17412,1.0000,0.0000,False,False,False
17413,0.0000,1.0000,False,False,False
17414,1.0000,0.0000,False,False,False
17415,1.0000,0.0000,False,False,False
17416,0.0000,1.0000,False,False,False
17417,1.0000,0.0000,False,False,False
17418,1.0000,0.0000,False,False,False
17419,1.0000,0.0000,False,False,False
17420,1.0000,0.0000,False,False,False
17421,1.0000,0.0000,False,False,False
17422,0.0000,1.0000,False,False,False
17423,0.0000,1.0000,False,False,False
17424,0.0000,1.0000,False,False,False
17425,1.0000,0.0000,False,False,False
17426,1.0000,0.0000,False,False,False
17427,1.0000,0.0000,False,False,False
17428,1.0000,0.0000,False,False,False
17429,1.0000,0.0000,False,False,False
17430,1.0000,0.0000,False,False,False
17431,1.0000,0.0000,False,False,False
17432,1.0000,0.0000,False,False,False
17433,0.0000,1.0000,False,False,False
17434,1.0000,0.0000,False,False,False
17435,1.0000,0.0000,False,False,False
17436,0.0000,1.0000,False,False,False
17437,1.0000,0.0000,False,False,False
17438,1.0000,0.0000,False,False,False
17439,1.0000,0.0000,False,False,False
17440,1.0000,0.0000,False,False,False
17441,1.0000,0.0000,False,False,False
17442,1.0000,0.0000,False,False,False
17443,1.0000,0.0000,False,False,False
17444,0.0000,1.0000,False,False,False
17445,1.0000,0.0000,False,False,False
17446,1.0000,0.0000,False,False,False
17447,1.0000,0.0000,False,False,False
17448,0.0000,1.0000,False,False,False
17449,0.0000,1.0000,False,False,False
17450,0.0000,1.0000,False,False,False
17451,1.0000,0.0000,False,False,False
17452,1.0000,0.0000,False,False,False
17453,1.0000,0.0000,False,False,False
17454,1.0000,0.0000,False,False,False
17455,1.0000,0.0000,False,False,False
17456,0.0000,1.0000,False,False,False
17457,1.0000,0.0000,False,False,False
17458,1.0000,0.0000,False,False,False
17459,1.0000,0.0000,False,False,False
17460,1.0000,0.0000,False,False,False
17461,1.0000,0.0000,False,False,False
17462,1.0000,0.0000,False,False,False
17463,1.0000,0.0000,False,False,False
17464,1.0000,0.0000,False,False,False
17465,1.0000,0.0000,False,False,False
17466,1.0000,0.0000,False,False,False
17467,1.0000,0.0000,False,False,False
17468,1.0000,0.0000,False,False,False
17469,1.0000,0.0000,False,False,False
17470,0.0000,1.0000,False,False,False
17471,1.0000,0.0000,False,False,False
17472,1.0000,0.0000,False,False,False
17473,1.0000,0.0000,False,False,False
17474,1.0000,0.0000,False,False,False
17475,0.0000,1.0000,False,False,False
17476,1.0000,0.0000,False,False,False
17477,1.0000,0.0000,False,False,False
17478,1.0000,0.0000,False,False,False
17479,1.0000,0.0000,False,False,False
17480,0.0000,1.0000,False,False,False
17481,1.0000,0.0000,False,False,False
17482,1.0000,0.0000,False,False,False
17483,0.0000,1.0000,False,False,False
17484,1.0000,0.0000,False,False,False
17485,1.0000,0.0000,False,False,False
17486,0.0000,1.0000,False,False,False
17487,1.0000,0.0000,False,False,False
17488,1.0000,0.0000,False,False,False
17489,1.0000,0.0000,False,False,False
17490,1.0000,0.0000,False,False,False
17491,1.0000,0.0000,False,False,False
17492,0.0000,1.0000,False,False,False
17493,1.0000,0.0000,False,False,False
17494,1.0000,0.0000,False,False,False
17495,1.0000,0.0000,False,False,False
17496,1.0000,0.0000,False,False,False
17497,1.0000,0.0000,False,False,False
17498,1.0000,0.0000,False,False,False
17499,0.0000,1.0000,False,False,False
17500,1.0000,0.0000,True,True,False
17501,0.0000,1.0000,True,True,False
17502,1.0000,0.0000,True,True,False
17503,0.0000,1.0000,True,True,False
17504,1.0000,0.0000,True,True,False
17505,0.0000,1.0000,True,True,False
17506,1.0000,0.0000,True,True,False
17507,1.0000,0.0000,True,True,False
17508,1.0000,0.0000,True,True,False
17509,1.0000,0.0000,True,True,False
17510,1.0000,0.0000,True,False,True
17511,1.0000,0.0000,False,False,False
17512,1.0000,0.0000,False,False,False
17513,1.0000,0.0000,False,False,False
17514,1.0000,0.0000,False,False,False
17515,1.0000,0.0000,False,False,False
17516,1.0000,0.0000,False,False,False
17517,1.0000,0.0000,False,False,False
17518,1.0000,0.0000,False,False,False
17519,0.0000,1.0000,False,False,False
17520,1.0000,0.0000,False,False,False
17521,1.0000,0.0000,False,False,False
17522,1.0000,0.0000,False,False,False
17523,0.0000,1.0000,False,False,False
17524,0.0000,1.0000,False,False,False
17525,0.0000,1.0000,False,False,False
17526,1.0000,0.0000,False,False,False
17527,1.0000,0.0000,False,False,False
17528,1.0000,0.0000,False,False,False
17529,1.0000,0.0000,False,False,False
17530,1.0000,0.0000,False,False,False
17531,1.0000,0.0000,False,False,False
17532,1.0000,0.0000,False,False,False
17533,1.0000,0.0000,False,False,False
17534,0.0000,1.0000,False,False,False
17535,1.0000,0.0000,False,False,False
17536,1.0000,0.0000,False,False,False
17537,1.0000,0.0000,False,False,False
17538,0.0000,1.0000,False,False,False
17539,1.0000,0.0000,False,False,False
17540,1.0000,0.0000,False,False,False
17541,1.0000,0.0000,False,False,False
17542,1.0000,0.0000,False,False,False
17543,1.0000,0.0000,False,False,False
17544,1.0000,0.0000,False,False,False
17545,1.0000,0.0000,False,False,False
17546,0.0000,1.0000,False,False,False
17547,0.0000,1.0000,False,False,False
17548,1.0000,0.0000,False,False,False
17549,1.0000,0.0000,False,False,False
17550,0.0000,1.0000,False,False,False
17551,1.0000,0.0000,False,False,False
17552,1.0000,0.0000,False,False,False
17553,1.0000,0.0000,False,False,False
17554,1.0000,0.0000,False,False,False
17555,0.0000,1.0000,False,False,False
17556,0.0000,1.0000,False,False,False
17557,1.0000,0.0000,False,False,False
17558,0.0000,1.0000,False,False,False
17559,0.0000,1.0000,False,False,False
17560,1.0000,0.0000,False,False,False
17561,1.0000,0.0000,False,False,False
17562,1.0000,0.0000,False,False,False
17563,1.0000,0.0000,False,False,False
17564,1.0000,0.0000,False,False,False
17565,1.0000,0.0000,False,False,False
17566,1.0000,0.0000,False,False,False
17567,1.0000,0.0000,False,False,False
17568,1.0000,0.0000,False,False,False
17569,1.0000,0.0000,False,False,False
17570,1.0000,0.0000,False,False,False
17571,1.0000,0.0000,False,False,False
17572,1.0000,0.0000,False,False,False
17573,1.0000,0.0000,False,False,False
17574,1.0000,0.0000,False,False,False
17575,1.0000,0.0000,False,False,False
17576,1.0000,0.0000,False,False,False
17577,1.0000,0.0000,False,False,False
17578,0.0000,1.0000,False,False,False
17579,1.0000,0.0000,False,False,False
17580,0.0000,1.0000,False,False,False
17581,1.0000,0.0000,False,False,False
17582,0.0000,1.0000,False,False,False
17583,1.0000,0.0000,False,False,False
17584,1.0000,0.0000,False,False,False
17585,1.0000,0.0000,False,False,False
17586,1.0000,0.0000,False,False,False
17587,1.0000,0.0000,False,False,False
17588,1.0000,0.0000,False,False,False
17589,1.0000,0.0000,False,False,False
17590,1.0000,0.0000,False,False,False
17591,0.0000,1.0000,False,False,False
17592,1.0000,0.0000,False,False,False
17593,1.0000,0.0000,False,False,False
17594,0.0000,1.0000,False,False,False
17595,1.0000,0.0000,False,False,False
17596,0.0000,1.0000,False,False,False
17597,0.0000,1.0000,False,False,False
17598,1.0000,0.0000,False,False,False
17599,1.0000,0.0000,False,False,False
17600,1.0000,0.0000,False,False,False
17601,0.0000,1.0000,False,False,False
17602,0.0000,1.0000,False,False,False
17603,0.0000,1.0000,False,False,False
17604,1.0000,0.0000,False,False,False
17605,0.0000,1.0000,False,False,False
17606,1.0000,0.0000,False,False,False
17607,1.0000,0.0000,False,False,False
17608,1.0000,0.0000,False,False,False
17609,1.0000,0.0000,False,False,False
17610,0.0000,1.0000,False,False,False
17611,1.0000,0.0000,False,False,False
17612,1.0000,0.0000,False,False,False
17613,1.0000,0.0000,False,False,False
17614,1.0000,0.0000,False,False,False
17615,1.0000,0.0000,False,False,False
17616,1.0000,0.0000,False,False,False
17617,1.0000,0.0000,False,False,False
17618,1.0000,0.0000,False,False,False
17619,1.0000,0.0000,False,False,False
17620,1.0000,0.0000,False,False,False
17621,0.0000,1.0000,False,False,False
17622,1.0000,0.0000,False,False,False
17623,1.0000,0.0000,False,False,False
17624,1.0000,0.0000,False,False,False
17625,0.0000,1.0000,False,False,False
17626,1.0000,0.0000,False,False,False
17627,1.0000,0.0000,False,False,False
17628,0.0000,1.0000,False,False,False
17629,1.0000,0.0000,False,False,False
17630,0.0000,1.0000,False,False,False
17631,1.0000,0.0000,False,False,False
17632,0.0000,1.0000,False,False,False
17633,0.0000,1.0000,False,False,False
17634,1.0000,0.0000,False,False,False
17635,1.0000,0.0000,False,False,False
17636,0.0000,1.0000,False,False,False
17637,1.0000,0.0000,False,False,False
17638,1.0000,0.0000,False,False,False
17639,1.0000,0.0000,False,False,False
17640,1.0000,0.0000,False,False,False
17641,1.0000,0.0000,False,False,False
17642,1.0000,0.0000,False,False,False
17643,1.0000,0.0000,False,False,False
17644,0.0000,1.0000,False,False,False
17645,0.0000,1.0000,False,False,False
17646,1.0000,0.0000,False,False,False
17647,1.0000,0.0000,False,False,False
17648,1.0000,0.0000,False,False,False
17649,1.0000,0.0000,False,False,False
17650,0.0000,1.0000,False,False,False
17651,0.0000,1.0000,False,False,False
17652,0.0000,1.0000,False,False,False
17653,1.0000,0.0000,False,False,False
17654,1.0000,0.0000,False,False,False
17655,1.0000,0.0000,False,False,False
17656,1.0000,0.0000,False,False,False
17657,1.0000,0.0000,False,False,False
17658,1.0000,0.0000,False,False,False
17659,1.0000,0.0000,False,False,False
17660,0.0000,1.0000,False,False,False
17661,1.0000,0.0000,False,False,False
17662,0.0000,1.0000,False,False,False
17663,1.0000,0.0000,False,False,False
17664,1.0000,0.0000,False,False,False
17665,1.0000,0.0000,False,False,False
17666,0.0000,1.0000,False,False,False
17667,1.0000,0.0000,False,False,False
17668,1.0000,0.0000,False,False,False
17669,1.0000,0.0000,False,False,False
17670,0.0000,1.0000,False,False,False
17671,1.0000,0.0000,False,False,False
17672,1.0000,0.0000,False,False,False
17673,1.0000,0.0000,False,False,False
17674,0.0000,1.0000,False,False,False
17675,1.0000,0.0000,False,False,False
17676,1.0000,0.0000,False,False,False
17677,0.0000,1.0000,False,False,False
17678,1.0000,0.0000,False,False,False
17679,1.0000,0.0000,False,False,False
17680,1.0000,0.0000,False,False,False
17681,1.0000,0.0000,False,False,False
17682,1.0000,0.0000,False,False,False
17683,1.0000,0.0000,False,False,False
17684,1.0000,0.0000,False,False,False
17685,0.0000,1.0000,False,False,False
17686,1.0000,0.0000,False,False,False
17687,1.0000,0.0000,False,False,False
17688,1.0000,0.0000,False,False,False
17689,1.0000,0.0000,False,False,False
17690,1.0000,0.0000,False,False,False
17691,1.0000,0.0000,False,False,False
17692,0.0000,1.0000,False,False,False
17693,1.0000,0.0000,False,False,False
17694,1.0000,0.0000,False,False,False
17695,1.0000,0.0000,False,False,False
17696,0.0000,1.0000,False,False,False
17697,1.0000,0.0000,False,False,False
17698,1.0000,0.0000,False,False,False
17699,1.0000,0.0000,False,False,False
17700,0.0000,1.0000,False,False,False
17701,1.0000,0.0000,False,False,False
17702,1.0000,0.0000,False,False,False
17703,1.0000,0.0000,False,False,False
17704,1.0000,0.0000,False,False,False
17705,1.0000,0.0000,False,False,False
17706,1.0000,0.0000,False,False,False
17707,1.0000,0.0000,False,False,False
17708,1.0000,0.0000,False,False,False
17709,1.0000,0.0000,False,False,False
17710,1.0000,0.0000,False,False,False
17711,0.0000,1.0000,False,False,False
17712,0.0000,1.0000,False,False,False
17713,1.0000,0.0000,False,False,False
17714,1.0000,0.0000,False,False,False
17715,1.0000,0.0000,False,False,False
17716,1.0000,0.0000,False,False,False
17717,0.0000,1.0000,False,False,False
17718,1.0000,0.0000,False,False,False
17719,0.0000,1.0000,False,False,False
17720,1.0000,0.0000,False,False,False
17721,1.0000,0.0000,False,False,False
17722,1.0000,0.0000,False,False,False
17723,0.0000,1.0000,False,False,False
17724,1.0000,0.0000,False,False,False
17725,1.0000,0.0000,False,False,False
17726,1.0000,0.0000,False,False,False
17727,1.0000,0.0000,False,False,False
17728,0.0000,1.0000,False,False,False
17729,1.0000,0.0000,False,False,False
17730,1.0000,0.0000,False,False,False
17731,0.0000,1.0000,False,False,False
17732,1.0000,0.0000,False,False,False
17733,0.0000,1.0000,False,False,False
17734,0.0000,1.0000,False,False,False
17735,1.0000,0.0000,False,False,False
17736,1.0000,0.0000,False,False,False
17737,1.0000,0.0000,False,False,False
17738,0.0000,1.0000,False,False,False
17739,1.0000,0.0000,False,False,False
17740,1.0000,0.0000,False,False,False
17741,1.0000,0.0000,False,False,False
17742,1.0000,0.0000,False,False,False
17743,1.0000,0.0000,False,False,False
17744,1.0000,0.0000,False,False,False
17745,1.0000,0.0000,False,False,False
17746,0.0000,1.0000,False,False,False
17747,0.0000,1.0000,False,False,False
17748,0.0000,1.0000,False,False,False
17749,0.0000,1.0000,False,False,False
17750,1.0000,0.0000,False,False,False
17751,0.0000,1.0000,False,False,False
17752,1.0000,0.0000,False,False,False
17753,0.0000,1.0000,False,False,False
17754,1.0000,0.0000,False,False,False
17755,1.0000,0.0000,False,False,False
17756,0.0000,1.0000,False,False,False
17757,1.0000,0.0000,False,False,False
17758,0.0000,1.0000,False,False,False
17759,1.0000,0.0000,False,False,False
17760,1.0000,0.0000,False,False,False
17761,1.0000,0.0000,False,False,False
17762,1.0000,0.0000,False,False,False
17763,1.0000,0.0000,False,False,False
17764,1.0000,0.0000,False,False,False
17765,0.0000,1.0000,False,False,False
17766,1.0000,0.0000,False,False,False
17767,0.0000,1.0000,False,False,False
17768,1.0000,0.0000,False,False,False
17769,0.0000,1.0000,False,False,False
17770,1.0000,0.0000,False,False,False
17771,1.0000,0.0000,False,False,False
17772,1.0000,0.0000,False,False,False
17773,1.0000,0.0000,False,False,False
17774,1.0000,0.0000,False,False,False
17775,0.0000,1.0000,False,False,False
17776,1.0000,0.0000,False,False,False
17777,0.0000,1.0000,False,False,False
17778,1.0000,0.0000,False,False,False
17779,1.0000,0.0000,False,False,False
17780,1.0000,0.0000,False,False,False
17781,1.0000,0.0000,False,False,False
17782,1.0000,0.0000,False,False,False
17783,1.0000,0.0000,False,False,False
17784,1.0000,0.0000,False,False,False
17785,0.0000,1.0000,False,False,False
17786,0.0000,1.0000,False,False,False
17787,1.0000,0.0000,False,False,False
17788,1.0000,0.0000,False,False,False
17789,1.0000,0.0000,False,False,False
17790,1.0000,0.0000,False,False,False
17791,1.0000,0.0000,False,False,False
17792,0.0000,1.0000,False,False,False
17793,0.0000,1.0000,False,False,False
17794,0.0000,1.0000,False,False,False
17795,1.0000,0.0000,False,False,False
17796,0.0000,1.0000,False,False,False
17797,1.0000,0.0000,False,False,False
17798,1.0000,0.0000,False,False,False
17799,1.0000,0.0000,False,False,False
17800,1.0000,0.0000,False,False,False
17801,1.0000,0.0000,False,False,False
17802,0.0000,1.0000,False,False,False
17803,1.0000,0.0000,False,False,False
17804,0.0000,1.0000,False,False,False
17805,1.0000,0.0000,False,False,False
17806,1.0000,0.0000,False,False,False
17807,1.0000,0.0000,False,False,False
17808,1.0000,0.0000,False,False,False
17809,1.0000,0.0000,False,False,False
17810,1.0000,0.0000,False,False,False
17811,1.0000,0.0000,False,False,False
17812,1.0000,0.0000,False,False,False
17813,1.0000,0.0000,False,False,False
17814,0.0000,1.0000,False,False,False
17815,1.0000,0.0000,False,False,False
17816,0.0000,1.0000,False,False,False
17817,1.0000,0.0000,False,False,False
17818,0.0000,1.0000,False,False,False
17819,1.0000,0.0000,False,False,False
17820,0.0000,1.0000,False,False,False
17821,1.0000,0.0000,False,False,False
17822,1.0000,0.0000,False,False,False
17823,1.0000,0.0000,False,False,False
17824,0.0000,1.0000,False,False,False
17825,1.0000,0.0000,False,False,False
17826,1.0000,0.0000,False,False,False
17827,1.0000,0.0000,False,False,False
17828,1.0000,0.0000,False,False,False
17829,1.0000,0.0000,False,False,False
17830,1.0000,0.0000,False,False,False
17831,1.0000,0.0000,False,False,False
17832,1.0000,0.0000,False,False,False
17833,1.0000,0.0000,False,False,False
17834,1.0000,0.0000,False,False,False
17835,1.0000,0.0000,False,False,False
17836,0.0000,1.0000,False,False,False
17837,1.0000,0.0000,False,False,False
17838,0.0000,1.0000,False,False,False
17839,1.0000,0.0000,False,False,False
17840,0.0000,1.0000,False,False,False
17841,1.0000,0.0000,False,False,False
17842,1.0000,0.0000,False,False,False
17843,1.0000,0.0000,False,False,False
17844,0.0000,1.0000,False,False,False
17845,1.0000,0.0000,False,False,False
17846,1.0000,0.0000,False,False,False
17847,1.0000,0.0000,False,False,False
17848,1.0000,0.0000,False,False,False
17849,1.0000,0.0000,False,False,False
17850,1.0000,0.0000,False,False,False
17851,1.0000,0.0000,False,False,False
17852,1.0000,0.0000,False,False,False
17853,1.0000,0.0000,False,False,False
17854,1.0000,0.0000,False,False,False
17855,1.0000,0.0000,False,False,False
17856,1.0000,0.0000,False,False,False
17857,1.0000,0.0000,False,False,False
17858,0.0000,1.0000,False,False,False
17859,0.0000,1.0000,False,False,False
17860,1.0000,0.0000,False,False,False
17861,0.0000,1.0000,False,False,False
17862,0.0000,1.0000,False,False,False
17863,1.0000,0.0000,False,False,False
17864,0.0000,1.0000,False,False,False
17865,1.0000,0.0000,False,False,False
17866,1.0000,0.0000,False,False,False
17867,1.0000,0.0000,False,False,False
17868,0.0000,1.0000,False,False,False
17869,1.0000,0.0000,False,False,False
17870,1.0000,0.0000,False,False,False
17871,1.0000,0.0000,False,False,False
17872,1.0000,0.0000,False,False,False
17873,1.0000,0.0000,False,False,False
17874,0.0000,1.0000,False,False,False
17875,0.0000,1.0000,False,False,False
17876,0.0000,1.0000,False,False,False
17877,1.0000,0.0000,False,False,False
17878,1.0000,0.0000,False,False,False
17879,1.0000,0.0000,False,False,False
17880,0.0000,1.0000,False,False,False
17881,1.0000,0.0000,False,False,False
17882,1.0000,0.0000,False,False,False
17883,1.0000,0.0000,False,False,False
17884,1.0000,0.0000,False,False,False
17885,0.0000,1.0000,False,False,False
17886,1.0000,0.0000,False,False,False
17887,1.0000,0.0000,False,False,False
17888,0.0000,1.0000,False,False,False
17889,1.0000,0.0000,False,False,False
17890,1.0000,0.0000,False,False,False
17891,1.0000,0.0000,False,False,False
17892,1.0000,0.0000,False,False,False
17893,0.0000,1.0000,False,False,False
17894,0.0000,1.0000,False,False,False
17895,0.0000,1.0000,False,False,False
17896,1.0000,0.0000,False,False,False
17897,0.0000,1.0000,False,False,False
17898,1.0000,0.0000,False,False,False
17899,1.0000,0.0000,False,False,False
17900,1.0000,0.0000,False,False,False
17901,1.0000,0.0000,False,False,False
17902,1.0000,0.0000,False,False,False
17903,1.0000,0.0000,False,False,False
17904,1.0000,0.0000,False,False,False
17905,1.0000,0.0000,False,False,False
17906,1.0000,0.0000,False,False,False
17907,0.0000,1.0000,False,False,False
17908,1.0000,0.0000,False,False,False
17909,1.0000,0.0000,False,False,False
17910,1.0000,0.0000,False,False,False
17911,1.0000,0.0000,False,False,False
17912,1.0000,0.0000,False,False,False
17913,1.0000,0.0000,False,False,False
17914,1.0000,0.0000,False,False,False
17915,1.0000,0.0000,False,False,False
17916,1.0000,0.0000,False,False,False
17917,1.0000,0.0000,False,False,False
17918,1.0000,0.0000,False,False,False
17919,1.0000,0.0000,False,False,False
17920,1.0000,0.0000,False,False,False
17921,1.0000,0.0000,False,False,False
17922,1.0000,0.0000,False,False,False
17923,0.0000,1.0000,False,False,False
17924,1.0000,0.0000,False,False,False
17925,1.0000,0.0000,False,False,False
17926,1.0000,0.0000,False,False,False
17927,0.0000,1.0000,False,False,False
17928,1.0000,0.0000,False,False,False
17929,1.0000,0.0000,False,False,False
17930,0.0000,1.0000,False,False,False
17931,1.0000,0.0000,False,False,False
17932,0.0000,1.0000,False,False,False
17933,1.0000,0.0000,False,False,False
17934,1.0000,0.0000,False,False,False
17935,1.0000,0.0000,False,False,False
17936,0.0000,1.0000,False,False,False
17937,1.0000,0.0000,False,False,False
17938,1.0000,0.0000,False,False,False
17939,1.0000,0.0000,False,False,False
17940,0.0000,1.0000,False,False,False
17941,1.0000,0.0000,False,False,False
17942,1.0000,0.0000,False,False,False
17943,1.0000,0.0000,False,False,False
17944,1.0000,0.0000,False,False,False
17945,1.0000,0.0000,False,False,False
17946,1.0000,0.0000,False,False,False
17947,1.0000,0.0000,False,False,False
17948,1.0000,0.0000,False,False,False
17949,1.0000,0.0000,False,False,False
17950,0.0000,1.0000,False,False,False
17951,1.0000,0.0000,False,False,False
17952,1.0000,0.0000,False,False,False
17953,0.0000,1.0000,False,False,False
17954,1.0000,0.0000,False,False,False
17955,1.0000,0.0000,False,False,False
17956,1.0000,0.0000,False,False,False
17957,1.0000,0.0000,False,False,False
17958,0.0000,1.0000,False,False,False
17959,1.0000,0.0000,False,False,False
17960,1.0000,0.0000,False,False,False
17961,1.0000,0.0000,False,False,False
17962,1.0000,0.0000,False,False,False
17963,1.0000,0.0000,False,False,False
17964,1.0000,0.0000,False,False,False
17965,1.0000,0.0000,False,False,False
17966,1.0000,0.0000,False,False,False
17967,1.0000,0.0000,False,False,False
17968,0.0000,1.0000,False,False,False
17969,1.0000,0.0000,False,False,False
17970,1.0000,0.0000,False,False,False
17971,1.0000,0.0000,False,False,False
17972,1.0000,0.0000,False,False,False
17973,1.0000,0.0000,False,False,False
17974,1.0000,0.0000,False,False,False
17975,0.0000,1.0000,False,False,False
17976,1.0000,0.0000,False,False,False
17977,1.0000,0.0000,False,False,False
17978,1.0000,0.0000,False,False,False
17979,1.0000,0.0000,False,False,False
17980,0.0000,1.0000,False,False,False
17981,1.0000,0.0000,False,False,False
17982,1.0000,0.0000,False,False,False
17983,1.0000,0.0000,False,False,False
17984,0.0000,1.0000,False,False,False
17985,0.0000,1.0000,False,False,False
17986,1.0000,0.0000,False,False,False
17987,1.0000,0.0000,False,False,False
17988,1.0000,0.0000,False,False,False
17989,1.0000,0.0000,False,False,False
17990,1.0000,0.0000,False,False,False
17991,0.0000,1.0000,False,False,False
17992,0.0000,1.0000,False,False,False
17993,1.0000,0.0000,False,False,False
17994,1.0000,0.0000,False,False,False
17995,1.0000,0.0000,False,False,False
17996,1.0000,0.0000,False,False,False
17997,1.0000,0.0000,False,False,False
17998,0.0000,1.0000,False,False,False
17999,1.0000,0.0000,False,False,False
18000,0.0000,1.0000,False,False,False
18001,1.0000,0.0000,False,False,False
18002,0.0000,1.0000,False,False,False
18003,1.0000,0.0000,False,False,False
18004,1.0000,0.0000,False,False,False
18005,1.0000,0.0000,False,False,False
18006,1.0000,0.0000,False,False,False
18007,1.0000,0.0000,False,False,False
18008,1.0000,0.0000,False,False,False
18009,1.0000,0.0000,False,False,False
18010,1.0000,0.0000,False,False,False
18011,1.0000,0.0000,False,False,False
18012,1.0000,0.0000,False,False,False
18013,1.0000,0.0000,False,False,False
18014,1.0000,0.0000,False,False,False
18015,1.0000,0.0000,False,False,False
18016,1.0000,0.0000,False,False,False
18017,1.0000,0.0000,False,False,False
18018,1.0000,0.0000,False,False,False
18019,1.0000,0.0000,False,False,False
18020,1.0000,0.0000,False,False,False
18021,1.0000,0.0000,False,False,False
18022,1.0000,0.0000,False,False,False
18023,1.0000,0.0000,False,False,False
18024,0.0000,1.0000,False,False,False
18025,1.0000,0.0000,False,False,False
18026,1.0000,0.0000,False,False,False
18027,1.0000,0.0000,False,False,False
18028,0.0000,1.0000,False,False,False
18029,1.0000,0.0000,False,False,False
18030,1.0000,0.0000,False,False,False
18031,1.0000,0.0000,False,False,False
18032,1.0000,0.0000,False,False,False
18033,1.0000,0.0000,False,False,False
18034,1.0000,0.0000,False,False,False
18035,1.0000,0.0000,False,False,False
18036,1.0000,0.0000,False,False,False
18037,1.0000,0.0000,False,False,False
18038,0.0000,1.0000,False,False,False
18039,1.0000,0.0000,False,False,False
18040,0.0000,1.0000,False,False,False
18041,1.0000,0.0000,False,False,False
18042,1.0000,0.0000,False,False,False
18043,1.0000,0.0000,False,False,False
18044,1.0000,0.0000,False,False,False
18045,1.0000,0.0000,False,False,False
18046,0.0000,1.0000,False,False,False
18047,1.0000,0.0000,False,False,False
18048,1.0000,0.0000,False,False,False
18049,1.0000,0.0000,False,False,False
18050,0.0000,1.0000,False,False,False
18051,1.0000,0.0000,False,False,False
18052,1.0000,0.0000,False,False,False
18053,1.0000,0.0000,False,False,False
18054,1.0000,0.0000,False,False,False
18055,1.0000,0.0000,False,False,False
18056,1.0000,0.0000,False,False,False
18057,1.0000,0.0000,False,False,False
18058,0.0000,1.0000,False,False,False
18059,0.0000,1.0000,False,False,False
18060,1.0000,0.0000,False,False,False
18061,1.0000,0.0000,False,False,False
18062,1.0000,0.0000,False,False,False
18063,1.0000,0.0000,False,False,False
18064,1.0000,0.0000,False,False,False
18065,1.0000,0.0000,False,False,False
18066,1.0000,0.0000,False,False,False
18067,1.0000,0.0000,False,False,False
18068,1.0000,0.0000,False,False,False
18069,1.0000,0.0000,False,False,False
18070,1.0000,0.0000,False,False,False
18071,1.0000,0.0000,False,False,False
18072,0.0000,1.0000,False,False,False
18073,0.0000,1.0000,False,False,False
18074,1.0000,0.0000,False,False,False
18075,0.0000,1.0000,False,False,False
18076,0.0000,1.0000,False,False,False
18077,0.0000,1.0000,False,False,False
18078,1.0000,0.0000,False,False,False
18079,1.0000,0.0000,False,False,False
18080,0.0000,1.0000,False,False,False
18081,1.0000,0.0000,False,False,False
18082,1.0000,0.0000,False,False,False
18083,1.0000,0.0000,False,False,False
18084,0.0000,1.0000,False,False,False
18085,1.0000,0.0000,False,False,False
18086,1.0000,0.0000,False,False,False
18087,0.0000,1.0000,False,False,False
18088,1.0000,0.0000,False,False,False
18089,1.0000,0.0000,False,False,False
18090,0.0000,1.0000,False,False,False
18091,1.0000,0.0000,False,False,False
18092,1.0000,0.0000,False,False,False
18093,1.0000,0.0000,False,False,False
18094,1.0000,0.0000,False,False,False
18095,1.0000,0.0000,False,False,False
18096,1.0000,0.0000,False,False,False
18097,1.0000,0.0000,False,False,False
18098,1.0000,0.0000,False,False,False
18099,1.0000,0.0000,False,False,False
18100,1.0000,0.0000,False,False,False
18101,1.0000,0.0000,False,False,False
18102,0.0000,1.0000,False,False,False
18103,1.0000,0.0000,False,False,False
18104,1.0000,0.0000,False,False,False
18105,1.0000,0.0000,False,False,False
18106,1.0000,0.0000,False,False,False
18107,1.0000,0.0000,False,False,False
18108,0.0000,1.0000,False,False,False
18109,1.0000,0.0000,False,False,False
18110,0.0000,1.0000,False,False,False
18111,1.0000,0.0000,False,False,False
18112,0.0000,1.0000,False,False,False
18113,1.0000,0.0000,False,False,False
18114,1.0000,0.0000,False,False,False
18115,1.0000,0.0000,False,False,False
18116,1.0000,0.0000,False,False,False
18117,1.0000,0.0000,False,False,False
18118,0.0000,1.0000,False,False,False
18119,0.0000,1.0000,False,False,False
18120,1.0000,0.0000,False,False,False
18121,0.0000,1.0000,False,False,False
18122,1.0000,0.0000,False,False,False
18123,1.0000,0.0000,False,False,False
18124,0.0000,1.0000,False,False,False
18125,1.0000,0.0000,False,False,False
18126,1.0000,0.0000,False,False,False
18127,0.0000,1.0000,False,False,False
18128,1.0000,0.0000,False,False,False
18129,1.0000,0.0000,False,False,False
18130,1.0000,0.0000,False,False,False
18131,1.0000,0.0000,False,False,False
18132,0.0000,1.0000,False,False,False
18133,0.0000,1.0000,False,False,False
18134,1.0000,0.0000,False,False,False
18135,0.0000,1.0000,False,False,False
18136,1.0000,0.0000,False,False,False
18137,1.0000,0.0000,False,False,False
18138,1.0000,0.0000,False,False,False
18139,0.0000,1.0000,False,False,False
18140,1.0000,0.0000,False,False,False
18141,1.0000,0.0000,False,False,False
18142,1.0000,0.0000,False,False,False
18143,0.0000,1.0000,False,False,False
18144,1.0000,0.0000,False,False,False
18145,1.0000,0.0000,False,False,False
18146,0.0000,1.0000,False,False,False
18147,1.0000,0.0000,False,False,False
18148,1.0000,0.0000,False,False,False
18149,1.0000,0.0000,False,False,False
18150,1.0000,0.0000,False,False,False
18151,1.0000,0.0000,False,False,False
18152,0.0000,1.0000,False,False,False
18153,1.0000,0.0000,False,False,False
18154,1.0000,0.0000,False,False,False
18155,1.0000,0.0000,False,False,False
18156,1.0000,0.0000,False,False,False
18157,1.0000,0.0000,False,False,False
18158,1.0000,0.0000,False,False,False
18159,1.0000,0.0000,False,False,False
18160,1.0000,0.0000,False,False,False
18161,1.0000,0.0000,False,False,False
18162,1.0000,0.0000,False,False,False
18163,1.0000,0.0000,False,False,False
18164,1.0000,0.0000,False,False,False
18165,1.0000,0.0000,False,False,False
18166,1.0000,0.0000,False,False,False
18167,1.0000,0.0000,False,False,False
18168,1.0000,0.0000,False,False,False
18169,1.0000,0.0000,False,False,False
18170,1.0000,0.0000,False,False,False
18171,1.0000,0.0000,False,False,False
18172,1.0000,0.0000,False,False,False
18173,1.0000,0.0000,False,False,False
18174,1.0000,0.0000,False,False,False
18175,1.0000,0.0000,False,False,False
18176,1.0000,0.0000,False,False,False
18177,1.0000,0.0000,False,False,False
18178,0.0000,1.0000,False,False,False
18179,1.0000,0.0000,False,False,False
18180,1.0000,0.0000,False,False,False
18181,1.0000,0.0000,False,False,False
18182,0.0000,1.0000,False,False,False
18183,0.0000,1.0000,False,False,False
18184,1.0000,0.0000,False,False,False
18185,1.0000,0.0000,False,False,False
18186,0.0000,1.0000,False,False,False
18187,1.0000,0.0000,False,False,False
18188,1.0000,0.0000,False,False,False
18189,1.0000,0.0000,False,False,False
18190,1.0000,0.0000,False,False,False
18191,1.0000,0.0000,False,False,False
18192,0.0000,1.0000,False,False,False
18193,1.0000,0.0000,False,False,False
18194,0.0000,1.0000,False,False,False
18195,0.0000,1.0000,False,False,False
18196,1.0000,0.0000,False,False,False
18197,1.0000,0.0000,False,False,False
18198,1.0000,0.0000,False,False,False
18199,1.0000,0.0000,False,False,False
18200,0.0000,1.0000,False,False,False
18201,1.0000,0.0000,False,False,False
18202,1.0000,0.0000,False,False,False
18203,0.0000,1.0000,False,False,False
18204,1.0000,0.0000,False,False,False
18205,1.0000,0.0000,False,False,False
18206,1.0000,0.0000,False,False,False
18207,1.0000,0.0000,False,False,False
18208,1.0000,0.0000,False,False,False
18209,0.0000,1.0000,False,False,False
18210,0.0000,1.0000,False,False,False
18211,1.0000,0.0000,False,False,False
18212,0.0000,1.0000,False,False,False
18213,0.0000,1.0000,False,False,False
18214,1.0000,0.0000,False,False,False
18215,1.0000,0.0000,False,False,False
18216,0.0000,1.0000,False,False,False
18217,1.0000,0.0000,False,False,False
18218,0.0000,1.0000,False,False,False
18219,1.0000,0.0000,False,False,False
18220,0.0000,1.0000,False,False,False
18221,1.0000,0.0000,False,False,False
18222,0.0000,1.0000,False,False,False
18223,1.0000,0.0000,False,False,False
18224,1.0000,0.0000,False,False,False
18225,1.0000,0.0000,False,False,False
18226,0.0000,1.0000,False,False,False
18227,1.0000,0.0000,False,False,False
18228,1.0000,0.0000,False,False,False
18229,1.0000,0.0000,False,False,False
18230,1.0000,0.0000,False,False,False
18231,1.0000,0.0000,False,False,False
18232,1.0000,0.0000,False,False,False
18233,1.0000,0.0000,False,False,False
18234,0.0000,1.0000,False,False,False
18235,0.0000,1.0000,False,False,False
18236,1.0000,0.0000,False,False,False
18237,0.0000,1.0000,False,False,False
18238,1.0000,0.0000,False,False,False
18239,1.0000,0.0000,False,False,False
18240,1.0000,0.0000,False,False,False
18241,1.0000,0.0000,False,False,False
18242,0.0000,1.0000,False,False,False
18243,1.0000,0.0000,False,False,False
18244,1.0000,0.0000,False,False,False
18245,1.0000,0.0000,False,False,False
18246,1.0000,0.0000,False,False,False
18247,1.0000,0.0000,False,False,False
18248,1.0000,0.0000,False,False,False
18249,1.0000,0.0000,False,False,False
18250,1.0000,0.0000,False,False,False
18251,0.0000,1.0000,False,False,False
18252,1.0000,0.0000,False,False,False
18253,1.0000,0.0000,False,False,False
18254,1.0000,0.0000,False,False,False
18255,1.0000,0.0000,False,False,False
18256,1.0000,0.0000,False,False,False
18257,1.0000,0.0000,False,False,False
18258,1.0000,0.0000,False,False,False
18259,1.0000,0.0000,False,False,False
18260,1.0000,0.0000,False,False,False
18261,1.0000,0.0000,False,False,False
18262,1.0000,0.0000,False,False,False
18263,1.0000,0.0000,False,False,False
18264,1.0000,0.0000,False,False,False
18265,1.0000,0.0000,False,False,False
18266,1.0000,0.0000,False,False,False
18267,1.0000,0.0000,False,False,False
18268,1.0000,0.0000,False,False,False
18269,1.0000,0.0000,False,False,False
18270,1.0000,0.0000,False,False,False
18271,1.0000,0.0000,False,False,False
18272,0.0000,1.0000,False,False,False
18273,1.0000,0.0000,False,False,False
18274,1.0000,0.0000,False,False,False
18275,1.0000,0.0000,False,False,False
18276,1.0000,0.0000,False,False,False
18277,1.0000,0.0000,False,False,False
18278,1.0000,0.0000,False,False,False
18279,1.0000,0.0000,False,False,False
18280,1.0000,0.0000,False,False,False
18281,0.0000,1.0000,False,False,False
18282,1.0000,0.0000,False,False,False
18283,1.0000,0.0000,False,False,False
18284,1.0000,0.0000,False,False,False
18285,1.0000,0.0000,False,False,False
18286,0.0000,1.0000,False,False,False
18287,1.0000,0.0000,False,False,False
18288,0.0000,1.0000,False,False,False
18289,1.0000,0.0000,False,False,False
18290,1.0000,0.0000,False,False,False
18291,0.0000,1.0000,False,False,False
18292,1.0000,0.0000,False,False,False
18293,0.0000,1.0000,False,False,False
18294,0.0000,1.0000,False,False,False
18295,0.0000,1.0000,False,False,False
18296,1.0000,0.0000,False,False,False
18297,1.0000,0.0000,False,False,False
18298,0.0000,1.0000,False,False,False
18299,0.0000,1.0000,False,False,False
18300,0.0000,1.0000,False,False,False
18301,0.0000,1.0000,False,False,False
18302,1.0000,0.0000,False,False,False
18303,1.0000,0.0000,False,False,False
18304,1.0000,0.0000,False,False,False
18305,1.0000,0.0000,False,False,False
18306,1.0000,0.0000,False,False,False
18307,1.0000,0.0000,False,False,False
18308,0.0000,1.0000,False,False,False
18309,1.0000,0.0000,False,False,False
18310,0.0000,1.0000,False,False,False
18311,1.0000,0.0000,False,False,False
18312,0.0000,1.0000,False,False,False
18313,1.0000,0.0000,False,False,False
18314,1.0000,0.0000,False,False,False
18315,1.0000,0.0000,False,False,False
18316,1.0000,0.0000,False,False,False
18317,0.0000,1.0000,False,False,False
18318,1.0000,0.0000,False,False,False
18319,1.0000,0.0000,False,False,False
18320,1.0000,0.0000,False,False,False
18321,1.0000,0.0000,False,False,False
18322,1.0000,0.0000,False,False,False
18323,1.0000,0.0000,False,False,False
18324,1.0000,0.0000,False,False,False
18325,1.0000,0.0000,False,False,False
18326,1.0000,0.0000,False,False,False
18327,1.0000,0.0000,False,False,False
18328,1.0000,0.0000,False,False,False
18329,1.0000,0.0000,False,False,False
18330,0.0000,1.0000,False,False,False
18331,1.0000,0.0000,False,False,False
18332,1.0000,0.0000,False,False,False
18333,0.0000,1.0000,False,False,False
18334,1.0000,0.0000,False,False,False
18335,1.0000,0.0000,False,False,False
18336,1.0000,0.0000,False,False,False
18337,1.0000,0.0000,False,False,False
18338,0.0000,1.0000,False,False,False
18339,0.0000,1.0000,False,False,False
18340,0.0000,1.0000,False,False,False
18341,0.0000,1.0000,False,False,False
18342,1.0000,0.0000,False,False,False
18343,0.0000,1.0000,False,False,False
18344,1.0000,0.0000,False,False,False
18345,1.0000,0.0000,False,False,False
18346,0.0000,1.0000,False,False,False
18347,0.0000,1.0000,False,False,False
18348,0.0000,1.0000,False,False,False
18349,1.0000,0.0000,False,False,False
18350,0.0000,1.0000,False,False,False
18351,1.0000,0.0000,False,False,False
18352,0.0000,1.0000,False,False,False
18353,1.0000,0.0000,False,False,False
18354,1.0000,0.0000,False,False,False
18355,1.0000,0.0000,False,False,False
18356,0.0000,1.0000,False,False,False
18357,0.0000,1.0000,False,False,False
18358,0.0000,1.0000,False,False,False
18359,0.0000,1.0000,False,False,False
18360,0.0000,1.0000,False,False,False
18361,0.0000,1.0000,False,False,False
18362,0.0000,1.0000,False,False,False
18363,1.0000,0.0000,False,False,False
18364,1.0000,0.0000,False,False,False
18365,1.0000,0.0000,False,False,False
18366,1.0000,0.0000,False,False,False
18367,1.0000,0.0000,False,False,False
18368,1.0000,0.0000,False,False,False
18369,1.0000,0.0000,False,False,False
18370,1.0000,0.0000,False,False,False
18371,1.0000,0.0000,False,False,False
18372,1.0000,0.0000,False,False,False
18373,1.0000,0.0000,False,False,False
18374,1.0000,0.0000,False,False,False
18375,1.0000,0.0000,False,False,False
18376,0.0000,1.0000,False,False,False
18377,1.0000,0.0000,False,False,False
18378,1.0000,0.0000,False,False,False
18379,0.0000,1.0000,False,False,False
18380,0.0000,1.0000,False,False,False
18381,1.0000,0.0000,False,False,False
18382,1.0000,0.0000,False,False,False
18383,1.0000,0.0000,False,False,False
18384,1.0000,0.0000,False,False,False
18385,1.0000,0.0000,False,False,False
18386,1.0000,0.0000,False,False,False
18387,1.0000,0.0000,False,False,False
18388,1.0000,0.0000,False,False,False
18389,1.0000,0.0000,False,False,False
18390,1.0000,0.0000,False,False,False
18391,1.0000,0.0000,False,False,False
18392,1.0000,0.0000,False,False,False
18393,1.0000,0.0000,False,False,False
18394,1.0000,0.0000,False,False,False
18395,1.0000,0.0000,False,False,False
18396,1.0000,0.0000,False,False,False
18397,1.0000,0.0000,False,False,False
18398,1.0000,0.0000,False,False,False
18399,1.0000,0.0000,False,False,False
18400,1.0000,0.0000,False,False,False
18401,1.0000,0.0000,False,False,False
18402,1.0000,0.0000,False,False,False
18403,1.0000,0.0000,False,False,False
18404,1.0000,0.0000,False,False,False
18405,1.0000,0.0000,False,False,False
18406,1.0000,0.0000,False,False,False
18407,1.0000,0.0000,False,False,False
18408,1.0000,0.0000,False,False,False
18409,1.0000,0.0000,False,False,False
18410,1.0000,0.0000,False,False,False
18411,1.0000,0.0000,False,False,False
18412,1.0000,0.0000,False,False,False
18413,1.0000,0.0000,False,False,False
18414,1.0000,0.0000,False,False,False
18415,1.0000,0.0000,False,False,False
18416,1.0000,0.0000,False,False,False
18417,1.0000,0.0000,False,False,False
18418,0.0000,1.0000,False,False,False
18419,0.0000,1.0000,False,False,False
18420,1.0000,0.0000,False,False,False
18421,1.0000,0.0000,False,False,False
18422,0.0000,1.0000,False,False,False
18423,1.0000,0.0000,False,False,False
18424,1.0000,0.0000,False,False,False
18425,1.0000,0.0000,False,False,False
18426,1.0000,0.0000,False,False,False
18427,1.0000,0.0000,False,False,False
18428,0.0000,1.0000,False,False,False
18429,1.0000,0.0000,False,False,False
18430,0.0000,1.0000,False,False,False
18431,0.0000,1.0000,False,False,False
18432,1.0000,0.0000,False,False,False
18433,1.0000,0.0000,False,False,False
18434,1.0000,0.0000,False,False,False
18435,1.0000,0.0000,False,False,False
18436,1.0000,0.0000,False,False,False
18437,1.0000,0.0000,False,False,False
18438,0.0000,1.0000,False,False,False
18439,0.0000,1.0000,False,False,False
18440,1.0000,0.0000,False,False,False
18441,1.0000,0.0000,False,False,False
18442,1.0000,0.0000,False,False,False
18443,0.0000,1.0000,False,False,False
18444,1.0000,0.0000,False,False,False
18445,1.0000,0.0000,False,False,False
18446,1.0000,0.0000,False,False,False
18447,1.0000,0.0000,False,False,False
18448,1.0000,0.0000,False,False,False
18449,1.0000,0.0000,False,False,False
18450,1.0000,0.0000,False,False,False
18451,1.0000,0.0000,False,False,False
18452,0.0000,1.0000,False,False,False
18453,1.0000,0.0000,False,False,False
18454,1.0000,0.0000,False,False,False
18455,0.0000,1.0000,False,False,False
18456,1.0000,0.0000,False,False,False
18457,1.0000,0.0000,False,False,False
18458,0.0000,1.0000,False,False,False
18459,1.0000,0.0000,False,False,False
18460,1.0000,0.0000,False,False,False
18461,1.0000,0.0000,False,False,False
18462,0.0000,1.0000,False,False,False
18463,1.0000,0.0000,False,False,False
18464,1.0000,0.0000,False,False,False
18465,1.0000,0.0000,False,False,False
18466,0.0000,1.0000,False,False,False
18467,0.0000,1.0000,False,False,False
18468,1.0000,0.0000,False,False,False
18469,1.0000,0.0000,False,False,False
18470,0.0000,1.0000,False,False,False
18471,0.0000,1.0000,False,False,False
18472,0.0000,1.0000,False,False,False
18473,1.0000,0.0000,False,False,False
18474,1.0000,0.0000,False,False,False
18475,0.0000,1.0000,False,False,False
18476,1.0000,0.0000,False,False,False
18477,1.0000,0.0000,False,False,False
18478,0.0000,1.0000,False,False,False
18479,1.0000,0.0000,False,False,False
18480,0.0000,1.0000,False,False,False
18481,1.0000,0.0000,False,False,False
18482,1.0000,0.0000,False,False,False
18483,0.0000,1.0000,False,False,False
18484,1.0000,0.0000,False,False,False
18485,1.0000,0.0000,False,False,False
18486,1.0000,0.0000,False,False,False
18487,1.0000,0.0000,False,False,False
18488,1.0000,0.0000,False,False,False
18489,1.0000,0.0000,False,False,False
18490,0.0000,1.0000,False,False,False
18491,0.0000,1.0000,False,False,False
18492,1.0000,0.0000,False,False,False
18493,1.0000,0.0000,False,False,False
18494,1.0000,0.0000,False,False,False
18495,1.0000,0.0000,False,False,False
18496,1.0000,0.0000,False,False,False
18497,0.0000,1.0000,False,False,False
18498,1.0000,0.0000,False,False,False
18499,1.0000,0.0000,False,False,False
18500,1.0000,0.0000,False,False,False
18501,1.0000,0.0000,False,False,False
18502,1.0000,0.0000,False,False,False
18503,1.0000,0.0000,False,False,False
18504,1.0000,0.0000,False,False,False
18505,1.0000,0.0000,False,False,False
18506,1.0000,0.0000,False,False,False
18507,1.0000,0.0000,False,False,False
18508,1.0000,0.0000,False,False,False
18509,0.0000,1.0000,False,False,False
18510,0.0000,1.0000,False,False,False
18511,1.0000,0.0000,False,False,False
18512,1.0000,0.0000,False,False,False
18513,1.0000,0.0000,False,False,False
18514,1.0000,0.0000,False,False,False
18515,1.0000,0.0000,False,False,False
18516,1.0000,0.0000,False,False,False
18517,1.0000,0.0000,False,False,False
18518,0.0000,1.0000,False,False,False
18519,0.0000,1.0000,False,False,False
18520,1.0000,0.0000,False,False,False
18521,1.0000,0.0000,False,False,False
18522,1.0000,0.0000,False,False,False
18523,1.0000,0.0000,False,False,False
18524,1.0000,0.0000,False,False,False
18525,1.0000,0.0000,False,False,False
18526,1.0000,0.0000,False,False,False
18527,1.0000,0.0000,False,False,False
18528,1.0000,0.0000,False,False,False
18529,1.0000,0.0000,False,False,False
18530,1.0000,0.0000,False,False,False
18531,0.0000,1.0000,False,False,False
18532,1.0000,0.0000,False,False,False
18533,1.0000,0.0000,False,False,False
18534,0.0000,1.0000,False,False,False
18535,1.0000,0.0000,False,False,False
18536,0.0000,1.0000,False,False,False
18537,0.0000,1.0000,False,False,False
18538,0.0000,1.0000,False,False,False
18539,1.0000,0.0000,False,False,False
18540,0.0000,1.0000,False,False,False
18541,1.0000,0.0000,False,False,False
18542,1.0000,0.0000,False,False,False
18543,1.0000,0.0000,False,False,False
18544,0.0000,1.0000,False,False,False
18545,0.0000,1.0000,False,False,False
18546,1.0000,0.0000,False,False,False
18547,1.0000,0.0000,False,False,False
18548,1.0000,0.0000,False,False,False
18549,1.0000,0.0000,False,False,False
18550,1.0000,0.0000,False,False,False
18551,1.0000,0.0000,False,False,False
18552,1.0000,0.0000,False,False,False
18553,0.0000,1.0000,False,False,False
18554,0.0000,1.0000,False,False,False
18555,1.0000,0.0000,False,False,False
18556,1.0000,0.0000,False,False,False
18557,0.0000,1.0000,False,False,False
18558,1.0000,0.0000,False,False,False
18559,1.0000,0.0000,False,False,False
18560,1.0000,0.0000,False,False,False
18561,0.0000,1.0000,False,False,False
18562,1.0000,0.0000,False,False,False
18563,1.0000,0.0000,False,False,False
18564,1.0000,0.0000,False,False,False
18565,1.0000,0.0000,False,False,False
18566,0.0000,1.0000,False,False,False
18567,1.0000,0.0000,False,False,False
18568,0.0000,1.0000,False,False,False
18569,1.0000,0.0000,False,False,False
18570,1.0000,0.0000,False,False,False
18571,0.0000,1.0000,False,False,False
18572,1.0000,0.0000,False,False,False
18573,1.0000,0.0000,False,False,False
18574,0.0000,1.0000,False,False,False
18575,1.0000,0.0000,False,False,False
18576,0.0000,1.0000,False,False,False
18577,0.0000,1.0000,False,False,False
18578,0.0000,1.0000,False,False,False
18579,1.0000,0.0000,False,False,False
18580,1.0000,0.0000,False,False,False
18581,1.0000,0.0000,False,False,False
18582,1.0000,0.0000,False,False,False
18583,0.0000,1.0000,False,False,False
18584,1.0000,0.0000,False,False,False
18585,0.0000,1.0000,False,False,False
18586,1.0000,0.0000,False,False,False
18587,1.0000,0.0000,False,False,False
18588,0.0000,1.0000,False,False,False
18589,1.0000,0.0000,False,False,False
18590,0.0000,1.0000,False,False,False
18591,1.0000,0.0000,False,False,False
18592,1.0000,0.0000,False,False,False
18593,1.0000,0.0000,False,False,False
18594,0.0000,1.0000,False,False,False
18595,1.0000,0.0000,False,False,False
18596,1.0000,0.0000,False,False,False
18597,1.0000,0.0000,False,False,False
18598,0.0000,1.0000,False,False,False
18599,1.0000,0.0000,False,False,False
18600,1.0000,0.0000,False,False,False
18601,1.0000,0.0000,False,False,False
18602,1.0000,0.0000,False,False,False
18603,1.0000,0.0000,False,False,False
18604,0.0000,1.0000,False,False,False
18605,1.0000,0.0000,False,False,False
18606,1.0000,0.0000,False,False,False
18607,1.0000,0.0000,False,False,False
18608,1.0000,0.0000,False,False,False
18609,1.0000,0.0000,False,False,False
18610,1.0000,0.0000,False,False,False
18611,1.0000,0.0000,False,False,False
18612,1.0000,0.0000,False,False,False
18613,0.0000,1.0000,False,False,False
18614,1.0000,0.0000,False,False,False
18615,0.0000,1.0000,False,False,False
18616,0.0000,1.0000,False,False,False
18617,1.0000,0.0000,False,False,False
18618,1.0000,0.0000,False,False,False
18619,1.0000,0.0000,False,False,False
18620,0.0000,1.0000,False,False,False
18621,0.0000,1.0000,False,False,False
18622,1.0000,0.0000,False,False,False
18623,1.0000,0.0000,False,False,False
18624,1.0000,0.0000,False,False,False
18625,1.0000,0.0000,False,False,False
18626,1.0000,0.0000,False,False,False
18627,0.0000,1.0000,False,False,False
18628,1.0000,0.0000,False,False,False
18629,1.0000,0.0000,False,False,False
18630,1.0000,0.0000,False,False,False
18631,0.0000,1.0000,False,False,False
18632,0.0000,1.0000,False,False,False
18633,1.0000,0.0000,False,False,False
18634,1.0000,0.0000,False,False,False
18635,1.0000,0.0000,False,False,False
18636,1.0000,0.0000,False,False,False
18637,0.0000,1.0000,False,False,False
18638,1.0000,0.0000,False,False,False
18639,1.0000,0.0000,False,False,False
18640,0.0000,1.0000,False,False,False
18641,1.0000,0.0000,False,False,False
18642,1.0000,0.0000,False,False,False
18643,1.0000,0.0000,False,False,False
18644,1.0000,0.0000,False,False,False
18645,1.0000,0.0000,False,False,False
18646,0.0000,1.0000,False,False,False
18647,1.0000,0.0000,False,False,False
18648,1.0000,0.0000,False,False,False
18649,1.0000,0.0000,False,False,False
18650,1.0000,0.0000,False,False,False
18651,1.0000,0.0000,False,False,False
18652,1.0000,0.0000,False,False,False
18653,1.0000,0.0000,False,False,False
18654,1.0000,0.0000,False,False,False
18655,1.0000,0.0000,False,False,False
18656,1.0000,0.0000,False,False,False
18657,1.0000,0.0000,False,False,False
18658,1.0000,0.0000,False,False,False
18659,1.0000,0.0000,False,False,False
18660,1.0000,0.0000,False,False,False
18661,1.0000,0.0000,False,False,False
18662,1.0000,0.0000,False,False,False
18663,1.0000,0.0000,False,False,False
18664,0.0000,1.0000,False,False,False
18665,1.0000,0.0000,False,False,False
18666,0.0000,1.0000,False,False,False
18667,1.0000,0.0000,False,False,False
18668,1.0000,0.0000,False,False,False
18669,1.0000,0.0000,False,False,False
18670,0.0000,1.0000,False,False,False
18671,0.0000,1.0000,False,False,False
18672,1.0000,0.0000,False,False,False
18673,1.0000,0.0000,False,False,False
18674,1.0000,0.0000,False,False,False
18675,1.0000,0.0000,False,False,False
18676,1.0000,0.0000,False,False,False
18677,1.0000,0.0000,False,False,False
18678,1.0000,0.0000,False,False,False
18679,1.0000,0.0000,False,False,False
18680,1.0000,0.0000,False,False,False
18681,1.0000,0.0000,False,False,False
18682,1.0000,0.0000,False,False,False
18683,1.0000,0.0000,False,False,False
18684,1.0000,0.0000,False,False,False
18685,1.0000,0.0000,False,False,False
18686,1.0000,0.0000,False,False,False
18687,1.0000,0.0000,False,False,False
18688,0.0000,1.0000,False,False,False
18689,0.0000,1.0000,False,False,False
18690,1.0000,0.0000,False,False,False
18691,0.0000,1.0000,False,False,False
18692,1.0000,0.0000,False,False,False
18693,0.0000,1.0000,False,False,False
18694,1.0000,0.0000,False,False,False
18695,1.0000,0.0000,False,False,False
18696,1.0000,0.0000,False,False,False
18697,0.0000,1.0000,False,False,False
18698,1.0000,0.0000,False,False,False
18699,1.0000,0.0000,False,False,False
18700,1.0000,0.0000,False,False,False
18701,1.0000,0.0000,False,False,False
18702,1.0000,0.0000,False,False,False
18703,1.0000,0.0000,False,False,False
18704,1.0000,0.0000,False,False,False
18705,1.0000,0.0000,False,False,False
18706,1.0000,0.0000,False,False,False
18707,1.0000,0.0000,False,False,False
18708,1.0000,0.0000,False,False,False
18709,1.0000,0.0000,False,False,False
18710,0.0000,1.0000,False,False,False
18711,0.0000,1.0000,False,False,False
18712,0.0000,1.0000,False,False,False
18713,0.0000,1.0000,False,False,False
18714,0.0000,1.0000,False,False,False
18715,1.0000,0.0000,False,False,False
18716,1.0000,0.0000,False,False,False
18717,0.0000,1.0000,False,False,False
18718,1.0000,0.0000,False,False,False
18719,0.0000,1.0000,False,False,False
18720,1.0000,0.0000,False,False,False
18721,1.0000,0.0000,False,False,False
18722,1.0000,0.0000,False,False,False
18723,1.0000,0.0000,False,False,False
18724,1.0000,0.0000,False,False,False
18725,1.0000,0.0000,False,False,False
18726,1.0000,0.0000,False,False,False
18727,1.0000,0.0000,False,False,False
18728,1.0000,0.0000,False,False,False
18729,1.0000,0.0000,False,False,False
18730,1.0000,0.0000,False,False,False
18731,1.0000,0.0000,False,False,False
18732,1.0000,0.0000,False,False,False
18733,1.0000,0.0000,False,False,False
18734,0.0000,1.0000,False,False,False
18735,0.0000,1.0000,False,False,False
18736,1.0000,0.0000,False,False,False
18737,1.0000,0.0000,False,False,False
18738,0.0000,1.0000,False,False,False
18739,1.0000,0.0000,False,False,False
18740,1.0000,0.0000,False,False,False
18741,1.0000,0.0000,False,False,False
18742,1.0000,0.0000,False,False,False
18743,0.0000,1.0000,False,False,False
18744,0.0000,1.0000,False,False,False
18745,1.0000,0.0000,False,False,False
18746,1.0000,0.0000,False,False,False
18747,1.0000,0.0000,False,False,False
18748,0.0000,1.0000,False,False,False
18749,1.0000,0.0000,False,False,False
18750,1.0000,0.0000,False,False,False
18751,0.0000,1.0000,False,False,False
18752,1.0000,0.0000,False,False,False
18753,1.0000,0.0000,False,False,False
18754,1.0000,0.0000,False,False,False
18755,1.0000,0.0000,False,False,False
18756,1.0000,0.0000,False,False,False
18757,1.0000,0.0000,False,False,False
18758,1.0000,0.0000,False,False,False
18759,1.0000,0.0000,False,False,False
18760,1.0000,0.0000,False,False,False
18761,0.0000,1.0000,False,False,False
18762,0.0000,1.0000,False,False,False
18763,1.0000,0.0000,False,False,False
18764,1.0000,0.0000,False,False,False
18765,1.0000,0.0000,False,False,False
18766,1.0000,0.0000,False,False,False
18767,1.0000,0.0000,False,False,False
18768,1.0000,0.0000,False,False,False
18769,0.0000,1.0000,False,False,False
18770,0.0000,1.0000,False,False,False
18771,1.0000,0.0000,False,False,False
18772,1.0000,0.0000,False,False,False
18773,1.0000,0.0000,False,False,False
18774,1.0000,0.0000,False,False,False
18775,1.0000,0.0000,False,False,False
18776,0.0000,1.0000,False,False,False
18777,1.0000,0.0000,False,False,False
18778,0.0000,1.0000,False,False,False
18779,1.0000,0.0000,False,False,False
18780,0.0000,1.0000,False,False,False
18781,1.0000,0.0000,False,False,False
18782,1.0000,0.0000,False,False,False
18783,1.0000,0.0000,False,False,False
18784,1.0000,0.0000,False,False,False
18785,1.0000,0.0000,False,False,False
18786,0.0000,1.0000,False,False,False
18787,1.0000,0.0000,False,False,False
18788,1.0000,0.0000,False,False,False
18789,1.0000,0.0000,False,False,False
18790,0.0000,1.0000,False,False,False
18791,1.0000,0.0000,False,False,False
18792,0.0000,1.0000,False,False,False
18793,1.0000,0.0000,False,False,False
18794,1.0000,0.0000,False,False,False
18795,1.0000,0.0000,False,False,False
18796,0.0000,1.0000,False,False,False
18797,1.0000,0.0000,False,False,False
18798,1.0000,0.0000,False,False,False
18799,1.0000,0.0000,False,False,False
18800,1.0000,0.0000,False,False,False
18801,0.0000,1.0000,False,False,False
18802,1.0000,0.0000,False,False,False
18803,1.0000,0.0000,False,False,False
18804,1.0000,0.0000,False,False,False
18805,1.0000,0.0000,False,False,False
18806,0.0000,1.0000,False,False,False
18807,1.0000,0.0000,False,False,False
18808,1.0000,0.0000,False,False,False
18809,1.0000,0.0000,False,False,False
18810,1.0000,0.0000,False,False,False
18811,1.0000,0.0000,False,False,False
18812,1.0000,0.0000,False,False,False
18813,1.0000,0.0000,False,False,False
18814,1.0000,0.0000,False,False,False
18815,1.0000,0.0000,False,False,False
18816,1.0000,0.0000,False,False,False
18817,1.0000,0.0000,False,False,False
18818,1.0000,0.0000,False,False,False
18819,1.0000,0.0000,False,False,False
18820,1.0000,0.0000,False,False,False
18821,0.0000,1.0000,False,False,False
18822,0.0000,1.0000,False,False,False
18823,1.0000,0.0000,False,False,False
18824,0.0000,1.0000,False,False,False
18825,0.0000,1.0000,False,False,False
18826,1.0000,0.0000,False,False,False
18827,0.0000,1.0000,False,False,False
18828,1.0000,0.0000,False,False,False
18829,1.0000,0.0000,False,False,False
18830,1.0000,0.0000,False,False,False
18831,1.0000,0.0000,False,False,False
18832,1.0000,0.0000,False,False,False
18833,1.0000,0.0000,False,False,False
18834,0.0000,1.0000,False,False,False
18835,1.0000,0.0000,False,False,False
18836,1.0000,0.0000,False,False,False
18837,1.0000,0.0000,False,False,False
18838,1.0000,0.0000,False,False,False
18839,1.0000,0.0000,False,False,False
18840,1.0000,0.0000,False,False,False
18841,1.0000,0.0000,False,False,False
18842,1.0000,0.0000,False,False,False
18843,1.0000,0.0000,False,False,False
18844,1.0000,0.0000,False,False,False
18845,0.0000,1.0000,False,False,False
18846,0.0000,1.0000,False,False,False
18847,1.0000,0.0000,False,False,False
18848,0.0000,1.0000,False,False,False
18849,1.0000,0.0000,False,False,False
18850,1.0000,0.0000,False,False,False
18851,1.0000,0.0000,False,False,False
18852,0.0000,1.0000,False,False,False
18853,1.0000,0.0000,False,False,False
18854,1.0000,0.0000,False,False,False
18855,0.0000,1.0000,False,False,False
18856,1.0000,0.0000,False,False,False
18857,1.0000,0.0000,False,False,False
18858,1.0000,0.0000,False,False,False
18859,0.0000,1.0000,False,False,False
18860,0.0000,1.0000,False,False,False
18861,1.0000,0.0000,False,False,False
18862,1.0000,0.0000,False,False,False
18863,0.0000,1.0000,False,False,False
18864,1.0000,0.0000,False,False,False
18865,1.0000,0.0000,False,False,False
18866,1.0000,0.0000,False,False,False
18867,1.0000,0.0000,False,False,False
18868,0.0000,1.0000,False,False,False
18869,1.0000,0.0000,False,False,False
18870,0.0000,1.0000,False,False,False
18871,1.0000,0.0000,False,False,False
18872,1.0000,0.0000,False,False,False
18873,1.0000,0.0000,False,False,False
18874,1.0000,0.0000,False,False,False
18875,1.0000,0.0000,False,False,False
18876,1.0000,0.0000,False,False,False
18877,0.0000,1.0000,False,False,False
18878,0.0000,1.0000,False,False,False
18879,1.0000,0.0000,False,False,False
18880,0.0000,1.0000,False,False,False
18881,0.0000,1.0000,False,False,False
18882,0.0000,1.0000,False,False,False
18883,1.0000,0.0000,False,False,False
18884,1.0000,0.0000,False,False,False
18885,1.0000,0.0000,False,False,False
18886,0.0000,1.0000,False,False,False
18887,1.0000,0.0000,False,False,False
18888,1.0000,0.0000,False,False,False
18889,1.0000,0.0000,False,False,False
18890,1.0000,0.0000,False,False,False
18891,1.0000,0.0000,False,False,False
18892,1.0000,0.0000,False,False,False
18893,0.0000,1.0000,False,False,False
18894,0.0000,1.0000,False,False,False
18895,0.0000,1.0000,False,False,False
18896,1.0000,0.0000,False,False,False
18897,1.0000,0.0000,False,False,False
18898,1.0000,0.0000,False,False,False
18899,1.0000,0.0000,False,False,False
18900,1.0000,0.0000,False,False,False
18901,1.0000,0.0000,False,False,False
18902,1.0000,0.0000,False,False,False
18903,0.0000,1.0000,False,False,False
18904,0.0000,1.0000,False,False,False
18905,1.0000,0.0000,False,False,False
18906,0.0000,1.0000,False,False,False
18907,1.0000,0.0000,False,False,False
18908,1.0000,0.0000,False,False,False
18909,1.0000,0.0000,False,False,False
18910,1.0000,0.0000,False,False,False
18911,1.0000,0.0000,False,False,False
18912,0.0000,1.0000,False,False,False
18913,1.0000,0.0000,False,False,False
18914,1.0000,0.0000,False,False,False
18915,1.0000,0.0000,False,False,False
18916,1.0000,0.0000,False,False,False
18917,1.0000,0.0000,False,False,False
18918,1.0000,0.0000,False,False,False
18919,1.0000,0.0000,False,False,False
18920,1.0000,0.0000,False,False,False
18921,1.0000,0.0000,False,False,False
18922,1.0000,0.0000,False,False,False
18923,1.0000,0.0000,False,False,False
18924,1.0000,0.0000,False,False,False
18925,0.0000,1.0000,False,False,False
18926,0.0000,1.0000,False,False,False
18927,1.0000,0.0000,False,False,False
18928,0.0000,1.0000,False,False,False
18929,1.0000,0.0000,False,False,False
18930,1.0000,0.0000,False,False,False
18931,1.0000,0.0000,False,False,False
18932,1.0000,0.0000,False,False,False
18933,1.0000,0.0000,False,False,False
18934,1.0000,0.0000,False,False,False
18935,1.0000,0.0000,False,False,False
18936,0.0000,1.0000,False,False,False
18937,1.0000,0.0000,False,False,False
18938,1.0000,0.0000,False,False,False
18939,1.0000,0.0000,False,False,False
18940,1.0000,0.0000,False,False,False
18941,1.0000,0.0000,False,False,False
18942,1.0000,0.0000,False,False,False
18943,1.0000,0.0000,False,False,False
18944,1.0000,0.0000,False,False,False
18945,1.0000,0.0000,False,False,False
18946,0.0000,1.0000,False,False,False
18947,1.0000,0.0000,False,False,False
18948,1.0000,0.0000,False,False,False
18949,0.0000,1.0000,False,False,False
18950,0.0000,1.0000,False,False,False
18951,1.0000,0.0000,False,False,False
18952,1.0000,0.0000,False,False,False
18953,1.0000,0.0000,False,False,False
18954,1.0000,0.0000,False,False,False
18955,1.0000,0.0000,False,False,False
18956,1.0000,0.0000,False,False,False
18957,0.0000,1.0000,False,False,False
18958,1.0000,0.0000,False,False,False
18959,1.0000,0.0000,False,False,False
18960,1.0000,0.0000,False,False,False
18961,1.0000,0.0000,False,False,False
18962,1.0000,0.0000,False,False,False
18963,1.0000,0.0000,False,False,False
18964,0.0000,1.0000,False,False,False
18965,0.0000,1.0000,False,False,False
18966,1.0000,0.0000,False,False,False
18967,1.0000,0.0000,False,False,False
18968,1.0000,0.0000,False,False,False
18969,1.0000,0.0000,False,False,False
18970,0.0000,1.0000,False,False,False
18971,1.0000,0.0000,False,False,False
18972,1.0000,0.0000,False,False,False
18973,1.0000,0.0000,False,False,False
18974,1.0000,0.0000,False,False,False
18975,1.0000,0.0000,False,False,False
18976,1.0000,0.0000,False,False,False
18977,1.0000,0.0000,False,False,False
18978,1.0000,0.0000,False,False,False
18979,1.0000,0.0000,False,False,False
18980,1.0000,0.0000,False,False,False
18981,1.0000,0.0000,False,False,False
18982,1.0000,0.0000,False,False,False
18983,1.0000,0.0000,False,False,False
18984,1.0000,0.0000,False,False,False
18985,0.0000,1.0000,False,False,False
18986,1.0000,0.0000,False,False,False
18987,0.0000,1.0000,False,False,False
18988,1.0000,0.0000,False,False,False
18989,1.0000,0.0000,False,False,False
18990,1.0000,0.0000,False,False,False
18991,1.0000,0.0000,False,False,False
18992,1.0000,0.0000,False,False,False
18993,1.0000,0.0000,False,False,False
18994,1.0000,0.0000,False,False,False
18995,0.0000,1.0000,False,False,False
18996,1.0000,0.0000,False,False,False
18997,0.0000,1.0000,False,False,False
18998,1.0000,0.0000,False,False,False
18999,1.0000,0.0000,False,False,False
19000,1.0000,0.0000,False,False,False
19001,1.0000,0.0000,False,False,False
19002,0.0000,1.0000,False,False,False
19003,1.0000,0.0000,False,False,False
19004,1.0000,0.0000,False,False,False
19005,1.0000,0.0000,False,False,False
19006,1.0000,0.0000,False,False,False
19007,1.0000,0.0000,False,False,False
19008,1.0000,0.0000,False,False,False
19009,1.0000,0.0000,False,False,False
19010,1.0000,0.0000,False,False,False
19011,1.0000,0.0000,False,False,False
19012,1.0000,0.0000,False,False,False
19013,1.0000,0.0000,False,False,False
19014,1.0000,0.0000,False,False,False
19015,1.0000,0.0000,False,False,False
19016,1.0000,0.0000,False,False,False
19017,0.0000,1.0000,False,False,False
19018,1.0000,0.0000,False,False,False
19019,1.0000,0.0000,False,False,False
19020,1.0000,0.0000,False,False,False
19021,1.0000,0.0000,False,False,False
19022,1.0000,0.0000,False,False,False
19023,1.0000,0.0000,False,False,False
19024,0.0000,1.0000,False,False,False
19025,1.0000,0.0000,False,False,False
19026,1.0000,0.0000,False,False,False
19027,1.0000,0.0000,False,False,False
19028,0.0000,1.0000,False,False,False
19029,1.0000,0.0000,False,False,False
19030,0.0000,1.0000,False,False,False
19031,0.0000,1.0000,False,False,False
19032,1.0000,0.0000,False,False,False
19033,1.0000,0.0000,False,False,False
19034,0.0000,1.0000,False,False,False
19035,1.0000,0.0000,False,False,False
19036,1.0000,0.0000,False,False,False
19037,1.0000,0.0000,False,False,False
19038,1.0000,0.0000,False,False,False
19039,1.0000,0.0000,False,False,False
19040,1.0000,0.0000,False,False,False
19041,1.0000,0.0000,False,False,False
19042,1.0000,0.0000,False,False,False
19043,1.0000,0.0000,False,False,False
19044,1.0000,0.0000,False,False,False
19045,1.0000,0.0000,False,False,False
19046,1.0000,0.0000,False,False,False
19047,1.0000,0.0000,False,False,False
19048,1.0000,0.0000,False,False,False
19049,1.0000,0.0000,False,False,False
19050,1.0000,0.0000,False,False,False
19051,1.0000,0.0000,False,False,False
19052,1.0000,0.0000,False,False,False
19053,1.0000,0.0000,False,False,False
19054,1.0000,0.0000,False,False,False
19055,1.0000,0.0000,False,False,False
19056,1.0000,0.0000,False,False,False
19057,0.0000,1.0000,False,False,False
19058,1.0000,0.0000,False,False,False
19059,1.0000,0.0000,False,False,False
19060,1.0000,0.0000,False,False,False
19061,1.0000,0.0000,False,False,False
19062,1.0000,0.0000,False,False,False
19063,1.0000,0.0000,False,False,False
19064,0.0000,1.0000,False,False,False
19065,0.0000,1.0000,False,False,False
19066,1.0000,0.0000,False,False,False
19067,1.0000,0.0000,False,False,False
19068,1.0000,0.0000,False,False,False
19069,1.0000,0.0000,False,False,False
19070,1.0000,0.0000,False,False,False
19071,1.0000,0.0000,False,False,False
19072,1.0000,0.0000,False,False,False
19073,1.0000,0.0000,False,False,False
19074,1.0000,0.0000,False,False,False
19075,1.0000,0.0000,False,False,False
19076,1.0000,0.0000,False,False,False
19077,1.0000,0.0000,False,False,False
19078,1.0000,0.0000,False,False,False
19079,1.0000,0.0000,False,False,False
19080,1.0000,0.0000,False,False,False
19081,1.0000,0.0000,False,False,False
19082,1.0000,0.0000,False,False,False
19083,1.0000,0.0000,False,False,False
19084,0.0000,1.0000,False,False,False
19085,1.0000,0.0000,False,False,False
19086,1.0000,0.0000,False,False,False
19087,1.0000,0.0000,False,False,False
19088,1.0000,0.0000,False,False,False
19089,1.0000,0.0000,False,False,False
19090,1.0000,0.0000,False,False,False
19091,1.0000,0.0000,False,False,False
19092,1.0000,0.0000,False,False,False
19093,1.0000,0.0000,False,False,False
19094,1.0000,0.0000,False,False,False
19095,0.0000,1.0000,False,False,False
19096,0.0000,1.0000,False,False,False
19097,1.0000,0.0000,False,False,False
19098,0.0000,1.0000,False,False,False
19099,1.0000,0.0000,False,False,False
19100,1.0000,0.0000,False,False,False
19101,1.0000,0.0000,False,False,False
19102,1.0000,0.0000,False,False,False
19103,1.0000,0.0000,False,False,False
19104,1.0000,0.0000,False,False,False
19105,1.0000,0.0000,False,False,False
19106,1.0000,0.0000,False,False,False
19107,0.0000,1.0000,False,False,False
19108,0.0000,1.0000,False,False,False
19109,0.0000,1.0000,False,False,False
19110,1.0000,0.0000,False,False,False
19111,1.0000,0.0000,False,False,False
19112,1.0000,0.0000,False,False,False
19113,1.0000,0.0000,False,False,False
19114,0.0000,1.0000,False,False,False
19115,1.0000,0.0000,False,False,False
19116,1.0000,0.0000,False,False,False
19117,1.0000,0.0000,False,False,False
19118,0.0000,1.0000,False,False,False
19119,1.0000,0.0000,False,False,False
19120,1.0000,0.0000,False,False,False
19121,1.0000,0.0000,False,False,False
19122,1.0000,0.0000,False,False,False
19123,1.0000,0.0000,False,False,False
19124,1.0000,0.0000,False,False,False
19125,1.0000,0.0000,False,False,False
19126,1.0000,0.0000,False,False,False
19127,1.0000,0.0000,False,False,False
19128,1.0000,0.0000,False,False,False
19129,0.0000,1.0000,False,False,False
19130,1.0000,0.0000,False,False,False
19131,1.0000,0.0000,False,False,False
19132,1.0000,0.0000,False,False,False
19133,1.0000,0.0000,False,False,False
19134,1.0000,0.0000,False,False,False
19135,1.0000,0.0000,False,False,False
19136,1.0000,0.0000,False,False,False
19137,1.0000,0.0000,False,False,False
19138,1.0000,0.0000,False,False,False
19139,1.0000,0.0000,False,False,False
19140,1.0000,0.0000,False,False,False
19141,1.0000,0.0000,False,False,False
19142,1.0000,0.0000,False,False,False
19143,1.0000,0.0000,False,False,False
19144,1.0000,0.0000,False,False,False
19145,0.0000,1.0000,False,False,False
19146,1.0000,0.0000,False,False,False
19147,1.0000,0.0000,False,False,False
19148,1.0000,0.0000,False,False,False
19149,1.0000,0.0000,False,False,False
19150,1.0000,0.0000,False,False,False
19151,1.0000,0.0000,False,False,False
19152,0.0000,1.0000,False,False,False
19153,1.0000,0.0000,False,False,False
19154,1.0000,0.0000,False,False,False
19155,1.0000,0.0000,False,False,False
19156,1.0000,0.0000,False,False,False
19157,1.0000,0.0000,False,False,False
19158,1.0000,0.0000,False,False,False
19159,1.0000,0.0000,False,False,False
19160,1.0000,0.0000,False,False,False
19161,1.0000,0.0000,False,False,False
19162,0.0000,1.0000,False,False,False
19163,1.0000,0.0000,False,False,False
19164,1.0000,0.0000,False,False,False
19165,0.0000,1.0000,False,False,False
19166,1.0000,0.0000,False,False,False
19167,1.0000,0.0000,False,False,False
19168,1.0000,0.0000,False,False,False
19169,0.0000,1.0000,False,False,False
19170,0.0000,1.0000,False,False,False
19171,1.0000,0.0000,False,False,False
19172,1.0000,0.0000,False,False,False
19173,0.0000,1.0000,False,False,False
19174,0.0000,1.0000,False,False,False
19175,1.0000,0.0000,False,False,False
19176,0.0000,1.0000,False,False,False
19177,1.0000,0.0000,False,False,False
19178,0.0000,1.0000,False,False,False
19179,0.0000,1.0000,False,False,False
19180,0.0000,1.0000,False,False,False
19181,1.0000,0.0000,False,False,False
19182,0.0000,1.0000,False,False,False
19183,0.0000,1.0000,False,False,False
19184,0.0000,1.0000,False,False,False
19185,0.0000,1.0000,False,False,False
19186,1.0000,0.0000,False,False,False
19187,1.0000,0.0000,False,False,False
19188,1.0000,0.0000,False,False,False
19189,1.0000,0.0000,False,False,False
19190,1.0000,0.0000,False,False,False
19191,0.0000,1.0000,False,False,False
19192,0.0000,1.0000,False,False,False
19193,1.0000,0.0000,False,False,False
19194,1.0000,0.0000,False,False,False
19195,1.0000,0.0000,False,False,False
19196,1.0000,0.0000,False,False,False
19197,0.0000,1.0000,False,False,False
19198,1.0000,0.0000,False,False,False
19199,1.0000,0.0000,False,False,False
19200,1.0000,0.0000,False,False,False
19201,1.0000,0.0000,False,False,False
19202,0.0000,1.0000,False,False,False
19203,0.0000,1.0000,False,False,False
19204,0.0000,1.0000,False,False,False
19205,1.0000,0.0000,False,False,False
19206,0.0000,1.0000,False,False,False
19207,1.0000,0.0000,False,False,False
19208,1.0000,0.0000,False,False,False
19209,1.0000,0.0000,False,False,False
19210,1.0000,0.0000,False,False,False
19211,1.0000,0.0000,False,False,False
19212,1.0000,0.0000,False,False,False
19213,0.0000,1.0000,False,False,False
19214,1.0000,0.0000,False,False,False
19215,1.0000,0.0000,False,False,False
19216,0.0000,1.0000,False,False,False
19217,1.0000,0.0000,False,False,False
19218,1.0000,0.0000,False,False,False
19219,0.0000,1.0000,False,False,False
19220,1.0000,0.0000,False,False,False
19221,1.0000,0.0000,False,False,False
19222,1.0000,0.0000,False,False,False
19223,1.0000,0.0000,False,False,False
19224,1.0000,0.0000,False,False,False
19225,1.0000,0.0000,False,False,False
19226,1.0000,0.0000,False,False,False
19227,0.0000,1.0000,False,False,False
19228,1.0000,0.0000,False,False,False
19229,0.0000,1.0000,False,False,False
19230,1.0000,0.0000,False,False,False
19231,1.0000,0.0000,False,False,False
19232,0.0000,1.0000,False,False,False
19233,1.0000,0.0000,False,False,False
19234,1.0000,0.0000,False,False,False
19235,0.0000,1.0000,False,False,False
19236,0.0000,1.0000,False,False,False
19237,1.0000,0.0000,False,False,False
19238,1.0000,0.0000,False,False,False
19239,1.0000,0.0000,False,False,False
19240,1.0000,0.0000,False,False,False
19241,0.0000,1.0000,False,False,False
19242,0.0000,1.0000,False,False,False
19243,0.0000,1.0000,False,False,False
19244,0.0000,1.0000,False,False,False
19245,0.0000,1.0000,False,False,False
19246,1.0000,0.0000,False,False,False
19247,1.0000,0.0000,False,False,False
19248,0.0000,1.0000,False,False,False
19249,1.0000,0.0000,False,False,False
19250,0.0000,1.0000,False,False,False
19251,1.0000,0.0000,False,False,False
19252,1.0000,0.0000,False,False,False
19253,1.0000,0.0000,False,False,False
19254,1.0000,0.0000,False,False,False
19255,1.0000,0.0000,False,False,False
19256,1.0000,0.0000,False,False,False
19257,0.0000,1.0000,False,False,False
19258,1.0000,0.0000,False,False,False
19259,0.0000,1.0000,False,False,False
19260,1.0000,0.0000,False,False,False
19261,1.0000,0.0000,False,False,False
19262,1.0000,0.0000,False,False,False
19263,1.0000,0.0000,False,False,False
19264,1.0000,0.0000,False,False,False
19265,0.0000,1.0000,False,False,False
19266,1.0000,0.0000,False,False,False
19267,1.0000,0.0000,False,False,False
19268,1.0000,0.0000,False,False,False
19269,1.0000,0.0000,False,False,False
19270,0.0000,1.0000,False,False,False
19271,1.0000,0.0000,False,False,False
19272,1.0000,0.0000,False,False,False
19273,1.0000,0.0000,False,False,False
19274,1.0000,0.0000,False,False,False
19275,1.0000,0.0000,False,False,False
19276,0.0000,1.0000,False,False,False
19277,0.0000,1.0000,False,False,False
19278,1.0000,0.0000,False,False,False
19279,0.0000,1.0000,False,False,False
19280,1.0000,0.0000,False,False,False
19281,1.0000,0.0000,False,False,False
19282,1.0000,0.0000,False,False,False
19283,0.0000,1.0000,False,False,False
19284,0.0000,1.0000,False,False,False
19285,0.0000,1.0000,False,False,False
19286,1.0000,0.0000,False,False,False
19287,1.0000,0.0000,False,False,False
19288,0.0000,1.0000,False,False,False
19289,0.0000,1.0000,False,False,False
19290,0.0000,1.0000,False,False,False
19291,1.0000,0.0000,False,False,False
19292,1.0000,0.0000,False,False,False
19293,1.0000,0.0000,False,False,False
19294,1.0000,0.0000,False,False,False
19295,1.0000,0.0000,False,False,False
19296,0.0000,1.0000,False,False,False
19297,1.0000,0.0000,False,False,False
19298,1.0000,0.0000,False,False,False
19299,0.0000,1.0000,False,False,False
19300,1.0000,0.0000,False,False,False
19301,1.0000,0.0000,False,False,False
19302,1.0000,0.0000,False,False,False
19303,1.0000,0.0000,False,False,False
19304,1.0000,0.0000,False,False,False
19305,1.0000,0.0000,False,False,False
19306,1.0000,0.0000,False,False,False
19307,1.0000,0.0000,False,False,False
19308,1.0000,0.0000,False,False,False
19309,1.0000,0.0000,False,False,False
19310,1.0000,0.0000,False,False,False
19311,1.0000,0.0000,False,False,False
19312,1.0000,0.0000,False,False,False
19313,1.0000,0.0000,False,False,False
19314,1.0000,0.0000,False,False,False
19315,1.0000,0.0000,False,False,False
19316,1.0000,0.0000,False,False,False
19317,1.0000,0.0000,False,False,False
19318,1.0000,0.0000,False,False,False
19319,1.0000,0.0000,False,False,False
19320,1.0000,0.0000,False,False,False
19321,1.0000,0.0000,False,False,False
19322,1.0000,0.0000,False,False,False
19323,1.0000,0.0000,False,False,False
19324,1.0000,0.0000,False,False,False
19325,0.0000,1.0000,False,False,False
19326,1.0000,0.0000,False,False,False
19327,1.0000,0.0000,False,False,False
19328,1.0000,0.0000,False,False,False
19329,1.0000,0.0000,False,False,False
19330,1.0000,0.0000,False,False,False
19331,1.0000,0.0000,False,False,False
19332,1.0000,0.0000,False,False,False
19333,1.0000,0.0000,False,False,False
19334,1.0000,0.0000,False,False,False
19335,1.0000,0.0000,False,False,False
19336,1.0000,0.0000,False,False,False
19337,0.0000,1.0000,False,False,False
19338,1.0000,0.0000,False,False,False
19339,1.0000,0.0000,False,False,False
19340,1.0000,0.0000,False,False,False
19341,1.0000,0.0000,False,False,False
19342,1.0000,0.0000,False,False,False
19343,0.0000,1.0000,False,False,False
19344,1.0000,0.0000,False,False,False
19345,0.0000,1.0000,False,False,False
19346,1.0000,0.0000,False,False,False
19347,1.0000,0.0000,False,False,False
19348,1.0000,0.0000,False,False,False
19349,0.0000,1.0000,False,False,False
19350,1.0000,0.0000,False,False,False
19351,1.0000,0.0000,False,False,False
19352,1.0000,0.0000,False,False,False
19353,0.0000,1.0000,False,False,False
19354,1.0000,0.0000,False,False,False
19355,1.0000,0.0000,False,False,False
19356,1.0000,0.0000,False,False,False
19357,1.0000,0.0000,False,False,False
19358,1.0000,0.0000,False,False,False
19359,0.0000,1.0000,False,False,False
19360,1.0000,0.0000,False,False,False
19361,1.0000,0.0000,False,False,False
19362,1.0000,0.0000,False,False,False
19363,1.0000,0.0000,False,False,False
19364,1.0000,0.0000,False,False,False
19365,1.0000,0.0000,False,False,False
19366,1.0000,0.0000,False,False,False
19367,1.0000,0.0000,False,False,False
19368,1.0000,0.0000,False,False,False
19369,1.0000,0.0000,False,False,False
19370,1.0000,0.0000,False,False,False
19371,1.0000,0.0000,False,False,False
19372,1.0000,0.0000,False,False,False
19373,1.0000,0.0000,False,False,False
19374,1.0000,0.0000,False,False,False
19375,1.0000,0.0000,False,False,False
19376,1.0000,0.0000,False,False,False
19377,1.0000,0.0000,False,False,False
19378,1.0000,0.0000,False,False,False
19379,1.0000,0.0000,False,False,False
19380,0.0000,1.0000,False,False,False
19381,1.0000,0.0000,False,False,False
19382,1.0000,0.0000,False,False,False
19383,0.0000,1.0000,False,False,False
19384,1.0000,0.0000,False,False,False
19385,1.0000,0.0000,False,False,False
19386,1.0000,0.0000,False,False,False
19387,1.0000,0.0000,False,False,False
19388,1.0000,0.0000,False,False,False
19389,1.0000,0.0000,False,False,False
19390,1.0000,0.0000,False,False,False
19391,1.0000,0.0000,False,False,False
19392,0.0000,1.0000,False,False,False
19393,1.0000,0.0000,False,False,False
19394,1.0000,0.0000,False,False,False
19395,1.0000,0.0000,False,False,False
19396,0.0000,1.0000,False,False,False
19397,1.0000,0.0000,False,False,False
19398,1.0000,0.0000,False,False,False
19399,1.0000,0.0000,False,False,False
19400,1.0000,0.0000,False,False,False
19401,1.0000,0.0000,False,False,False
19402,1.0000,0.0000,False,False,False
19403,1.0000,0.0000,False,False,False
19404,1.0000,0.0000,False,False,False
19405,1.0000,0.0000,False,False,False
19406,1.0000,0.0000,False,False,False
19407,0.0000,1.0000,False,False,False
19408,1.0000,0.0000,False,False,False
19409,0.0000,1.0000,False,False,False
19410,1.0000,0.0000,False,False,False
19411,1.0000,0.0000,False,False,False
19412,1.0000,0.0000,False,False,False
19413,1.0000,0.0000,False,False,False
19414,1.0000,0.0000,False,False,False
19415,1.0000,0.0000,False,False,False
19416,1.0000,0.0000,False,False,False
19417,0.0000,1.0000,False,False,False
19418,1.0000,0.0000,False,False,False
19419,1.0000,0.0000,False,False,False
19420,1.0000,0.0000,False,False,False
19421,0.0000,1.0000,False,False,False
19422,0.0000,1.0000,False,False,False
19423,1.0000,0.0000,False,False,False
19424,1.0000,0.0000,False,False,False
19425,1.0000,0.0000,False,False,False
19426,1.0000,0.0000,False,False,False
19427,1.0000,0.0000,False,False,False
19428,1.0000,0.0000,False,False,False
19429,1.0000,0.0000,False,False,False
19430,1.0000,0.0000,False,False,False
19431,0.0000,1.0000,False,False,False
19432,1.0000,0.0000,False,False,False
19433,0.0000,1.0000,False,False,False
19434,0.0000,1.0000,False,False,False
19435,0.0000,1.0000,False,False,False
19436,1.0000,0.0000,False,False,False
19437,1.0000,0.0000,False,False,False
19438,1.0000,0.0000,False,False,False
19439,1.0000,0.0000,False,False,False
19440,0.0000,1.0000,False,False,False
19441,1.0000,0.0000,False,False,False
19442,1.0000,0.0000,False,False,False
19443,0.0000,1.0000,False,False,False
19444,1.0000,0.0000,False,False,False
19445,1.0000,0.0000,False,False,False
19446,0.0000,1.0000,False,False,False
19447,1.0000,0.0000,False,False,False
19448,1.0000,0.0000,False,False,False
19449,0.0000,1.0000,False,False,False
19450,1.0000,0.0000,False,False,False
19451,1.0000,0.0000,False,False,False
19452,1.0000,0.0000,False,False,False
19453,1.0000,0.0000,False,False,False
19454,1.0000,0.0000,False,False,False
19455,1.0000,0.0000,False,False,False
19456,1.0000,0.0000,False,False,False
19457,1.0000,0.0000,False,False,False
19458,0.0000,1.0000,False,False,False
19459,1.0000,0.0000,False,False,False
19460,1.0000,0.0000,False,False,False
19461,0.0000,1.0000,False,False,False
19462,1.0000,0.0000,False,False,False
19463,1.0000,0.0000,False,False,False
19464,1.0000,0.0000,False,False,False
19465,1.0000,0.0000,False,False,False
19466,1.0000,0.0000,False,False,False
19467,1.0000,0.0000,False,False,False
19468,0.0000,1.0000,False,False,False
19469,0.0000,1.0000,False,False,False
19470,1.0000,0.0000,False,False,False
19471,1.0000,0.0000,False,False,False
19472,1.0000,0.0000,False,False,False
19473,1.0000,0.0000,False,False,False
19474,0.0000,1.0000,False,False,False
19475,1.0000,0.0000,False,False,False
19476,0.0000,1.0000,False,False,False
19477,0.0000,1.0000,False,False,False
19478,1.0000,0.0000,False,False,False
19479,1.0000,0.0000,False,False,False
19480,0.0000,1.0000,False,False,False
19481,1.0000,0.0000,False,False,False
19482,1.0000,0.0000,False,False,False
19483,1.0000,0.0000,False,False,False
19484,1.0000,0.0000,False,False,False
19485,1.0000,0.0000,False,False,False
19486,0.0000,1.0000,False,False,False
19487,0.0000,1.0000,False,False,False
19488,1.0000,0.0000,False,False,False
19489,1.0000,0.0000,False,False,False
19490,1.0000,0.0000,False,False,False
19491,1.0000,0.0000,False,False,False
19492,1.0000,0.0000,False,False,False
19493,1.0000,0.0000,False,False,False
19494,1.0000,0.0000,False,False,False
19495,1.0000,0.0000,False,False,False
19496,0.0000,1.0000,False,False,False
19497,0.0000,1.0000,False,False,False
19498,1.0000,0.0000,False,False,False
19499,1.0000,0.0000,False,False,False
19500,1.0000,0.0000,False,False,False
19501,0.0000,1.0000,False,False,False
19502,1.0000,0.0000,False,False,False
19503,0.0000,1.0000,False,False,False
19504,1.0000,0.0000,False,False,False
19505,1.0000,0.0000,False,False,False
19506,1.0000,0.0000,False,False,False
19507,1.0000,0.0000,False,False,False
19508,0.0000,1.0000,False,False,False
19509,1.0000,0.0000,False,False,False
19510,1.0000,0.0000,False,False,False
19511,1.0000,0.0000,False,False,False
19512,1.0000,0.0000,False,False,False
19513,0.0000,1.0000,False,False,False
19514,1.0000,0.0000,False,False,False
19515,0.0000,1.0000,False,False,False
19516,1.0000,0.0000,False,False,False
19517,0.0000,1.0000,False,False,False
19518,1.0000,0.0000,False,False,False
19519,1.0000,0.0000,False,False,False
19520,1.0000,0.0000,False,False,False
19521,0.0000,1.0000,False,False,False
19522,1.0000,0.0000,False,False,False
19523,1.0000,0.0000,False,False,False
19524,1.0000,0.0000,False,False,False
19525,1.0000,0.0000,False,False,False
19526,1.0000,0.0000,False,False,False
19527,0.0000,1.0000,False,False,False
19528,1.0000,0.0000,False,False,False
19529,0.0000,1.0000,False,False,False
19530,0.0000,1.0000,False,False,False
19531,0.0000,1.0000,False,False,False
19532,1.0000,0.0000,False,False,False
19533,1.0000,0.0000,False,False,False
19534,1.0000,0.0000,False,False,False
19535,1.0000,0.0000,False,False,False
19536,1.0000,0.0000,False,False,False
19537,1.0000,0.0000,False,False,False
19538,1.0000,0.0000,False,False,False
19539,1.0000,0.0000,False,False,False
19540,0.0000,1.0000,False,False,False
19541,1.0000,0.0000,False,False,False
19542,1.0000,0.0000,False,False,False
19543,1.0000,0.0000,False,False,False
19544,1.0000,0.0000,False,False,False
19545,1.0000,0.0000,False,False,False
19546,1.0000,0.0000,False,False,False
19547,1.0000,0.0000,False,False,False
19548,1.0000,0.0000,False,False,False
19549,1.0000,0.0000,False,False,False
19550,1.0000,0.0000,False,False,False
19551,1.0000,0.0000,False,False,False
19552,1.0000,0.0000,False,False,False
19553,1.0000,0.0000,False,False,False
19554,1.0000,0.0000,False,False,False
19555,1.0000,0.0000,False,False,False
19556,1.0000,0.0000,False,False,False
19557,1.0000,0.0000,False,False,False
19558,1.0000,0.0000,False,False,False
19559,1.0000,0.0000,False,False,False
19560,0.0000,1.0000,False,False,False
19561,0.0000,1.0000,False,False,False
19562,1.0000,0.0000,False,False,False
19563,1.0000,0.0000,False,False,False
19564,1.0000,0.0000,False,False,False
19565,1.0000,0.0000,False,False,False
19566,1.0000,0.0000,False,False,False
19567,1.0000,0.0000,False,False,False
19568,0.0000,1.0000,False,False,False
19569,1.0000,0.0000,False,False,False
19570,1.0000,0.0000,False,False,False
19571,1.0000,0.0000,False,False,False
19572,0.0000,1.0000,False,False,False
19573,0.0000,1.0000,False,False,False
19574,0.0000,1.0000,False,False,False
19575,1.0000,0.0000,False,False,False
19576,1.0000,0.0000,False,False,False
19577,1.0000,0.0000,False,False,False
19578,1.0000,0.0000,False,False,False
19579,1.0000,0.0000,False,False,False
19580,0.0000,1.0000,False,False,False
19581,1.0000,0.0000,False,False,False
19582,1.0000,0.0000,False,False,False
19583,1.0000,0.0000,False,False,False
19584,1.0000,0.0000,False,False,False
19585,1.0000,0.0000,False,False,False
19586,1.0000,0.0000,False,False,False
19587,1.0000,0.0000,False,False,False
19588,0.0000,1.0000,False,False,False
19589,1.0000,0.0000,False,False,False
19590,1.0000,0.0000,False,False,False
19591,1.0000,0.0000,False,False,False
19592,0.0000,1.0000,False,False,False
19593,1.0000,0.0000,False,False,False
19594,1.0000,0.0000,False,False,False
19595,1.0000,0.0000,False,False,False
19596,0.0000,1.0000,False,False,False
19597,1.0000,0.0000,False,False,False
19598,1.0000,0.0000,False,False,False
19599,0.0000,1.0000,False,False,False
19600,0.0000,1.0000,False,False,False
19601,1.0000,0.0000,False,False,False
19602,0.0000,1.0000,False,False,False
19603,1.0000,0.0000,False,False,False
19604,1.0000,0.0000,False,False,False
19605,0.0000,1.0000,False,False,False
19606,0.0000,1.0000,False,False,False
19607,1.0000,0.0000,False,False,False
19608,1.0000,0.0000,False,False,False
19609,0.0000,1.0000,False,False,False
19610,1.0000,0.0000,False,False,False
19611,1.0000,0.0000,False,False,False
19612,1.0000,0.0000,False,False,False
19613,1.0000,0.0000,False,False,False
19614,1.0000,0.0000,False,False,False
19615,0.0000,1.0000,False,False,False
19616,0.0000,1.0000,False,False,False
19617,1.0000,0.0000,False,False,False
19618,1.0000,0.0000,False,False,False
19619,1.0000,0.0000,False,False,False
19620,1.0000,0.0000,False,False,False
19621,0.0000,1.0000,False,False,False
19622,1.0000,0.0000,False,False,False
19623,1.0000,0.0000,False,False,False
19624,1.0000,0.0000,False,False,False
19625,1.0000,0.0000,False,False,False
19626,1.0000,0.0000,False,False,False
19627,1.0000,0.0000,False,False,False
19628,1.0000,0.0000,False,False,False
19629,1.0000,0.0000,False,False,False
19630,1.0000,0.0000,False,False,False
19631,1.0000,0.0000,False,False,False
19632,1.0000,0.0000,False,False,False
19633,0.0000,1.0000,False,False,False
19634,1.0000,0.0000,False,False,False
19635,1.0000,0.0000,False,False,False
19636,1.0000,0.0000,False,False,False
19637,1.0000,0.0000,False,False,False
19638,1.0000,0.0000,False,False,False
19639,1.0000,0.0000,False,False,False
19640,1.0000,0.0000,False,False,False
19641,1.0000,0.0000,False,False,False
19642,1.0000,0.0000,False,False,False
19643,1.0000,0.0000,False,False,False
19644,0.0000,1.0000,False,False,False
19645,1.0000,0.0000,False,False,False
19646,1.0000,0.0000,False,False,False
19647,0.0000,1.0000,False,False,False
19648,1.0000,0.0000,False,False,False
19649,1.0000,0.0000,False,False,False
19650,1.0000,0.0000,False,False,False
19651,1.0000,0.0000,False,False,False
19652,0.0000,1.0000,False,False,False
19653,1.0000,0.0000,False,False,False
19654,1.0000,0.0000,False,False,False
19655,1.0000,0.0000,False,False,False
19656,1.0000,0.0000,False,False,False
19657,1.0000,0.0000,False,False,False
19658,1.0000,0.0000,False,False,False
19659,1.0000,0.0000,False,False,False
19660,1.0000,0.0000,False,False,False
19661,1.0000,0.0000,False,False,False
19662,1.0000,0.0000,False,False,False
19663,1.0000,0.0000,False,False,False
19664,1.0000,0.0000,False,False,False
19665,1.0000,0.0000,False,False,False
19666,1.0000,0.0000,False,False,False
19667,1.0000,0.0000,False,False,False
19668,1.0000,0.0000,False,False,False
19669,1.0000,0.0000,False,False,False
19670,1.0000,0.0000,False,False,False
19671,0.0000,1.0000,False,False,False
19672,1.0000,0.0000,False,False,False
19673,1.0000,0.0000,False,False,False
19674,1.0000,0.0000,False,False,False
19675,1.0000,0.0000,False,False,False
19676,1.0000,0.0000,False,False,False
19677,0.0000,1.0000,False,False,False
19678,1.0000,0.0000,False,False,False
19679,1.0000,0.0000,False,False,False
19680,0.0000,1.0000,False,False,False
19681,1.0000,0.0000,False,False,False
19682,1.0000,0.0000,False,False,False
19683,0.0000,1.0000,False,False,False
19684,1.0000,0.0000,False,False,False
19685,1.0000,0.0000,False,False,False
19686,1.0000,0.0000,False,False,False
19687,1.0000,0.0000,False,False,False
19688,1.0000,0.0000,False,False,False
19689,1.0000,0.0000,False,False,False
19690,1.0000,0.0000,False,False,False
19691,0.0000,1.0000,False,False,False
19692,0.0000,1.0000,False,False,False
19693,1.0000,0.0000,False,False,False
19694,1.0000,0.0000,False,False,False
19695,1.0000,0.0000,False,False,False
19696,0.0000,1.0000,False,False,False
19697,1.0000,0.0000,False,False,False
19698,1.0000,0.0000,False,False,False
19699,1.0000,0.0000,False,False,False
19700,0.0000,1.0000,False,False,False
19701,1.0000,0.0000,False,False,False
19702,1.0000,0.0000,False,False,False
19703,0.0000,1.0000,False,False,False
19704,1.0000,0.0000,False,False,False
19705,0.0000,1.0000,False,False,False
19706,0.0000,1.0000,False,False,False
19707,0.0000,1.0000,False,False,False
19708,1.0000,0.0000,False,False,False
19709,1.0000,0.0000,False,False,False
19710,1.0000,0.0000,False,False,False
19711,1.0000,0.0000,False,False,False
19712,1.0000,0.0000,False,False,False
19713,0.0000,1.0000,False,False,False
19714,1.0000,0.0000,False,False,False
19715,1.0000,0.0000,False,False,False
19716,0.0000,1.0000,False,False,False
19717,1.0000,0.0000,False,False,False
19718,1.0000,0.0000,False,False,False
19719,0.0000,1.0000,False,False,False
19720,1.0000,0.0000,False,False,False
19721,0.0000,1.0000,False,False,False
19722,1.0000,0.0000,False,False,False
19723,1.0000,0.0000,False,False,False
19724,1.0000,0.0000,False,False,False
19725,1.0000,0.0000,False,False,False
19726,0.0000,1.0000,False,False,False
19727,0.0000,1.0000,False,False,False
19728,1.0000,0.0000,False,False,False
19729,1.0000,0.0000,False,False,False
19730,0.0000,1.0000,False,False,False
19731,1.0000,0.0000,False,False,False
19732,1.0000,0.0000,False,False,False
19733,1.0000,0.0000,False,False,False
19734,1.0000,0.0000,False,False,False
19735,0.0000,1.0000,False,False,False
19736,0.0000,1.0000,False,False,False
19737,1.0000,0.0000,False,False,False
19738,0.0000,1.0000,False,False,False
19739,1.0000,0.0000,False,False,False
19740,1.0000,0.0000,False,False,False
19741,1.0000,0.0000,False,False,False
19742,1.0000,0.0000,False,False,False
19743,0.0000,1.0000,False,False,False
19744,0.0000,1.0000,False,False,False
19745,1.0000,0.0000,False,False,False
19746,1.0000,0.0000,False,False,False
19747,1.0000,0.0000,False,False,False
19748,1.0000,0.0000,False,False,False
19749,1.0000,0.0000,False,False,False
19750,1.0000,0.0000,False,False,False
19751,0.0000,1.0000,False,False,False
19752,1.0000,0.0000,False,False,False
19753,1.0000,0.0000,False,False,False
19754,1.0000,0.0000,False,False,False
19755,0.0000,1.0000,False,False,False
19756,0.0000,1.0000,False,False,False
19757,1.0000,0.0000,False,False,False
19758,1.0000,0.0000,False,False,False
19759,1.0000,0.0000,False,False,False
19760,1.0000,0.0000,False,False,False
19761,1.0000,0.0000,False,False,False
19762,1.0000,0.0000,False,False,False
19763,0.0000,1.0000,False,False,False
19764,1.0000,0.0000,False,False,False
19765,1.0000,0.0000,False,False,False
19766,1.0000,0.0000,False,False,False
19767,1.0000,0.0000,False,False,False
19768,1.0000,0.0000,False,False,False
19769,1.0000,0.0000,False,False,False
19770,1.0000,0.0000,False,False,False
19771,1.0000,0.0000,False,False,False
19772,1.0000,0.0000,False,False,False
19773,1.0000,0.0000,False,False,False
19774,0.0000,1.0000,False,False,False
19775,1.0000,0.0000,False,False,False
19776,1.0000,0.0000,False,False,False
19777,1.0000,0.0000,False,False,False
19778,1.0000,0.0000,False,False,False
19779,1.0000,0.0000,False,False,False
19780,1.0000,0.0000,False,False,False
19781,1.0000,0.0000,False,False,False
19782,1.0000,0.0000,False,False,False
19783,1.0000,0.0000,False,False,False
19784,1.0000,0.0000,False,False,False
19785,0.0000,1.0000,False,False,False
19786,1.0000,0.0000,False,False,False
19787,1.0000,0.0000,False,False,False
19788,1.0000,0.0000,False,False,False
19789,1.0000,0.0000,False,False,False
19790,0.0000,1.0000,False,False,False
19791,1.0000,0.0000,False,False,False
19792,1.0000,0.0000,False,False,False
19793,1.0000,0.0000,False,False,False
19794,1.0000,0.0000,False,False,False
19795,1.0000,0.0000,False,False,False
19796,1.0000,0.0000,False,False,False
19797,1.0000,0.0000,False,False,False
19798,1.0000,0.0000,False,False,False
19799,1.0000,0.0000,False,False,False
19800,1.0000,0.0000,False,False,False
19801,1.0000,0.0000,False,False,False
19802,1.0000,0.0000,False,False,False
19803,0.0000,1.0000,False,False,False
19804,1.0000,0.0000,False,False,False
19805,1.0000,0.0000,False,False,False
19806,1.0000,0.0000,False,False,False
19807,0.0000,1.0000,False,False,False
19808,1.0000,0.0000,False,False,False
19809,1.0000,0.0000,False,False,False
19810,1.0000,0.0000,False,False,False
19811,1.0000,0.0000,False,False,False
19812,1.0000,0.0000,False,False,False
19813,1.0000,0.0000,False,False,False
19814,1.0000,0.0000,False,False,False
19815,1.0000,0.0000,False,False,False
19816,1.0000,0.0000,False,False,False
19817,1.0000,0.0000,False,False,False
19818,1.0000,0.0000,False,False,False
19819,1.0000,0.0000,False,False,False
19820,1.0000,0.0000,False,False,False
19821,1.0000,0.0000,False,False,False
19822,0.0000,1.0000,False,False,False
19823,1.0000,0.0000,False,False,False
19824,1.0000,0.0000,False,False,False
19825,1.0000,0.0000,False,False,False
19826,1.0000,0.0000,False,False,False
19827,1.0000,0.0000,False,False,False
19828,1.0000,0.0000,False,False,False
19829,0.0000,1.0000,False,False,False
19830,0.0000,1.0000,False,False,False
19831,1.0000,0.0000,False,False,False
19832,1.0000,0.0000,False,False,False
19833,1.0000,0.0000,False,False,False
19834,1.0000,0.0000,False,False,False
19835,1.0000,0.0000,False,False,False
19836,1.0000,0.0000,False,False,False
19837,0.0000,1.0000,False,False,False
19838,1.0000,0.0000,False,False,False
19839,0.0000,1.0000,False,False,False
19840,1.0000,0.0000,False,False,False
19841,0.0000,1.0000,False,False,False
19842,1.0000,0.0000,False,False,False
19843,1.0000,0.0000,False,False,False
19844,1.0000,0.0000,False,False,False
19845,1.0000,0.0000,False,False,False
19846,1.0000,0.0000,False,False,False
19847,1.0000,0.0000,False,False,False
19848,0.0000,1.0000,False,False,False
19849,1.0000,0.0000,False,False,False
19850,1.0000,0.0000,False,False,False
19851,1.0000,0.0000,False,False,False
19852,1.0000,0.0000,False,False,False
19853,1.0000,0.0000,False,False,False
19854,1.0000,0.0000,False,False,False
19855,1.0000,0.0000,False,False,False
19856,1.0000,0.0000,False,False,False
19857,1.0000,0.0000,False,False,False
19858,1.0000,0.0000,False,False,False
19859,0.0000,1.0000,False,False,False
19860,1.0000,0.0000,False,False,False
19861,1.0000,0.0000,False,False,False
19862,1.0000,0.0000,False,False,False
19863,1.0000,0.0000,False,False,False
19864,1.0000,0.0000,False,False,False
19865,1.0000,0.0000,False,False,False
19866,1.0000,0.0000,False,False,False
19867,1.0000,0.0000,False,False,False
19868,1.0000,0.0000,False,False,False
19869,1.0000,0.0000,False,False,False
19870,1.0000,0.0000,False,False,False
19871,0.0000,1.0000,False,False,False
19872,1.0000,0.0000,False,False,False
19873,0.0000,1.0000,False,False,False
19874,1.0000,0.0000,False,False,False
19875,1.0000,0.0000,False,False,False
19876,1.0000,0.0000,False,False,False
19877,1.0000,0.0000,False,False,False
19878,1.0000,0.0000,False,False,False
19879,1.0000,0.0000,False,False,False
19880,1.0000,0.0000,False,False,False
19881,0.0000,1.0000,False,False,False
19882,0.0000,1.0000,False,False,False
19883,0.0000,1.0000,False,False,False
19884,1.0000,0.0000,False,False,False
19885,1.0000,0.0000,False,False,False
19886,1.0000,0.0000,False,False,False
19887,1.0000,0.0000,False,False,False
19888,0.0000,1.0000,False,False,False
19889,1.0000,0.0000,False,False,False
19890,1.0000,0.0000,False,False,False
19891,1.0000,0.0000,False,False,False
19892,1.0000,0.0000,False,False,False
19893,1.0000,0.0000,False,False,False
19894,0.0000,1.0000,False,False,False
19895,1.0000,0.0000,False,False,False
19896,1.0000,0.0000,False,False,False
19897,0.0000,1.0000,False,False,False
19898,1.0000,0.0000,False,False,False
19899,1.0000,0.0000,False,False,False
19900,1.0000,0.0000,False,False,False
19901,1.0000,0.0000,False,False,False
19902,0.0000,1.0000,False,False,False
19903,1.0000,0.0000,False,False,False
19904,1.0000,0.0000,False,False,False
19905,1.0000,0.0000,False,False,False
19906,1.0000,0.0000,False,False,False
19907,0.0000,1.0000,False,False,False
19908,0.0000,1.0000,False,False,False
19909,1.0000,0.0000,False,False,False
19910,1.0000,0.0000,False,False,False
19911,0.0000,1.0000,False,False,False
19912,1.0000,0.0000,False,False,False
19913,1.0000,0.0000,False,False,False
19914,1.0000,0.0000,False,False,False
19915,1.0000,0.0000,False,False,False
19916,1.0000,0.0000,False,False,False
19917,1.0000,0.0000,False,False,False
19918,1.0000,0.0000,False,False,False
19919,1.0000,0.0000,False,False,False
19920,1.0000,0.0000,False,False,False
19921,0.0000,1.0000,False,False,False
19922,1.0000,0.0000,False,False,False
19923,0.0000,1.0000,False,False,False
19924,1.0000,0.0000,False,False,False
19925,1.0000,0.0000,False,False,False
19926,1.0000,0.0000,False,False,False
19927,0.0000,1.0000,False,False,False
19928,1.0000,0.0000,False,False,False
19929,1.0000,0.0000,False,False,False
19930,0.0000,1.0000,False,False,False
19931,1.0000,0.0000,False,False,False
19932,0.0000,1.0000,False,False,False
19933,1.0000,0.0000,False,False,False
19934,0.0000,1.0000,False,False,False
19935,1.0000,0.0000,False,False,False
19936,1.0000,0.0000,False,False,False
19937,1.0000,0.0000,False,False,False
19938,1.0000,0.0000,False,False,False
19939,1.0000,0.0000,False,False,False
19940,1.0000,0.0000,False,False,False
19941,0.0000,1.0000,False,False,False
19942,1.0000,0.0000,False,False,False
19943,1.0000,0.0000,False,False,False
19944,1.0000,0.0000,False,False,False
19945,1.0000,0.0000,False,False,False
19946,1.0000,0.0000,False,False,False
19947,0.0000,1.0000,False,False,False
19948,0.0000,1.0000,False,False,False
19949,1.0000,0.0000,False,False,False
19950,1.0000,0.0000,False,False,False
19951,1.0000,0.0000,False,False,False
19952,0.0000,1.0000,False,False,False
19953,1.0000,0.0000,False,False,False
19954,1.0000,0.0000,False,False,False
19955,1.0000,0.0000,False,False,False
19956,0.0000,1.0000,False,False,False
19957,0.0000,1.0000,False,False,False
19958,1.0000,0.0000,False,False,False
19959,0.0000,1.0000,False,False,False
19960,0.0000,1.0000,False,False,False
19961,1.0000,0.0000,False,False,False
19962,1.0000,0.0000,False,False,False
19963,1.0000,0.0000,False,False,False
19964,0.0000,1.0000,False,False,False
19965,0.0000,1.0000,False,False,False
19966,1.0000,0.0000,False,False,False
19967,0.0000,1.0000,False,False,False
19968,1.0000,0.0000,False,False,False
19969,0.0000,1.0000,False,False,False
19970,0.0000,1.0000,False,False,False
19971,1.0000,0.0000,False,False,False
19972,1.0000,0.0000,False,False,False
19973,0.0000,1.0000,False,False,False
19974,0.0000,1.0000,False,False,False
19975,1.0000,0.0000,False,False,False
19976,1.0000,0.0000,False,False,False
19977,1.0000,0.0000,False,False,False
19978,1.0000,0.0000,False,False,False
19979,1.0000,0.0000,False,False,False
19980,0.0000,1.0000,False,False,False
19981,0.0000,1.0000,False,False,False
19982,1.0000,0.0000,False,False,False
19983,1.0000,0.0000,False,False,False
19984,1.0000,0.0000,False,False,False
19985,1.0000,0.0000,False,False,False
19986,1.0000,0.0000,False,False,False
19987,0.0000,1.0000,False,False,False
19988,0.0000,1.0000,False,False,False
19989,0.0000,1.0000,False,False,False
19990,1.0000,0.0000,False,False,False
19991,0.0000,1.0000,False,False,False
19992,1.0000,0.0000,False,False,False
19993,0.0000,1.0000,False,False,False
19994,0.0000,1.0000,False,False,False
19995,0.0000,1.0000,False,False,False
19996,0.0000,1.0000,False,False,False
19997,1.0000,0.0000,False,False,False
19998,1.0000,0.0000,False,False,False
19999,1.0000,0.0000,False,False,False
20000,0.0000,1.0000,True,True,False
20001,1.0000,0.0000,True,True,False
20002,1.0000,0.0000,True,True,False
20003,0.0000,1.0000,True,True,False
20004,1.0000,0.0000,True,True,False
20005,1.0000,0.0000,True,True,False
20006,1.0000,0.0000,True,True,False
20007,1.0000,0.0000,True,True,False
20008,1.0000,0.0000,True,True,False
20009,1.0000,0.0000,True,True,False
20010,1.0000,0.0000,True,False,True
20011,1.0000,0.0000,False,False,False
20012,0.0000,1.0000,False,False,False
20013,1.0000,0.0000,False,False,False
20014,1.0000,0.0000,False,False,False
20015,0.0000,1.0000,False,False,False
20016,1.0000,0.0000,False,False,False
20017,1.0000,0.0000,False,False,False
20018,1.0000,0.0000,False,False,False
20019,1.0000,0.0000,False,False,False
20020,0.0000,1.0000,False,False,False
20021,1.0000,0.0000,False,False,False
20022,1.0000,0.0000,False,False,False
20023,1.0000,0.0000,False,False,False
20024,1.0000,0.0000,False,False,False
20025,0.0000,1.0000,False,False,False
20026,1.0000,0.0000,False,False,False
20027,1.0000,0.0000,False,False,False
20028,0.0000,1.0000,False,False,False
20029,0.0000,1.0000,False,False,False
20030,1.0000,0.0000,False,False,False
20031,1.0000,0.0000,False,False,False
20032,1.0000,0.0000,False,False,False
20033,0.0000,1.0000,False,False,False
20034,1.0000,0.0000,False,False,False
20035,1.0000,0.0000,False,False,False
20036,1.0000,0.0000,False,False,False
20037,1.0000,0.0000,False,False,False
20038,1.0000,0.0000,False,False,False
20039,1.0000,0.0000,False,False,False
20040,0.0000,1.0000,False,False,False
20041,1.0000,0.0000,False,False,False
20042,0.0000,1.0000,False,False,False
20043,1.0000,0.0000,False,False,False
20044,1.0000,0.0000,False,False,False
20045,0.0000,1.0000,False,False,False
20046,1.0000,0.0000,False,False,False
20047,0.0000,1.0000,False,False,False
20048,1.0000,0.0000,False,False,False
20049,1.0000,0.0000,False,False,False
20050,1.0000,0.0000,False,False,False
20051,0.0000,1.0000,False,False,False
20052,1.0000,0.0000,False,False,False
20053,1.0000,0.0000,False,False,False
20054,1.0000,0.0000,False,False,False
20055,1.0000,0.0000,False,False,False
20056,1.0000,0.0000,False,False,False
20057,1.0000,0.0000,False,False,False
20058,1.0000,0.0000,False,False,False
20059,1.0000,0.0000,False,False,False
20060,0.0000,1.0000,False,False,False
20061,1.0000,0.0000,False,False,False
20062,1.0000,0.0000,False,False,False
20063,1.0000,0.0000,False,False,False
20064,1.0000,0.0000,False,False,False
20065,1.0000,0.0000,False,False,False
20066,1.0000,0.0000,False,False,False
20067,1.0000,0.0000,False,False,False
20068,0.0000,1.0000,False,False,False
20069,0.0000,1.0000,False,False,False
20070,1.0000,0.0000,False,False,False
20071,0.0000,1.0000,False,False,False
20072,1.0000,0.0000,False,False,False
20073,1.0000,0.0000,False,False,False
20074,1.0000,0.0000,False,False,False
20075,1.0000,0.0000,False,False,False
20076,0.0000,1.0000,False,False,False
20077,0.0000,1.0000,False,False,False
20078,1.0000,0.0000,False,False,False
20079,1.0000,0.0000,False,False,False
20080,1.0000,0.0000,False,False,False
20081,0.0000,1.0000,False,False,False
20082,0.0000,1.0000,False,False,False
20083,0.0000,1.0000,False,False,False
20084,1.0000,0.0000,False,False,False
20085,1.0000,0.0000,False,False,False
20086,1.0000,0.0000,False,False,False
20087,1.0000,0.0000,False,False,False
20088,1.0000,0.0000,False,False,False
20089,1.0000,0.0000,False,False,False
20090,0.0000,1.0000,False,False,False
20091,1.0000,0.0000,False,False,False
20092,1.0000,0.0000,False,False,False
20093,0.0000,1.0000,False,False,False
20094,0.0000,1.0000,False,False,False
20095,0.0000,1.0000,False,False,False
20096,1.0000,0.0000,False,False,False
20097,1.0000,0.0000,False,False,False
20098,1.0000,0.0000,False,False,False
20099,1.0000,0.0000,False,False,False
20100,1.0000,0.0000,False,False,False
20101,1.0000,0.0000,False,False,False
20102,1.0000,0.0000,False,False,False
20103,1.0000,0.0000,False,False,False
20104,1.0000,0.0000,False,False,False
20105,1.0000,0.0000,False,False,False
20106,1.0000,0.0000,False,False,False
20107,0.0000,1.0000,False,False,False
20108,0.0000,1.0000,False,False,False
20109,0.0000,1.0000,False,False,False
20110,0.0000,1.0000,False,False,False
20111,1.0000,0.0000,False,False,False
20112,1.0000,0.0000,False,False,False
20113,0.0000,1.0000,False,False,False
20114,0.0000,1.0000,False,False,False
20115,1.0000,0.0000,False,False,False
20116,1.0000,0.0000,False,False,False
20117,0.0000,1.0000,False,False,False
20118,1.0000,0.0000,False,False,False
20119,1.0000,0.0000,False,False,False
20120,1.0000,0.0000,False,False,False
20121,1.0000,0.0000,False,False,False
20122,1.0000,0.0000,False,False,False
20123,1.0000,0.0000,False,False,False
20124,1.0000,0.0000,False,False,False
20125,1.0000,0.0000,False,False,False
20126,1.0000,0.0000,False,False,False
20127,1.0000,0.0000,False,False,False
20128,1.0000,0.0000,False,False,False
20129,1.0000,0.0000,False,False,False
20130,1.0000,0.0000,False,False,False
20131,1.0000,0.0000,False,False,False
20132,1.0000,0.0000,False,False,False
20133,1.0000,0.0000,False,False,False
20134,1.0000,0.0000,False,False,False
20135,1.0000,0.0000,False,False,False
20136,0.0000,1.0000,False,False,False
20137,1.0000,0.0000,False,False,False
20138,1.0000,0.0000,False,False,False
20139,1.0000,0.0000,False,False,False
20140,1.0000,0.0000,False,False,False
20141,1.0000,0.0000,False,False,False
20142,0.0000,1.0000,False,False,False
20143,1.0000,0.0000,False,False,False
20144,1.0000,0.0000,False,False,False
20145,1.0000,0.0000,False,False,False
20146,1.0000,0.0000,False,False,False
20147,1.0000,0.0000,False,False,False
20148,1.0000,0.0000,False,False,False
20149,1.0000,0.0000,False,False,False
20150,1.0000,0.0000,False,False,False
20151,1.0000,0.0000,False,False,False
20152,1.0000,0.0000,False,False,False
20153,1.0000,0.0000,False,False,False
20154,0.0000,1.0000,False,False,False
20155,1.0000,0.0000,False,False,False
20156,1.0000,0.0000,False,False,False
20157,1.0000,0.0000,False,False,False
20158,1.0000,0.0000,False,False,False
20159,1.0000,0.0000,False,False,False
20160,0.0000,1.0000,False,False,False
20161,1.0000,0.0000,False,False,False
20162,1.0000,0.0000,False,False,False
20163,1.0000,0.0000,False,False,False
20164,1.0000,0.0000,False,False,False
20165,1.0000,0.0000,False,False,False
20166,1.0000,0.0000,False,False,False
20167,1.0000,0.0000,False,False,False
20168,1.0000,0.0000,False,False,False
20169,1.0000,0.0000,False,False,False
20170,1.0000,0.0000,False,False,False
20171,1.0000,0.0000,False,False,False
20172,1.0000,0.0000,False,False,False
20173,1.0000,0.0000,False,False,False
20174,1.0000,0.0000,False,False,False
20175,0.0000,1.0000,False,False,False
20176,1.0000,0.0000,False,False,False
20177,1.0000,0.0000,False,False,False
20178,1.0000,0.0000,False,False,False
20179,1.0000,0.0000,False,False,False
20180,0.0000,1.0000,False,False,False
20181,0.0000,1.0000,False,False,False
20182,1.0000,0.0000,False,False,False
20183,1.0000,0.0000,False,False,False
20184,1.0000,0.0000,False,False,False
20185,0.0000,1.0000,False,False,False
20186,0.0000,1.0000,False,False,False
20187,1.0000,0.0000,False,False,False
20188,0.0000,1.0000,False,False,False
20189,1.0000,0.0000,False,False,False
20190,1.0000,0.0000,False,False,False
20191,1.0000,0.0000,False,False,False
20192,1.0000,0.0000,False,False,False
20193,1.0000,0.0000,False,False,False
20194,1.0000,0.0000,False,False,False
20195,1.0000,0.0000,False,False,False
20196,1.0000,0.0000,False,False,False
20197,0.0000,1.0000,False,False,False
20198,1.0000,0.0000,False,False,False
20199,1.0000,0.0000,False,False,False
20200,0.0000,1.0000,False,False,False
20201,1.0000,0.0000,False,False,False
20202,1.0000,0.0000,False,False,False
20203,0.0000,1.0000,False,False,False
20204,1.0000,0.0000,False,False,False
20205,1.0000,0.0000,False,False,False
20206,0.0000,1.0000,False,False,False
20207,1.0000,0.0000,False,False,False
20208,1.0000,0.0000,False,False,False
20209,1.0000,0.0000,False,False,False
20210,1.0000,0.0000,False,False,False
20211,1.0000,0.0000,False,False,False
20212,1.0000,0.0000,False,False,False
20213,1.0000,0.0000,False,False,False
20214,1.0000,0.0000,False,False,False
20215,1.0000,0.0000,False,False,False
20216,0.0000,1.0000,False,False,False
20217,1.0000,0.0000,False,False,False
20218,1.0000,0.0000,False,False,False
20219,1.0000,0.0000,False,False,False
20220,0.0000,1.0000,False,False,False
20221,1.0000,0.0000,False,False,False
20222,1.0000,0.0000,False,False,False
20223,1.0000,0.0000,False,False,False
20224,1.0000,0.0000,False,False,False
20225,1.0000,0.0000,False,False,False
20226,1.0000,0.0000,False,False,False
20227,1.0000,0.0000,False,False,False
20228,1.0000,0.0000,False,False,False
20229,1.0000,0.0000,False,False,False
20230,1.0000,0.0000,False,False,False
20231,1.0000,0.0000,False,False,False
20232,1.0000,0.0000,False,False,False
20233,1.0000,0.0000,False,False,False
20234,1.0000,0.0000,False,False,False
20235,0.0000,1.0000,False,False,False
20236,1.0000,0.0000,False,False,False
20237,1.0000,0.0000,False,False,False
20238,0.0000,1.0000,False,False,False
20239,1.0000,0.0000,False,False,False
20240,1.0000,0.0000,False,False,False
20241,1.0000,0.0000,False,False,False
20242,1.0000,0.0000,False,False,False
20243,1.0000,0.0000,False,False,False
20244,0.0000,1.0000,False,False,False
20245,1.0000,0.0000,False,False,False
20246,1.0000,0.0000,False,False,False
20247,0.0000,1.0000,False,False,False
20248,1.0000,0.0000,False,False,False
20249,1.0000,0.0000,False,False,False
20250,1.0000,0.0000,False,False,False
20251,1.0000,0.0000,False,False,False
20252,1.0000,0.0000,False,False,False
20253,0.0000,1.0000,False,False,False
20254,1.0000,0.0000,False,False,False
20255,1.0000,0.0000,False,False,False
20256,1.0000,0.0000,False,False,False
20257,1.0000,0.0000,False,False,False
20258,1.0000,0.0000,False,False,False
20259,1.0000,0.0000,False,False,False
20260,1.0000,0.0000,False,False,False
20261,1.0000,0.0000,False,False,False
20262,1.0000,0.0000,False,False,False
20263,1.0000,0.0000,False,False,False
20264,1.0000,0.0000,False,False,False
20265,1.0000,0.0000,False,False,False
20266,0.0000,1.0000,False,False,False
20267,1.0000,0.0000,False,False,False
20268,0.0000,1.0000,False,False,False
20269,1.0000,0.0000,False,False,False
20270,1.0000,0.0000,False,False,False
20271,1.0000,0.0000,False,False,False
20272,1.0000,0.0000,False,False,False
20273,1.0000,0.0000,False,False,False
20274,1.0000,0.0000,False,False,False
20275,1.0000,0.0000,False,False,False
20276,1.0000,0.0000,False,False,False
20277,1.0000,0.0000,False,False,False
20278,1.0000,0.0000,False,False,False
20279,0.0000,1.0000,False,False,False
20280,0.0000,1.0000,False,False,False
20281,1.0000,0.0000,False,False,False
20282,1.0000,0.0000,False,False,False
20283,1.0000,0.0000,False,False,False
20284,1.0000,0.0000,False,False,False
20285,1.0000,0.0000,False,False,False
20286,1.0000,0.0000,False,False,False
20287,1.0000,0.0000,False,False,False
20288,1.0000,0.0000,False,False,False
20289,1.0000,0.0000,False,False,False
20290,1.0000,0.0000,False,False,False
20291,0.0000,1.0000,False,False,False
20292,1.0000,0.0000,False,False,False
20293,1.0000,0.0000,False,False,False
20294,1.0000,0.0000,False,False,False
20295,0.0000,1.0000,False,False,False
20296,1.0000,0.0000,False,False,False
20297,1.0000,0.0000,False,False,False
20298,0.0000,1.0000,False,False,False
20299,1.0000,0.0000,False,False,False
20300,0.0000,1.0000,False,False,False
20301,0.0000,1.0000,False,False,False
20302,1.0000,0.0000,False,False,False
20303,1.0000,0.0000,False,False,False
20304,0.0000,1.0000,False,False,False
20305,1.0000,0.0000,False,False,False
20306,1.0000,0.0000,False,False,False
20307,0.0000,1.0000,False,False,False
20308,1.0000,0.0000,False,False,False
20309,1.0000,0.0000,False,False,False
20310,1.0000,0.0000,False,False,False
20311,1.0000,0.0000,False,False,False
20312,1.0000,0.0000,False,False,False
20313,0.0000,1.0000,False,False,False
20314,0.0000,1.0000,False,False,False
20315,1.0000,0.0000,False,False,False
20316,0.0000,1.0000,False,False,False
20317,0.0000,1.0000,False,False,False
20318,1.0000,0.0000,False,False,False
20319,0.0000,1.0000,False,False,False
20320,1.0000,0.0000,False,False,False
20321,1.0000,0.0000,False,False,False
20322,1.0000,0.0000,False,False,False
20323,1.0000,0.0000,False,False,False
20324,0.0000,1.0000,False,False,False
20325,1.0000,0.0000,False,False,False
20326,1.0000,0.0000,False,False,False
20327,1.0000,0.0000,False,False,False
20328,1.0000,0.0000,False,False,False
20329,0.0000,1.0000,False,False,False
20330,0.0000,1.0000,False,False,False
20331,1.0000,0.0000,False,False,False
20332,0.0000,1.0000,False,False,False
20333,0.0000,1.0000,False,False,False
20334,1.0000,0.0000,False,False,False
20335,0.0000,1.0000,False,False,False
20336,0.0000,1.0000,False,False,False
20337,0.0000,1.0000,False,False,False
20338,1.0000,0.0000,False,False,False
20339,1.0000,0.0000,False,False,False
20340,0.0000,1.0000,False,False,False
20341,1.0000,0.0000,False,False,False
20342,1.0000,0.0000,False,False,False
20343,1.0000,0.0000,False,False,False
20344,0.0000,1.0000,False,False,False
20345,1.0000,0.0000,False,False,False
20346,1.0000,0.0000,False,False,False
20347,1.0000,0.0000,False,False,False
20348,1.0000,0.0000,False,False,False
20349,1.0000,0.0000,False,False,False
20350,0.0000,1.0000,False,False,False
20351,1.0000,0.0000,False,False,False
20352,1.0000,0.0000,False,False,False
20353,0.0000,1.0000,False,False,False
20354,0.0000,1.0000,False,False,False
20355,0.0000,1.0000,False,False,False
20356,1.0000,0.0000,False,False,False
20357,1.0000,0.0000,False,False,False
20358,1.0000,0.0000,False,False,False
20359,1.0000,0.0000,False,False,False
20360,1.0000,0.0000,False,False,False
20361,0.0000,1.0000,False,False,False
20362,0.0000,1.0000,False,False,False
20363,0.0000,1.0000,False,False,False
20364,1.0000,0.0000,False,False,False
20365,0.0000,1.0000,False,False,False
20366,0.0000,1.0000,False,False,False
20367,1.0000,0.0000,False,False,False
20368,0.0000,1.0000,False,False,False
20369,1.0000,0.0000,False,False,False
20370,1.0000,0.0000,False,False,False
20371,1.0000,0.0000,False,False,False
20372,1.0000,0.0000,False,False,False
20373,0.0000,1.0000,False,False,False
20374,1.0000,0.0000,False,False,False
20375,1.0000,0.0000,False,False,False
20376,1.0000,0.0000,False,False,False
20377,1.0000,0.0000,False,False,False
20378,0.0000,1.0000,False,False,False
20379,1.0000,0.0000,False,False,False
20380,1.0000,0.0000,False,False,False
20381,0.0000,1.0000,False,False,False
20382,0.0000,1.0000,False,False,False
20383,1.0000,0.0000,False,False,False
20384,0.0000,1.0000,False,False,False
20385,0.0000,1.0000,False,False,False
20386,1.0000,0.0000,False,False,False
20387,0.0000,1.0000,False,False,False
20388,1.0000,0.0000,False,False,False
20389,1.0000,0.0000,False,False,False
20390,0.0000,1.0000,False,False,False
20391,1.0000,0.0000,False,False,False
20392,1.0000,0.0000,False,False,False
20393,0.0000,1.0000,False,False,False
20394,0.0000,1.0000,False,False,False
20395,1.0000,0.0000,False,False,False
20396,0.0000,1.0000,False,False,False
20397,0.0000,1.0000,False,False,False
20398,1.0000,0.0000,False,False,False
20399,0.0000,1.0000,False,False,False
20400,0.0000,1.0000,False,False,False
20401,1.0000,0.0000,False,False,False
20402,1.0000,0.0000,False,False,False
20403,1.0000,0.0000,False,False,False
20404,0.0000,1.0000,False,False,False
20405,1.0000,0.0000,False,False,False
20406,0.0000,1.0000,False,False,False
20407,1.0000,0.0000,False,False,False
20408,1.0000,0.0000,False,False,False
20409,0.0000,1.0000,False,False,False
20410,1.0000,0.0000,False,False,False
20411,1.0000,0.0000,False,False,False
20412,1.0000,0.0000,False,False,False
20413,1.0000,0.0000,False,False,False
20414,1.0000,0.0000,False,False,False
20415,1.0000,0.0000,False,False,False
20416,1.0000,0.0000,False,False,False
20417,1.0000,0.0000,False,False,False
20418,1.0000,0.0000,False,False,False
20419,1.0000,0.0000,False,False,False
20420,1.0000,0.0000,False,False,False
20421,0.0000,1.0000,False,False,False
20422,1.0000,0.0000,False,False,False
20423,0.0000,1.0000,False,False,False
20424,1.0000,0.0000,False,False,False
20425,1.0000,0.0000,False,False,False
20426,1.0000,0.0000,False,False,False
20427,1.0000,0.0000,False,False,False
20428,1.0000,0.0000,False,False,False
20429,1.0000,0.0000,False,False,False
20430,1.0000,0.0000,False,False,False
20431,1.0000,0.0000,False,False,False
20432,0.0000,1.0000,False,False,False
20433,1.0000,0.0000,False,False,False
20434,0.0000,1.0000,False,False,False
20435,1.0000,0.0000,False,False,False
20436,1.0000,0.0000,False,False,False
20437,0.0000,1.0000,False,False,False
20438,1.0000,0.0000,False,False,False
20439,1.0000,0.0000,False,False,False
20440,1.0000,0.0000,False,False,False
20441,1.0000,0.0000,False,False,False
20442,1.0000,0.0000,False,False,False
20443,1.0000,0.0000,False,False,False
20444,1.0000,0.0000,False,False,False
20445,1.0000,0.0000,False,False,False
20446,1.0000,0.0000,False,False,False
20447,1.0000,0.0000,False,False,False
20448,1.0000,0.0000,False,False,False
20449,0.0000,1.0000,False,False,False
20450,1.0000,0.0000,False,False,False
20451,1.0000,0.0000,False,False,False
20452,1.0000,0.0000,False,False,False
20453,1.0000,0.0000,False,False,False
20454,1.0000,0.0000,False,False,False
20455,1.0000,0.0000,False,False,False
20456,1.0000,0.0000,False,False,False
20457,1.0000,0.0000,False,False,False
20458,1.0000,0.0000,False,False,False
20459,1.0000,0.0000,False,False,False
20460,1.0000,0.0000,False,False,False
20461,1.0000,0.0000,False,False,False
20462,1.0000,0.0000,False,False,False
20463,1.0000,0.0000,False,False,False
20464,1.0000,0.0000,False,False,False
20465,0.0000,1.0000,False,False,False
20466,0.0000,1.0000,False,False,False
20467,1.0000,0.0000,False,False,False
20468,0.0000,1.0000,False,False,False
20469,0.0000,1.0000,False,False,False
20470,0.0000,1.0000,False,False,False
20471,1.0000,0.0000,False,False,False
20472,1.0000,0.0000,False,False,False
20473,0.0000,1.0000,False,False,False
20474,0.0000,1.0000,False,False,False
20475,1.0000,0.0000,False,False,False
20476,1.0000,0.0000,False,False,False
20477,1.0000,0.0000,False,False,False
20478,1.0000,0.0000,False,False,False
20479,1.0000,0.0000,False,False,False
20480,0.0000,1.0000,False,False,False
20481,1.0000,0.0000,False,False,False
20482,1.0000,0.0000,False,False,False
20483,1.0000,0.0000,False,False,False
20484,1.0000,0.0000,False,False,False
20485,0.0000,1.0000,False,False,False
20486,1.0000,0.0000,False,False,False
20487,0.0000,1.0000,False,False,False
20488,1.0000,0.0000,False,False,False
20489,1.0000,0.0000,False,False,False
20490,1.0000,0.0000,False,False,False
20491,0.0000,1.0000,False,False,False
20492,1.0000,0.0000,False,False,False
20493,0.0000,1.0000,False,False,False
20494,0.0000,1.0000,False,False,False
20495,1.0000,0.0000,False,False,False
20496,1.0000,0.0000,False,False,False
20497,1.0000,0.0000,False,False,False
20498,1.0000,0.0000,False,False,False
20499,1.0000,0.0000,False,False,False
20500,1.0000,0.0000,False,False,False
20501,1.0000,0.0000,False,False,False
20502,1.0000,0.0000,False,False,False
20503,1.0000,0.0000,False,False,False
20504,0.0000,1.0000,False,False,False
20505,1.0000,0.0000,False,False,False
20506,0.0000,1.0000,False,False,False
20507,1.0000,0.0000,False,False,False
20508,1.0000,0.0000,False,False,False
20509,1.0000,0.0000,False,False,False
20510,1.0000,0.0000,False,False,False
20511,1.0000,0.0000,False,False,False
20512,1.0000,0.0000,False,False,False
20513,0.0000,1.0000,False,False,False
20514,0.0000,1.0000,False,False,False
20515,1.0000,0.0000,False,False,False
20516,1.0000,0.0000,False,False,False
20517,1.0000,0.0000,False,False,False
20518,1.0000,0.0000,False,False,False
20519,1.0000,0.0000,False,False,False
20520,1.0000,0.0000,False,False,False
20521,1.0000,0.0000,False,False,False
20522,1.0000,0.0000,False,False,False
20523,1.0000,0.0000,False,False,False
20524,1.0000,0.0000,False,False,False
20525,1.0000,0.0000,False,False,False
20526,1.0000,0.0000,False,False,False
20527,1.0000,0.0000,False,False,False
20528,0.0000,1.0000,False,False,False
20529,1.0000,0.0000,False,False,False
20530,1.0000,0.0000,False,False,False
20531,1.0000,0.0000,False,False,False
20532,1.0000,0.0000,False,False,False
20533,1.0000,0.0000,False,False,False
20534,1.0000,0.0000,False,False,False
20535,1.0000,0.0000,False,False,False
20536,0.0000,1.0000,False,False,False
20537,1.0000,0.0000,False,False,False
20538,1.0000,0.0000,False,False,False
20539,1.0000,0.0000,False,False,False
20540,1.0000,0.0000,False,False,False
20541,1.0000,0.0000,False,False,False
20542,1.0000,0.0000,False,False,False
20543,1.0000,0.0000,False,False,False
20544,1.0000,0.0000,False,False,False
20545,1.0000,0.0000,False,False,False
20546,1.0000,0.0000,False,False,False
20547,1.0000,0.0000,False,False,False
20548,1.0000,0.0000,False,False,False
20549,1.0000,0.0000,False,False,False
20550,1.0000,0.0000,False,False,False
20551,0.0000,1.0000,False,False,False
20552,0.0000,1.0000,False,False,False
20553,0.0000,1.0000,False,False,False
20554,1.0000,0.0000,False,False,False
20555,1.0000,0.0000,False,False,False
20556,1.0000,0.0000,False,False,False
20557,1.0000,0.0000,False,False,False
20558,1.0000,0.0000,False,False,False
20559,1.0000,0.0000,False,False,False
20560,1.0000,0.0000,False,False,False
20561,1.0000,0.0000,False,False,False
20562,1.0000,0.0000,False,False,False
20563,1.0000,0.0000,False,False,False
20564,1.0000,0.0000,False,False,False
20565,1.0000,0.0000,False,False,False
20566,0.0000,1.0000,False,False,False
20567,0.0000,1.0000,False,False,False
20568,0.0000,1.0000,False,False,False
20569,1.0000,0.0000,False,False,False
20570,1.0000,0.0000,False,False,False
20571,0.0000,1.0000,False,False,False
20572,1.0000,0.0000,False,False,False
20573,1.0000,0.0000,False,False,False
20574,1.0000,0.0000,False,False,False
20575,0.0000,1.0000,False,False,False
20576,1.0000,0.0000,False,False,False
20577,1.0000,0.0000,False,False,False
20578,1.0000,0.0000,False,False,False
20579,1.0000,0.0000,False,False,False
20580,0.0000,1.0000,False,False,False
20581,1.0000,0.0000,False,False,False
20582,1.0000,0.0000,False,False,False
20583,1.0000,0.0000,False,False,False
20584,0.0000,1.0000,False,False,False
20585,0.0000,1.0000,False,False,False
20586,1.0000,0.0000,False,False,False
20587,1.0000,0.0000,False,False,False
20588,1.0000,0.0000,False,False,False
20589,1.0000,0.0000,False,False,False
20590,1.0000,0.0000,False,False,False
20591,1.0000,0.0000,False,False,False
20592,0.0000,1.0000,False,False,False
20593,1.0000,0.0000,False,False,False
20594,1.0000,0.0000,False,False,False
20595,1.0000,0.0000,False,False,False
20596,1.0000,0.0000,False,False,False
20597,1.0000,0.0000,False,False,False
20598,1.0000,0.0000,False,False,False
20599,1.0000,0.0000,False,False,False
20600,0.0000,1.0000,False,False,False
20601,0.0000,1.0000,False,False,False
20602,1.0000,0.0000,False,False,False
20603,1.0000,0.0000,False,False,False
20604,1.0000,0.0000,False,False,False
20605,1.0000,0.0000,False,False,False
20606,1.0000,0.0000,False,False,False
20607,1.0000,0.0000,False,False,False
20608,1.0000,0.0000,False,False,False
20609,1.0000,0.0000,False,False,False
20610,1.0000,0.0000,False,False,False
20611,1.0000,0.0000,False,False,False
20612,1.0000,0.0000,False,False,False
20613,1.0000,0.0000,False,False,False
20614,1.0000,0.0000,False,False,False
20615,1.0000,0.0000,False,False,False
20616,1.0000,0.0000,False,False,False
20617,1.0000,0.0000,False,False,False
20618,1.0000,0.0000,False,False,False
20619,1.0000,0.0000,False,False,False
20620,0.0000,1.0000,False,False,False
20621,1.0000,0.0000,False,False,False
20622,0.0000,1.0000,False,False,False
20623,1.0000,0.0000,False,False,False
20624,1.0000,0.0000,False,False,False
20625,0.0000,1.0000,False,False,False
20626,1.0000,0.0000,False,False,False
20627,1.0000,0.0000,False,False,False
20628,0.0000,1.0000,False,False,False
20629,1.0000,0.0000,False,False,False
20630,1.0000,0.0000,False,False,False
20631,1.0000,0.0000,False,False,False
20632,1.0000,0.0000,False,False,False
20633,1.0000,0.0000,False,False,False
20634,1.0000,0.0000,False,False,False
20635,1.0000,0.0000,False,False,False
20636,1.0000,0.0000,False,False,False
20637,0.0000,1.0000,False,False,False
20638,1.0000,0.0000,False,False,False
20639,1.0000,0.0000,False,False,False
20640,0.0000,1.0000,False,False,False
20641,1.0000,0.0000,False,False,False
20642,0.0000,1.0000,False,False,False
20643,1.0000,0.0000,False,False,False
20644,1.0000,0.0000,False,False,False
20645,0.0000,1.0000,False,False,False
20646,1.0000,0.0000,False,False,False
20647,0.0000,1.0000,False,False,False
20648,1.0000,0.0000,False,False,False
20649,0.0000,1.0000,False,False,False
20650,1.0000,0.0000,False,False,False
20651,1.0000,0.0000,False,False,False
20652,1.0000,0.0000,False,False,False
20653,1.0000,0.0000,False,False,False
20654,1.0000,0.0000,False,False,False
20655,1.0000,0.0000,False,False,False
20656,1.0000,0.0000,False,False,False
20657,1.0000,0.0000,False,False,False
20658,1.0000,0.0000,False,False,False
20659,0.0000,1.0000,False,False,False
20660,0.0000,1.0000,False,False,False
20661,1.0000,0.0000,False,False,False
20662,1.0000,0.0000,False,False,False
20663,1.0000,0.0000,False,False,False
20664,1.0000,0.0000,False,False,False
20665,0.0000,1.0000,False,False,False
20666,1.0000,0.0000,False,False,False
20667,0.0000,1.0000,False,False,False
20668,1.0000,0.0000,False,False,False
20669,1.0000,0.0000,False,False,False
20670,1.0000,0.0000,False,False,False
20671,1.0000,0.0000,False,False,False
20672,1.0000,0.0000,False,False,False
20673,1.0000,0.0000,False,False,False
20674,1.0000,0.0000,False,False,False
20675,0.0000,1.0000,False,False,False
20676,1.0000,0.0000,False,False,False
20677,1.0000,0.0000,False,False,False
20678,1.0000,0.0000,False,False,False
20679,0.0000,1.0000,False,False,False
20680,0.0000,1.0000,False,False,False
20681,1.0000,0.0000,False,False,False
20682,0.0000,1.0000,False,False,False
20683,1.0000,0.0000,False,False,False
20684,1.0000,0.0000,False,False,False
20685,0.0000,1.0000,False,False,False
20686,1.0000,0.0000,False,False,False
20687,1.0000,0.0000,False,False,False
20688,1.0000,0.0000,False,False,False
20689,0.0000,1.0000,False,False,False
20690,1.0000,0.0000,False,False,False
20691,1.0000,0.0000,False,False,False
20692,0.0000,1.0000,False,False,False
20693,1.0000,0.0000,False,False,False
20694,1.0000,0.0000,False,False,False
20695,0.0000,1.0000,False,False,False
20696,1.0000,0.0000,False,False,False
20697,1.0000,0.0000,False,False,False
20698,0.0000,1.0000,False,False,False
20699,1.0000,0.0000,False,False,False
20700,1.0000,0.0000,False,False,False
20701,1.0000,0.0000,False,False,False
20702,1.0000,0.0000,False,False,False
20703,1.0000,0.0000,False,False,False
20704,1.0000,0.0000,False,False,False
20705,1.0000,0.0000,False,False,False
20706,0.0000,1.0000,False,False,False
20707,1.0000,0.0000,False,False,False
20708,1.0000,0.0000,False,False,False
20709,1.0000,0.0000,False,False,False
20710,1.0000,0.0000,False,False,False
20711,1.0000,0.0000,False,False,False
20712,1.0000,0.0000,False,False,False
20713,1.0000,0.0000,False,False,False
20714,0.0000,1.0000,False,False,False
20715,1.0000,0.0000,False,False,False
20716,1.0000,0.0000,False,False,False
20717,0.0000,1.0000,False,False,False
20718,1.0000,0.0000,False,False,False
20719,0.0000,1.0000,False,False,False
20720,1.0000,0.0000,False,False,False
20721,1.0000,0.0000,False,False,False
20722,0.0000,1.0000,False,False,False
20723,1.0000,0.0000,False,False,False
20724,1.0000,0.0000,False,False,False
20725,1.0000,0.0000,False,False,False
20726,1.0000,0.0000,False,False,False
20727,1.0000,0.0000,False,False,False
20728,0.0000,1.0000,False,False,False
20729,1.0000,0.0000,False,False,False
20730,1.0000,0.0000,False,False,False
20731,1.0000,0.0000,False,False,False
20732,1.0000,0.0000,False,False,False
20733,1.0000,0.0000,False,False,False
20734,1.0000,0.0000,False,False,False
20735,0.0000,1.0000,False,False,False
20736,1.0000,0.0000,False,False,False
20737,1.0000,0.0000,False,False,False
20738,1.0000,0.0000,False,False,False
20739,1.0000,0.0000,False,False,False
20740,1.0000,0.0000,False,False,False
20741,0.0000,1.0000,False,False,False
20742,1.0000,0.0000,False,False,False
20743,1.0000,0.0000,False,False,False
20744,0.0000,1.0000,False,False,False
20745,1.0000,0.0000,False,False,False
20746,1.0000,0.0000,False,False,False
20747,1.0000,0.0000,False,False,False
20748,1.0000,0.0000,False,False,False
20749,0.0000,1.0000,False,False,False
20750,1.0000,0.0000,False,False,False
20751,1.0000,0.0000,False,False,False
20752,1.0000,0.0000,False,False,False
20753,1.0000,0.0000,False,False,False
20754,1.0000,0.0000,False,False,False
20755,1.0000,0.0000,False,False,False
20756,0.0000,1.0000,False,False,False
20757,1.0000,0.0000,False,False,False
20758,1.0000,0.0000,False,False,False
20759,1.0000,0.0000,False,False,False
20760,1.0000,0.0000,False,False,False
20761,0.0000,1.0000,False,False,False
20762,1.0000,0.0000,False,False,False
20763,1.0000,0.0000,False,False,False
20764,1.0000,0.0000,False,False,False
20765,1.0000,0.0000,False,False,False
20766,1.0000,0.0000,False,False,False
20767,1.0000,0.0000,False,False,False
20768,1.0000,0.0000,False,False,False
20769,0.0000,1.0000,False,False,False
20770,1.0000,0.0000,False,False,False
20771,1.0000,0.0000,False,False,False
20772,1.0000,0.0000,False,False,False
20773,1.0000,0.0000,False,False,False
20774,1.0000,0.0000,False,False,False
20775,1.0000,0.0000,False,False,False
20776,1.0000,0.0000,False,False,False
20777,1.0000,0.0000,False,False,False
20778,1.0000,0.0000,False,False,False
20779,1.0000,0.0000,False,False,False
20780,1.0000,0.0000,False,False,False
20781,0.0000,1.0000,False,False,False
20782,1.0000,0.0000,False,False,False
20783,0.0000,1.0000,False,False,False
20784,0.0000,1.0000,False,False,False
20785,0.0000,1.0000,False,False,False
20786,1.0000,0.0000,False,False,False
20787,1.0000,0.0000,False,False,False
20788,0.0000,1.0000,False,False,False
20789,1.0000,0.0000,False,False,False
20790,1.0000,0.0000,False,False,False
20791,1.0000,0.0000,False,False,False
20792,0.0000,1.0000,False,False,False
20793,1.0000,0.0000,False,False,False
20794,1.0000,0.0000,False,False,False
20795,1.0000,0.0000,False,False,False
20796,1.0000,0.0000,False,False,False
20797,1.0000,0.0000,False,False,False
20798,0.0000,1.0000,False,False,False
20799,0.0000,1.0000,False,False,False
20800,1.0000,0.0000,False,False,False
20801,0.0000,1.0000,False,False,False
20802,1.0000,0.0000,False,False,False
20803,1.0000,0.0000,False,False,False
20804,1.0000,0.0000,False,False,False
20805,1.0000,0.0000,False,False,False
20806,1.0000,0.0000,False,False,False
20807,1.0000,0.0000,False,False,False
20808,1.0000,0.0000,False,False,False
20809,1.0000,0.0000,False,False,False
20810,1.0000,0.0000,False,False,False
20811,1.0000,0.0000,False,False,False
20812,1.0000,0.0000,False,False,False
20813,1.0000,0.0000,False,False,False
20814,1.0000,0.0000,False,False,False
20815,1.0000,0.0000,False,False,False
20816,1.0000,0.0000,False,False,False
20817,1.0000,0.0000,False,False,False
20818,1.0000,0.0000,False,False,False
20819,1.0000,0.0000,False,False,False
20820,0.0000,1.0000,False,False,False
20821,1.0000,0.0000,False,False,False
20822,1.0000,0.0000,False,False,False
20823,0.0000,1.0000,False,False,False
20824,1.0000,0.0000,False,False,False
20825,1.0000,0.0000,False,False,False
20826,1.0000,0.0000,False,False,False
20827,1.0000,0.0000,False,False,False
20828,1.0000,0.0000,False,False,False
20829,1.0000,0.0000,False,False,False
20830,1.0000,0.0000,False,False,False
20831,1.0000,0.0000,False,False,False
20832,1.0000,0.0000,False,False,False
20833,1.0000,0.0000,False,False,False
20834,1.0000,0.0000,False,False,False
20835,1.0000,0.0000,False,False,False
20836,1.0000,0.0000,False,False,False
20837,1.0000,0.0000,False,False,False
20838,1.0000,0.0000,False,False,False
20839,1.0000,0.0000,False,False,False
20840,1.0000,0.0000,False,False,False
20841,1.0000,0.0000,False,False,False
20842,0.0000,1.0000,False,False,False
20843,0.0000,1.0000,False,False,False
20844,1.0000,0.0000,False,False,False
20845,1.0000,0.0000,False,False,False
20846,1.0000,0.0000,False,False,False
20847,1.0000,0.0000,False,False,False
20848,1.0000,0.0000,False,False,False
20849,1.0000,0.0000,False,False,False
20850,1.0000,0.0000,False,False,False
20851,1.0000,0.0000,False,False,False
20852,1.0000,0.0000,False,False,False
20853,0.0000,1.0000,False,False,False
20854,1.0000,0.0000,False,False,False
20855,1.0000,0.0000,False,False,False
20856,0.0000,1.0000,False,False,False
20857,1.0000,0.0000,False,False,False
20858,0.0000,1.0000,False,False,False
20859,1.0000,0.0000,False,False,False
20860,0.0000,1.0000,False,False,False
20861,1.0000,0.0000,False,False,False
20862,1.0000,0.0000,False,False,False
20863,1.0000,0.0000,False,False,False
20864,0.0000,1.0000,False,False,False
20865,1.0000,0.0000,False,False,False
20866,1.0000,0.0000,False,False,False
20867,1.0000,0.0000,False,False,False
20868,0.0000,1.0000,False,False,False
20869,1.0000,0.0000,False,False,False
20870,0.0000,1.0000,False,False,False
20871,1.0000,0.0000,False,False,False
20872,1.0000,0.0000,False,False,False
20873,1.0000,0.0000,False,False,False
20874,1.0000,0.0000,False,False,False
20875,0.0000,1.0000,False,False,False
20876,1.0000,0.0000,False,False,False
20877,1.0000,0.0000,False,False,False
20878,1.0000,0.0000,False,False,False
20879,1.0000,0.0000,False,False,False
20880,1.0000,0.0000,False,False,False
20881,0.0000,1.0000,False,False,False
20882,1.0000,0.0000,False,False,False
20883,1.0000,0.0000,False,False,False
20884,1.0000,0.0000,False,False,False
20885,1.0000,0.0000,False,False,False
20886,1.0000,0.0000,False,False,False
20887,1.0000,0.0000,False,False,False
20888,1.0000,0.0000,False,False,False
20889,1.0000,0.0000,False,False,False
20890,1.0000,0.0000,False,False,False
20891,0.0000,1.0000,False,False,False
20892,0.0000,1.0000,False,False,False
20893,1.0000,0.0000,False,False,False
20894,1.0000,0.0000,False,False,False
20895,1.0000,0.0000,False,False,False
20896,1.0000,0.0000,False,False,False
20897,0.0000,1.0000,False,False,False
20898,1.0000,0.0000,False,False,False
20899,1.0000,0.0000,False,False,False
20900,1.0000,0.0000,False,False,False
20901,1.0000,0.0000,False,False,False
20902,1.0000,0.0000,False,False,False
20903,1.0000,0.0000,False,False,False
20904,1.0000,0.0000,False,False,False
20905,0.0000,1.0000,False,False,False
20906,1.0000,0.0000,False,False,False
20907,1.0000,0.0000,False,False,False
20908,1.0000,0.0000,False,False,False
20909,1.0000,0.0000,False,False,False
20910,1.0000,0.0000,False,False,False
20911,1.0000,0.0000,False,False,False
20912,1.0000,0.0000,False,False,False
20913,1.0000,0.0000,False,False,False
20914,1.0000,0.0000,False,False,False
20915,1.0000,0.0000,False,False,False
20916,1.0000,0.0000,False,False,False
20917,1.0000,0.0000,False,False,False
20918,0.0000,1.0000,False,False,False
20919,1.0000,0.0000,False,False,False
20920,1.0000,0.0000,False,False,False
20921,1.0000,0.0000,False,False,False
20922,1.0000,0.0000,False,False,False
20923,0.0000,1.0000,False,False,False
20924,1.0000,0.0000,False,False,False
20925,1.0000,0.0000,False,False,False
20926,1.0000,0.0000,False,False,False
20927,1.0000,0.0000,False,False,False
20928,1.0000,0.0000,False,False,False
20929,1.0000,0.0000,False,False,False
20930,1.0000,0.0000,False,False,False
20931,1.0000,0.0000,False,False,False
20932,1.0000,0.0000,False,False,False
20933,0.0000,1.0000,False,False,False
20934,1.0000,0.0000,False,False,False
20935,1.0000,0.0000,False,False,False
20936,1.0000,0.0000,False,False,False
20937,1.0000,0.0000,False,False,False
20938,1.0000,0.0000,False,False,False
20939,1.0000,0.0000,False,False,False
20940,1.0000,0.0000,False,False,False
20941,1.0000,0.0000,False,False,False
20942,1.0000,0.0000,False,False,False
20943,1.0000,0.0000,False,False,False
20944,1.0000,0.0000,False,False,False
20945,1.0000,0.0000,False,False,False
20946,1.0000,0.0000,False,False,False
20947,1.0000,0.0000,False,False,False
20948,1.0000,0.0000,False,False,False
20949,0.0000,1.0000,False,False,False
20950,1.0000,0.0000,False,False,False
20951,1.0000,0.0000,False,False,False
20952,0.0000,1.0000,False,False,False
20953,1.0000,0.0000,False,False,False
20954,1.0000,0.0000,False,False,False
20955,1.0000,0.0000,False,False,False
20956,1.0000,0.0000,False,False,False
20957,1.0000,0.0000,False,False,False
20958,1.0000,0.0000,False,False,False
20959,1.0000,0.0000,False,False,False
20960,0.0000,1.0000,False,False,False
20961,1.0000,0.0000,False,False,False
20962,1.0000,0.0000,False,False,False
20963,1.0000,0.0000,False,False,False
20964,1.0000,0.0000,False,False,False
20965,1.0000,0.0000,False,False,False
20966,1.0000,0.0000,False,False,False
20967,1.0000,0.0000,False,False,False
20968,1.0000,0.0000,False,False,False
20969,1.0000,0.0000,False,False,False
20970,1.0000,0.0000,False,False,False
20971,1.0000,0.0000,False,False,False
20972,1.0000,0.0000,False,False,False
20973,0.0000,1.0000,False,False,False
20974,1.0000,0.0000,False,False,False
20975,1.0000,0.0000,False,False,False
20976,1.0000,0.0000,False,False,False
20977,1.0000,0.0000,False,False,False
20978,1.0000,0.0000,False,False,False
20979,1.0000,0.0000,False,False,False
20980,0.0000,1.0000,False,False,False
20981,1.0000,0.0000,False,False,False
20982,1.0000,0.0000,False,False,False
20983,0.0000,1.0000,False,False,False
20984,0.0000,1.0000,False,False,False
20985,1.0000,0.0000,False,False,False
20986,0.0000,1.0000,False,False,False
20987,1.0000,0.0000,False,False,False
20988,1.0000,0.0000,False,False,False
20989,1.0000,0.0000,False,False,False
20990,1.0000,0.0000,False,False,False
20991,0.0000,1.0000,False,False,False
20992,1.0000,0.0000,False,False,False
20993,0.0000,1.0000,False,False,False
20994,1.0000,0.0000,False,False,False
20995,1.0000,0.0000,False,False,False
20996,1.0000,0.0000,False,False,False
20997,1.0000,0.0000,False,False,False
20998,1.0000,0.0000,False,False,False
20999,1.0000,0.0000,False,False,False
21000,1.0000,0.0000,False,False,False
21001,1.0000,0.0000,False,False,False
21002,1.0000,0.0000,False,False,False
21003,1.0000,0.0000,False,False,False
21004,1.0000,0.0000,False,False,False
21005,1.0000,0.0000,False,False,False
21006,1.0000,0.0000,False,False,False
21007,1.0000,0.0000,False,False,False
21008,1.0000,0.0000,False,False,False
21009,1.0000,0.0000,False,False,False
21010,1.0000,0.0000,False,False,False
21011,1.0000,0.0000,False,False,False
21012,1.0000,0.0000,False,False,False
21013,1.0000,0.0000,False,False,False
21014,1.0000,0.0000,False,False,False
21015,1.0000,0.0000,False,False,False
21016,1.0000,0.0000,False,False,False
21017,1.0000,0.0000,False,False,False
21018,1.0000,0.0000,False,False,False
21019,1.0000,0.0000,False,False,False
21020,0.0000,1.0000,False,False,False
21021,1.0000,0.0000,False,False,False
21022,1.0000,0.0000,False,False,False
21023,1.0000,0.0000,False,False,False
21024,0.0000,1.0000,False,False,False
21025,1.0000,0.0000,False,False,False
21026,1.0000,0.0000,False,False,False
21027,1.0000,0.0000,False,False,False
21028,1.0000,0.0000,False,False,False
21029,1.0000,0.0000,False,False,False
21030,1.0000,0.0000,False,False,False
21031,0.0000,1.0000,False,False,False
21032,1.0000,0.0000,False,False,False
21033,1.0000,0.0000,False,False,False
21034,1.0000,0.0000,False,False,False
21035,0.0000,1.0000,False,False,False
21036,1.0000,0.0000,False,False,False
21037,1.0000,0.0000,False,False,False
21038,0.0000,1.0000,False,False,False
21039,1.0000,0.0000,False,False,False
21040,1.0000,0.0000,False,False,False
21041,1.0000,0.0000,False,False,False
21042,1.0000,0.0000,False,False,False
21043,1.0000,0.0000,False,False,False
21044,1.0000,0.0000,False,False,False
21045,1.0000,0.0000,False,False,False
21046,1.0000,0.0000,False,False,False
21047,1.0000,0.0000,False,False,False
21048,1.0000,0.0000,False,False,False
21049,0.0000,1.0000,False,False,False
21050,1.0000,0.0000,False,False,False
21051,1.0000,0.0000,False,False,False
21052,1.0000,0.0000,False,False,False
21053,1.0000,0.0000,False,False,False
21054,1.0000,0.0000,False,False,False
21055,1.0000,0.0000,False,False,False
21056,1.0000,0.0000,False,False,False
21057,1.0000,0.0000,False,False,False
21058,0.0000,1.0000,False,False,False
21059,1.0000,0.0000,False,False,False
21060,1.0000,0.0000,False,False,False
21061,1.0000,0.0000,False,False,False
21062,1.0000,0.0000,False,False,False
21063,0.0000,1.0000,False,False,False
21064,1.0000,0.0000,False,False,False
21065,1.0000,0.0000,False,False,False
21066,1.0000,0.0000,False,False,False
21067,1.0000,0.0000,False,False,False
21068,0.0000,1.0000,False,False,False
21069,0.0000,1.0000,False,False,False
21070,1.0000,0.0000,False,False,False
21071,1.0000,0.0000,False,False,False
21072,1.0000,0.0000,False,False,False
21073,0.0000,1.0000,False,False,False
21074,1.0000,0.0000,False,False,False
21075,0.0000,1.0000,False,False,False
21076,1.0000,0.0000,False,False,False
21077,1.0000,0.0000,False,False,False
21078,1.0000,0.0000,False,False,False
21079,1.0000,0.0000,False,False,False
21080,1.0000,0.0000,False,False,False
21081,1.0000,0.0000,False,False,False
21082,1.0000,0.0000,False,False,False
21083,1.0000,0.0000,False,False,False
21084,1.0000,0.0000,False,False,False
21085,0.0000,1.0000,False,False,False
21086,0.0000,1.0000,False,False,False
21087,1.0000,0.0000,False,False,False
21088,1.0000,0.0000,False,False,False
21089,1.0000,0.0000,False,False,False
21090,1.0000,0.0000,False,False,False
21091,0.0000,1.0000,False,False,False
21092,0.0000,1.0000,False,False,False
21093,1.0000,0.0000,False,False,False
21094,1.0000,0.0000,False,False,False
21095,0.0000,1.0000,False,False,False
21096,1.0000,0.0000,False,False,False
21097,1.0000,0.0000,False,False,False
21098,1.0000,0.0000,False,False,False
21099,1.0000,0.0000,False,False,False
21100,0.0000,1.0000,False,False,False
21101,1.0000,0.0000,False,False,False
21102,0.0000,1.0000,False,False,False
21103,1.0000,0.0000,False,False,False
21104,1.0000,0.0000,False,False,False
21105,1.0000,0.0000,False,False,False
21106,1.0000,0.0000,False,False,False
21107,1.0000,0.0000,False,False,False
21108,1.0000,0.0000,False,False,False
21109,0.0000,1.0000,False,False,False
21110,1.0000,0.0000,False,False,False
21111,1.0000,0.0000,False,False,False
21112,1.0000,0.0000,False,False,False
21113,1.0000,0.0000,False,False,False
21114,1.0000,0.0000,False,False,False
21115,1.0000,0.0000,False,False,False
21116,1.0000,0.0000,False,False,False
21117,1.0000,0.0000,False,False,False
21118,0.0000,1.0000,False,False,False
21119,1.0000,0.0000,False,False,False
21120,1.0000,0.0000,False,False,False
21121,1.0000,0.0000,False,False,False
21122,1.0000,0.0000,False,False,False
21123,0.0000,1.0000,False,False,False
21124,0.0000,1.0000,False,False,False
21125,0.0000,1.0000,False,False,False
21126,1.0000,0.0000,False,False,False
21127,0.0000,1.0000,False,False,False
21128,1.0000,0.0000,False,False,False
21129,0.0000,1.0000,False,False,False
21130,1.0000,0.0000,False,False,False
21131,1.0000,0.0000,False,False,False
21132,1.0000,0.0000,False,False,False
21133,1.0000,0.0000,False,False,False
21134,0.0000,1.0000,False,False,False
21135,0.0000,1.0000,False,False,False
21136,1.0000,0.0000,False,False,False
21137,1.0000,0.0000,False,False,False
21138,1.0000,0.0000,False,False,False
21139,1.0000,0.0000,False,False,False
21140,1.0000,0.0000,False,False,False
21141,1.0000,0.0000,False,False,False
21142,1.0000,0.0000,False,False,False
21143,0.0000,1.0000,False,False,False
21144,0.0000,1.0000,False,False,False
21145,1.0000,0.0000,False,False,False
21146,0.0000,1.0000,False,False,False
21147,0.0000,1.0000,False,False,False
21148,1.0000,0.0000,False,False,False
21149,1.0000,0.0000,False,False,False
21150,0.0000,1.0000,False,False,False
21151,1.0000,0.0000,False,False,False
21152,1.0000,0.0000,False,False,False
21153,1.0000,0.0000,False,False,False
21154,1.0000,0.0000,False,False,False
21155,1.0000,0.0000,False,False,False
21156,1.0000,0.0000,False,False,False
21157,1.0000,0.0000,False,False,False
21158,1.0000,0.0000,False,False,False
21159,0.0000,1.0000,False,False,False
21160,1.0000,0.0000,False,False,False
21161,1.0000,0.0000,False,False,False
21162,1.0000,0.0000,False,False,False
21163,1.0000,0.0000,False,False,False
21164,1.0000,0.0000,False,False,False
21165,1.0000,0.0000,False,False,False
21166,0.0000,1.0000,False,False,False
21167,1.0000,0.0000,False,False,False
21168,1.0000,0.0000,False,False,False
21169,1.0000,0.0000,False,False,False
21170,1.0000,0.0000,False,False,False
21171,0.0000,1.0000,False,False,False
21172,0.0000,1.0000,False,False,False
21173,1.0000,0.0000,False,False,False
21174,1.0000,0.0000,False,False,False
21175,1.0000,0.0000,False,False,False
21176,1.0000,0.0000,False,False,False
21177,1.0000,0.0000,False,False,False
21178,0.0000,1.0000,False,False,False
21179,0.0000,1.0000,False,False,False
21180,1.0000,0.0000,False,False,False
21181,1.0000,0.0000,False,False,False
21182,1.0000,0.0000,False,False,False
21183,1.0000,0.0000,False,False,False
21184,1.0000,0.0000,False,False,False
21185,1.0000,0.0000,False,False,False
21186,0.0000,1.0000,False,False,False
21187,1.0000,0.0000,False,False,False
21188,1.0000,0.0000,False,False,False
21189,1.0000,0.0000,False,False,False
21190,1.0000,0.0000,False,False,False
21191,1.0000,0.0000,False,False,False
21192,1.0000,0.0000,False,False,False
21193,1.0000,0.0000,False,False,False
21194,0.0000,1.0000,False,False,False
21195,0.0000,1.0000,False,False,False
21196,1.0000,0.0000,False,False,False
21197,0.0000,1.0000,False,False,False
21198,0.0000,1.0000,False,False,False
21199,0.0000,1.0000,False,False,False
21200,1.0000,0.0000,False,False,False
21201,1.0000,0.0000,False,False,False
21202,1.0000,0.0000,False,False,False
21203,1.0000,0.0000,False,False,False
21204,1.0000,0.0000,False,False,False
21205,1.0000,0.0000,False,False,False
21206,1.0000,0.0000,False,False,False
21207,1.0000,0.0000,False,False,False
21208,1.0000,0.0000,False,False,False
21209,0.0000,1.0000,False,False,False
21210,1.0000,0.0000,False,False,False
21211,1.0000,0.0000,False,False,False
21212,1.0000,0.0000,False,False,False
21213,1.0000,0.0000,False,False,False
21214,1.0000,0.0000,False,False,False
21215,1.0000,0.0000,False,False,False
21216,1.0000,0.0000,False,False,False
21217,1.0000,0.0000,False,False,False
21218,0.0000,1.0000,False,False,False
21219,1.0000,0.0000,False,False,False
21220,1.0000,0.0000,False,False,False
21221,1.0000,0.0000,False,False,False
21222,1.0000,0.0000,False,False,False
21223,1.0000,0.0000,False,False,False
21224,0.0000,1.0000,False,False,False
21225,0.0000,1.0000,False,False,False
21226,0.0000,1.0000,False,False,False
21227,1.0000,0.0000,False,False,False
21228,1.0000,0.0000,False,False,False
21229,0.0000,1.0000,False,False,False
21230,1.0000,0.0000,False,False,False
21231,1.0000,0.0000,False,False,False
21232,1.0000,0.0000,False,False,False
21233,1.0000,0.0000,False,False,False
21234,1.0000,0.0000,False,False,False
21235,1.0000,0.0000,False,False,False
21236,1.0000,0.0000,False,False,False
21237,1.0000,0.0000,False,False,False
21238,1.0000,0.0000,False,False,False
21239,1.0000,0.0000,False,False,False
21240,0.0000,1.0000,False,False,False
21241,1.0000,0.0000,False,False,False
21242,1.0000,0.0000,False,False,False
21243,1.0000,0.0000,False,False,False
21244,1.0000,0.0000,False,False,False
21245,1.0000,0.0000,False,False,False
21246,1.0000,0.0000,False,False,False
21247,1.0000,0.0000,False,False,False
21248,1.0000,0.0000,False,False,False
21249,1.0000,0.0000,False,False,False
21250,1.0000,0.0000,False,False,False
21251,1.0000,0.0000,False,False,False
21252,1.0000,0.0000,False,False,False
21253,1.0000,0.0000,False,False,False
21254,1.0000,0.0000,False,False,False
21255,1.0000,0.0000,False,False,False
21256,1.0000,0.0000,False,False,False
21257,1.0000,0.0000,False,False,False
21258,1.0000,0.0000,False,False,False
21259,1.0000,0.0000,False,False,False
21260,0.0000,1.0000,False,False,False
21261,1.0000,0.0000,False,False,False
21262,1.0000,0.0000,False,False,False
21263,0.0000,1.0000,False,False,False
21264,1.0000,0.0000,False,False,False
21265,0.0000,1.0000,False,False,False
21266,1.0000,0.0000,False,False,False
21267,1.0000,0.0000,False,False,False
21268,1.0000,0.0000,False,False,False
21269,1.0000,0.0000,False,False,False
21270,1.0000,0.0000,False,False,False
21271,1.0000,0.0000,False,False,False
21272,1.0000,0.0000,False,False,False
21273,1.0000,0.0000,False,False,False
21274,1.0000,0.0000,False,False,False
21275,1.0000,0.0000,False,False,False
21276,1.0000,0.0000,False,False,False
21277,1.0000,0.0000,False,False,False
21278,1.0000,0.0000,False,False,False
21279,1.0000,0.0000,False,False,False
21280,1.0000,0.0000,False,False,False
21281,1.0000,0.0000,False,False,False
21282,1.0000,0.0000,False,False,False
21283,1.0000,0.0000,False,False,False
21284,1.0000,0.0000,False,False,False
21285,1.0000,0.0000,False,False,False
21286,1.0000,0.0000,False,False,False
21287,0.0000,1.0000,False,False,False
21288,0.0000,1.0000,False,False,False
21289,1.0000,0.0000,False,False,False
21290,1.0000,0.0000,False,False,False
21291,1.0000,0.0000,False,False,False
21292,1.0000,0.0000,False,False,False
21293,1.0000,0.0000,False,False,False
21294,1.0000,0.0000,False,False,False
21295,0.0000,1.0000,False,False,False
21296,0.0000,1.0000,False,False,False
21297,1.0000,0.0000,False,False,False
21298,1.0000,0.0000,False,False,False
21299,1.0000,0.0000,False,False,False
21300,1.0000,0.0000,False,False,False
21301,1.0000,0.0000,False,False,False
21302,1.0000,0.0000,False,False,False
21303,1.0000,0.0000,False,False,False
21304,1.0000,0.0000,False,False,False
21305,1.0000,0.0000,False,False,False
21306,1.0000,0.0000,False,False,False
21307,1.0000,0.0000,False,False,False
21308,1.0000,0.0000,False,False,False
21309,1.0000,0.0000,False,False,False
21310,0.0000,1.0000,False,False,False
21311,1.0000,0.0000,False,False,False
21312,1.0000,0.0000,False,False,False
21313,0.0000,1.0000,False,False,False
21314,1.0000,0.0000,False,False,False
21315,1.0000,0.0000,False,False,False
21316,1.0000,0.0000,False,False,False
21317,1.0000,0.0000,False,False,False
21318,0.0000,1.0000,False,False,False
21319,1.0000,0.0000,False,False,False
21320,1.0000,0.0000,False,False,False
21321,1.0000,0.0000,False,False,False
21322,1.0000,0.0000,False,False,False
21323,0.0000,1.0000,False,False,False
21324,1.0000,0.0000,False,False,False
21325,0.0000,1.0000,False,False,False
21326,0.0000,1.0000,False,False,False
21327,1.0000,0.0000,False,False,False
21328,1.0000,0.0000,False,False,False
21329,1.0000,0.0000,False,False,False
21330,0.0000,1.0000,False,False,False
21331,1.0000,0.0000,False,False,False
21332,0.0000,1.0000,False,False,False
21333,0.0000,1.0000,False,False,False
21334,1.0000,0.0000,False,False,False
21335,1.0000,0.0000,False,False,False
21336,1.0000,0.0000,False,False,False
21337,0.0000,1.0000,False,False,False
21338,0.0000,1.0000,False,False,False
21339,0.0000,1.0000,False,False,False
21340,1.0000,0.0000,False,False,False
21341,0.0000,1.0000,False,False,False
21342,1.0000,0.0000,False,False,False
21343,0.0000,1.0000,False,False,False
21344,1.0000,0.0000,False,False,False
21345,1.0000,0.0000,False,False,False
21346,0.0000,1.0000,False,False,False
21347,0.0000,1.0000,False,False,False
21348,1.0000,0.0000,False,False,False
21349,0.0000,1.0000,False,False,False
21350,1.0000,0.0000,False,False,False
21351,1.0000,0.0000,False,False,False
21352,1.0000,0.0000,False,False,False
21353,0.0000,1.0000,False,False,False
21354,1.0000,0.0000,False,False,False
21355,1.0000,0.0000,False,False,False
21356,1.0000,0.0000,False,False,False
21357,1.0000,0.0000,False,False,False
21358,1.0000,0.0000,False,False,False
21359,1.0000,0.0000,False,False,False
21360,1.0000,0.0000,False,False,False
21361,0.0000,1.0000,False,False,False
21362,0.0000,1.0000,False,False,False
21363,0.0000,1.0000,False,False,False
21364,1.0000,0.0000,False,False,False
21365,0.0000,1.0000,False,False,False
21366,1.0000,0.0000,False,False,False
21367,0.0000,1.0000,False,False,False
21368,0.0000,1.0000,False,False,False
21369,1.0000,0.0000,False,False,False
21370,1.0000,0.0000,False,False,False
21371,1.0000,0.0000,False,False,False
21372,0.0000,1.0000,False,False,False
21373,0.0000,1.0000,False,False,False
21374,1.0000,0.0000,False,False,False
21375,0.0000,1.0000,False,False,False
21376,0.0000,1.0000,False,False,False
21377,1.0000,0.0000,False,False,False
21378,1.0000,0.0000,False,False,False
21379,1.0000,0.0000,False,False,False
21380,1.0000,0.0000,False,False,False
21381,0.0000,1.0000,False,False,False
21382,1.0000,0.0000,False,False,False
21383,0.0000,1.0000,False,False,False
21384,1.0000,0.0000,False,False,False
21385,1.0000,0.0000,False,False,False
21386,1.0000,0.0000,False,False,False
21387,0.0000,1.0000,False,False,False
21388,0.0000,1.0000,False,False,False
21389,0.0000,1.0000,False,False,False
21390,1.0000,0.0000,False,False,False
21391,1.0000,0.0000,False,False,False
21392,1.0000,0.0000,False,False,False
21393,0.0000,1.0000,False,False,False
21394,1.0000,0.0000,False,False,False
21395,1.0000,0.0000,False,False,False
21396,1.0000,0.0000,False,False,False
21397,1.0000,0.0000,False,False,False
21398,1.0000,0.0000,False,False,False
21399,1.0000,0.0000,False,False,False
21400,1.0000,0.0000,False,False,False
21401,0.0000,1.0000,False,False,False
21402,1.0000,0.0000,False,False,False
21403,1.0000,0.0000,False,False,False
21404,1.0000,0.0000,False,False,False
21405,1.0000,0.0000,False,False,False
21406,1.0000,0.0000,False,False,False
21407,1.0000,0.0000,False,False,False
21408,1.0000,0.0000,False,False,False
21409,1.0000,0.0000,False,False,False
21410,1.0000,0.0000,False,False,False
21411,1.0000,0.0000,False,False,False
21412,0.0000,1.0000,False,False,False
21413,1.0000,0.0000,False,False,False
21414,1.0000,0.0000,False,False,False
21415,1.0000,0.0000,False,False,False
21416,1.0000,0.0000,False,False,False
21417,1.0000,0.0000,False,False,False
21418,1.0000,0.0000,False,False,False
21419,1.0000,0.0000,False,False,False
21420,1.0000,0.0000,False,False,False
21421,1.0000,0.0000,False,False,False
21422,1.0000,0.0000,False,False,False
21423,0.0000,1.0000,False,False,False
21424,1.0000,0.0000,False,False,False
21425,1.0000,0.0000,False,False,False
21426,1.0000,0.0000,False,False,False
21427,1.0000,0.0000,False,False,False
21428,1.0000,0.0000,False,False,False
21429,1.0000,0.0000,False,False,False
21430,1.0000,0.0000,False,False,False
21431,1.0000,0.0000,False,False,False
21432,0.0000,1.0000,False,False,False
21433,1.0000,0.0000,False,False,False
21434,1.0000,0.0000,False,False,False
21435,1.0000,0.0000,False,False,False
21436,0.0000,1.0000,False,False,False
21437,1.0000,0.0000,False,False,False
21438,1.0000,0.0000,False,False,False
21439,1.0000,0.0000,False,False,False
21440,1.0000,0.0000,False,False,False
21441,1.0000,0.0000,False,False,False
21442,1.0000,0.0000,False,False,False
21443,1.0000,0.0000,False,False,False
21444,1.0000,0.0000,False,False,False
21445,1.0000,0.0000,False,False,False
21446,1.0000,0.0000,False,False,False
21447,0.0000,1.0000,False,False,False
21448,1.0000,0.0000,False,False,False
21449,1.0000,0.0000,False,False,False
21450,1.0000,0.0000,False,False,False
21451,0.0000,1.0000,False,False,False
21452,1.0000,0.0000,False,False,False
21453,1.0000,0.0000,False,False,False
21454,1.0000,0.0000,False,False,False
21455,1.0000,0.0000,False,False,False
21456,0.0000,1.0000,False,False,False
21457,1.0000,0.0000,False,False,False
21458,1.0000,0.0000,False,False,False
21459,1.0000,0.0000,False,False,False
21460,1.0000,0.0000,False,False,False
21461,1.0000,0.0000,False,False,False
21462,1.0000,0.0000,False,False,False
21463,0.0000,1.0000,False,False,False
21464,1.0000,0.0000,False,False,False
21465,1.0000,0.0000,False,False,False
21466,0.0000,1.0000,False,False,False
21467,0.0000,1.0000,False,False,False
21468,0.0000,1.0000,False,False,False
21469,0.0000,1.0000,False,False,False
21470,1.0000,0.0000,False,False,False
21471,1.0000,0.0000,False,False,False
21472,0.0000,1.0000,False,False,False
21473,0.0000,1.0000,False,False,False
21474,0.0000,1.0000,False,False,False
21475,1.0000,0.0000,False,False,False
21476,1.0000,0.0000,False,False,False
21477,1.0000,0.0000,False,False,False
21478,1.0000,0.0000,False,False,False
21479,1.0000,0.0000,False,False,False
21480,1.0000,0.0000,False,False,False
21481,1.0000,0.0000,False,False,False
21482,1.0000,0.0000,False,False,False
21483,1.0000,0.0000,False,False,False
21484,1.0000,0.0000,False,False,False
21485,1.0000,0.0000,False,False,False
21486,1.0000,0.0000,False,False,False
21487,0.0000,1.0000,False,False,False
21488,1.0000,0.0000,False,False,False
21489,0.0000,1.0000,False,False,False
21490,1.0000,0.0000,False,False,False
21491,0.0000,1.0000,False,False,False
21492,0.0000,1.0000,False,False,False
21493,1.0000,0.0000,False,False,False
21494,1.0000,0.0000,False,False,False
21495,1.0000,0.0000,False,False,False
21496,0.0000,1.0000,False,False,False
21497,0.0000,1.0000,False,False,False
21498,0.0000,1.0000,False,False,False
21499,0.0000,1.0000,False,False,False
21500,1.0000,0.0000,False,False,False
21501,1.0000,0.0000,False,False,False
21502,1.0000,0.0000,False,False,False
21503,0.0000,1.0000,False,False,False
21504,0.0000,1.0000,False,False,False
21505,1.0000,0.0000,False,False,False
21506,0.0000,1.0000,False,False,False
21507,1.0000,0.0000,False,False,False
21508,1.0000,0.0000,False,False,False
21509,0.0000,1.0000,False,False,False
21510,1.0000,0.0000,False,False,False
21511,1.0000,0.0000,False,False,False
21512,1.0000,0.0000,False,False,False
21513,1.0000,0.0000,False,False,False
21514,1.0000,0.0000,False,False,False
21515,1.0000,0.0000,False,False,False
21516,1.0000,0.0000,False,False,False
21517,0.0000,1.0000,False,False,False
21518,0.0000,1.0000,False,False,False
21519,1.0000,0.0000,False,False,False
21520,1.0000,0.0000,False,False,False
21521,1.0000,0.0000,False,False,False
21522,1.0000,0.0000,False,False,False
21523,1.0000,0.0000,False,False,False
21524,1.0000,0.0000,False,False,False
21525,0.0000,1.0000,False,False,False
21526,0.0000,1.0000,False,False,False
21527,1.0000,0.0000,False,False,False
21528,1.0000,0.0000,False,False,False
21529,0.0000,1.0000,False,False,False
21530,1.0000,0.0000,False,False,False
21531,0.0000,1.0000,False,False,False
21532,1.0000,0.0000,False,False,False
21533,1.0000,0.0000,False,False,False
21534,1.0000,0.0000,False,False,False
21535,1.0000,0.0000,False,False,False
21536,1.0000,0.0000,False,False,False
21537,0.0000,1.0000,False,False,False
21538,1.0000,0.0000,False,False,False
21539,1.0000,0.0000,False,False,False
21540,0.0000,1.0000,False,False,False
21541,1.0000,0.0000,False,False,False
21542,1.0000,0.0000,False,False,False
21543,1.0000,0.0000,False,False,False
21544,0.0000,1.0000,False,False,False
21545,0.0000,1.0000,False,False,False
21546,1.0000,0.0000,False,False,False
21547,1.0000,0.0000,False,False,False
21548,1.0000,0.0000,False,False,False
21549,1.0000,0.0000,False,False,False
21550,1.0000,0.0000,False,False,False
21551,0.0000,1.0000,False,False,False
21552,1.0000,0.0000,False,False,False
21553,1.0000,0.0000,False,False,False
21554,1.0000,0.0000,False,False,False
21555,1.0000,0.0000,False,False,False
21556,1.0000,0.0000,False,False,False
21557,0.0000,1.0000,False,False,False
21558,1.0000,0.0000,False,False,False
21559,1.0000,0.0000,False,False,False
21560,1.0000,0.0000,False,False,False
21561,1.0000,0.0000,False,False,False
21562,1.0000,0.0000,False,False,False
21563,0.0000,1.0000,False,False,False
21564,1.0000,0.0000,False,False,False
21565,1.0000,0.0000,False,False,False
21566,1.0000,0.0000,False,False,False
21567,1.0000,0.0000,False,False,False
21568,1.0000,0.0000,False,False,False
21569,1.0000,0.0000,False,False,False
21570,0.0000,1.0000,False,False,False
21571,1.0000,0.0000,False,False,False
21572,1.0000,0.0000,False,False,False
21573,1.0000,0.0000,False,False,False
21574,1.0000,0.0000,False,False,False
21575,0.0000,1.0000,False,False,False
21576,1.0000,0.0000,False,False,False
21577,1.0000,0.0000,False,False,False
21578,0.0000,1.0000,False,False,False
21579,0.0000,1.0000,False,False,False
21580,1.0000,0.0000,False,False,False
21581,1.0000,0.0000,False,False,False
21582,1.0000,0.0000,False,False,False
21583,0.0000,1.0000,False,False,False
21584,0.0000,1.0000,False,False,False
21585,0.0000,1.0000,False,False,False
21586,1.0000,0.0000,False,False,False
21587,1.0000,0.0000,False,False,False
21588,0.0000,1.0000,False,False,False
21589,1.0000,0.0000,False,False,False
21590,1.0000,0.0000,False,False,False
21591,1.0000,0.0000,False,False,False
21592,1.0000,0.0000,False,False,False
21593,1.0000,0.0000,False,False,False
21594,1.0000,0.0000,False,False,False
21595,0.0000,1.0000,False,False,False
21596,1.0000,0.0000,False,False,False
21597,1.0000,0.0000,False,False,False
21598,1.0000,0.0000,False,False,False
21599,1.0000,0.0000,False,False,False
21600,0.0000,1.0000,False,False,False
21601,0.0000,1.0000,False,False,False
21602,1.0000,0.0000,False,False,False
21603,1.0000,0.0000,False,False,False
21604,1.0000,0.0000,False,False,False
21605,1.0000,0.0000,False,False,False
21606,1.0000,0.0000,False,False,False
21607,1.0000,0.0000,False,False,False
21608,1.0000,0.0000,False,False,False
21609,0.0000,1.0000,False,False,False
21610,0.0000,1.0000,False,False,False
21611,0.0000,1.0000,False,False,False
21612,1.0000,0.0000,False,False,False
21613,1.0000,0.0000,False,False,False
21614,1.0000,0.0000,False,False,False
21615,1.0000,0.0000,False,False,False
21616,0.0000,1.0000,False,False,False
21617,1.0000,0.0000,False,False,False
21618,1.0000,0.0000,False,False,False
21619,1.0000,0.0000,False,False,False
21620,0.0000,1.0000,False,False,False
21621,1.0000,0.0000,False,False,False
21622,0.0000,1.0000,False,False,False
21623,1.0000,0.0000,False,False,False
21624,0.0000,1.0000,False,False,False
21625,1.0000,0.0000,False,False,False
21626,1.0000,0.0000,False,False,False
21627,1.0000,0.0000,False,False,False
21628,1.0000,0.0000,False,False,False
21629,1.0000,0.0000,False,False,False
21630,0.0000,1.0000,False,False,False
21631,1.0000,0.0000,False,False,False
21632,1.0000,0.0000,False,False,False
21633,1.0000,0.0000,False,False,False
21634,1.0000,0.0000,False,False,False
21635,1.0000,0.0000,False,False,False
21636,1.0000,0.0000,False,False,False
21637,1.0000,0.0000,False,False,False
21638,0.0000,1.0000,False,False,False
21639,1.0000,0.0000,False,False,False
21640,1.0000,0.0000,False,False,False
21641,1.0000,0.0000,False,False,False
21642,1.0000,0.0000,False,False,False
21643,1.0000,0.0000,False,False,False
21644,1.0000,0.0000,False,False,False
21645,1.0000,0.0000,False,False,False
21646,1.0000,0.0000,False,False,False
21647,1.0000,0.0000,False,False,False
21648,1.0000,0.0000,False,False,False
21649,1.0000,0.0000,False,False,False
21650,1.0000,0.0000,False,False,False
21651,1.0000,0.0000,False,False,False
21652,1.0000,0.0000,False,False,False
21653,1.0000,0.0000,False,False,False
21654,1.0000,0.0000,False,False,False
21655,1.0000,0.0000,False,False,False
21656,1.0000,0.0000,False,False,False
21657,0.0000,1.0000,False,False,False
21658,1.0000,0.0000,False,False,False
21659,1.0000,0.0000,False,False,False
21660,1.0000,0.0000,False,False,False
21661,1.0000,0.0000,False,False,False
21662,0.0000,1.0000,False,False,False
21663,1.0000,0.0000,False,False,False
21664,0.0000,1.0000,False,False,False
21665,1.0000,0.0000,False,False,False
21666,0.0000,1.0000,False,False,False
21667,1.0000,0.0000,False,False,False
21668,1.0000,0.0000,False,False,False
21669,1.0000,0.0000,False,False,False
21670,0.0000,1.0000,False,False,False
21671,1.0000,0.0000,False,False,False
21672,1.0000,0.0000,False,False,False
21673,1.0000,0.0000,False,False,False
21674,1.0000,0.0000,False,False,False
21675,1.0000,0.0000,False,False,False
21676,1.0000,0.0000,False,False,False
21677,1.0000,0.0000,False,False,False
21678,1.0000,0.0000,False,False,False
21679,1.0000,0.0000,False,False,False
21680,1.0000,0.0000,False,False,False
21681,1.0000,0.0000,False,False,False
21682,1.0000,0.0000,False,False,False
21683,1.0000,0.0000,False,False,False
21684,1.0000,0.0000,False,False,False
21685,1.0000,0.0000,False,False,False
21686,1.0000,0.0000,False,False,False
21687,1.0000,0.0000,False,False,False
21688,1.0000,0.0000,False,False,False
21689,1.0000,0.0000,False,False,False
21690,1.0000,0.0000,False,False,False
21691,1.0000,0.0000,False,False,False
21692,1.0000,0.0000,False,False,False
21693,0.0000,1.0000,False,False,False
21694,1.0000,0.0000,False,False,False
21695,0.0000,1.0000,False,False,False
21696,0.0000,1.0000,False,False,False
21697,1.0000,0.0000,False,False,False
21698,1.0000,0.0000,False,False,False
21699,1.0000,0.0000,False,False,False
21700,1.0000,0.0000,False,False,False
21701,0.0000,1.0000,False,False,False
21702,1.0000,0.0000,False,False,False
21703,0.0000,1.0000,False,False,False
21704,0.0000,1.0000,False,False,False
21705,1.0000,0.0000,False,False,False
21706,1.0000,0.0000,False,False,False
21707,1.0000,0.0000,False,False,False
21708,0.0000,1.0000,False,False,False
21709,1.0000,0.0000,False,False,False
21710,1.0000,0.0000,False,False,False
21711,1.0000,0.0000,False,False,False
21712,1.0000,0.0000,False,False,False
21713,1.0000,0.0000,False,False,False
21714,1.0000,0.0000,False,False,False
21715,1.0000,0.0000,False,False,False
21716,1.0000,0.0000,False,False,False
21717,1.0000,0.0000,False,False,False
21718,1.0000,0.0000,False,False,False
21719,1.0000,0.0000,False,False,False
21720,1.0000,0.0000,False,False,False
21721,1.0000,0.0000,False,False,False
21722,1.0000,0.0000,False,False,False
21723,0.0000,1.0000,False,False,False
21724,1.0000,0.0000,False,False,False
21725,1.0000,0.0000,False,False,False
21726,0.0000,1.0000,False,False,False
21727,0.0000,1.0000,False,False,False
21728,1.0000,0.0000,False,False,False
21729,1.0000,0.0000,False,False,False
21730,1.0000,0.0000,False,False,False
21731,0.0000,1.0000,False,False,False
21732,1.0000,0.0000,False,False,False
21733,0.0000,1.0000,False,False,False
21734,1.0000,0.0000,False,False,False
21735,1.0000,0.0000,False,False,False
21736,1.0000,0.0000,False,False,False
21737,1.0000,0.0000,False,False,False
21738,1.0000,0.0000,False,False,False
21739,1.0000,0.0000,False,False,False
21740,0.0000,1.0000,False,False,False
21741,1.0000,0.0000,False,False,False
21742,1.0000,0.0000,False,False,False
21743,1.0000,0.0000,False,False,False
21744,1.0000,0.0000,False,False,False
21745,1.0000,0.0000,False,False,False
21746,1.0000,0.0000,False,False,False
21747,1.0000,0.0000,False,False,False
21748,1.0000,0.0000,False,False,False
21749,1.0000,0.0000,False,False,False
21750,1.0000,0.0000,False,False,False
21751,1.0000,0.0000,False,False,False
21752,0.0000,1.0000,False,False,False
21753,1.0000,0.0000,False,False,False
21754,1.0000,0.0000,False,False,False
21755,1.0000,0.0000,False,False,False
21756,0.0000,1.0000,False,False,False
21757,1.0000,0.0000,False,False,False
21758,1.0000,0.0000,False,False,False
21759,1.0000,0.0000,False,False,False
21760,1.0000,0.0000,False,False,False
21761,0.0000,1.0000,False,False,False
21762,0.0000,1.0000,False,False,False
21763,1.0000,0.0000,False,False,False
21764,1.0000,0.0000,False,False,False
21765,0.0000,1.0000,False,False,False
21766,0.0000,1.0000,False,False,False
21767,0.0000,1.0000,False,False,False
21768,0.0000,1.0000,False,False,False
21769,0.0000,1.0000,False,False,False
21770,1.0000,0.0000,False,False,False
21771,0.0000,1.0000,False,False,False
21772,1.0000,0.0000,False,False,False
21773,1.0000,0.0000,False,False,False
21774,1.0000,0.0000,False,False,False
21775,1.0000,0.0000,False,False,False
21776,1.0000,0.0000,False,False,False
21777,1.0000,0.0000,False,False,False
21778,1.0000,0.0000,False,False,False
21779,1.0000,0.0000,False,False,False
21780,1.0000,0.0000,False,False,False
21781,0.0000,1.0000,False,False,False
21782,1.0000,0.0000,False,False,False
21783,1.0000,0.0000,False,False,False
21784,1.0000,0.0000,False,False,False
21785,1.0000,0.0000,False,False,False
21786,1.0000,0.0000,False,False,False
21787,1.0000,0.0000,False,False,False
21788,1.0000,0.0000,False,False,False
21789,1.0000,0.0000,False,False,False
21790,1.0000,0.0000,False,False,False
21791,1.0000,0.0000,False,False,False
21792,1.0000,0.0000,False,False,False
21793,1.0000,0.0000,False,False,False
21794,1.0000,0.0000,False,False,False
21795,1.0000,0.0000,False,False,False
21796,1.0000,0.0000,False,False,False
21797,0.0000,1.0000,False,False,False
21798,1.0000,0.0000,False,False,False
21799,1.0000,0.0000,False,False,False
21800,1.0000,0.0000,False,False,False
21801,1.0000,0.0000,False,False,False
21802,1.0000,0.0000,False,False,False
21803,1.0000,0.0000,False,False,False
21804,0.0000,1.0000,False,False,False
21805,0.0000,1.0000,False,False,False
21806,1.0000,0.0000,False,False,False
21807,1.0000,0.0000,False,False,False
21808,1.0000,0.0000,False,False,False
21809,1.0000,0.0000,False,False,False
21810,1.0000,0.0000,False,False,False
21811,1.0000,0.0000,False,False,False
21812,0.0000,1.0000,False,False,False
21813,1.0000,0.0000,False,False,False
21814,1.0000,0.0000,False,False,False
21815,1.0000,0.0000,False,False,False
21816,1.0000,0.0000,False,False,False
21817,1.0000,0.0000,False,False,False
21818,0.0000,1.0000,False,False,False
21819,0.0000,1.0000,False,False,False
21820,1.0000,0.0000,False,False,False
21821,0.0000,1.0000,False,False,False
21822,1.0000,0.0000,False,False,False
21823,1.0000,0.0000,False,False,False
21824,1.0000,0.0000,False,False,False
21825,1.0000,0.0000,False,False,False
21826,0.0000,1.0000,False,False,False
21827,1.0000,0.0000,False,False,False
21828,1.0000,0.0000,False,False,False
21829,0.0000,1.0000,False,False,False
21830,1.0000,0.0000,False,False,False
21831,1.0000,0.0000,False,False,False
21832,1.0000,0.0000,False,False,False
21833,0.0000,1.0000,False,False,False
21834,1.0000,0.0000,False,False,False
21835,1.0000,0.0000,False,False,False
21836,1.0000,0.0000,False,False,False
21837,1.0000,0.0000,False,False,False
21838,0.0000,1.0000,False,False,False
21839,1.0000,0.0000,False,False,False
21840,1.0000,0.0000,False,False,False
21841,1.0000,0.0000,False,False,False
21842,1.0000,0.0000,False,False,False
21843,1.0000,0.0000,False,False,False
21844,1.0000,0.0000,False,False,False
21845,1.0000,0.0000,False,False,False
21846,1.0000,0.0000,False,False,False
21847,1.0000,0.0000,False,False,False
21848,1.0000,0.0000,False,False,False
21849,1.0000,0.0000,False,False,False
21850,1.0000,0.0000,False,False,False
21851,1.0000,0.0000,False,False,False
21852,1.0000,0.0000,False,False,False
21853,1.0000,0.0000,False,False,False
21854,1.0000,0.0000,False,False,False
21855,1.0000,0.0000,False,False,False
21856,1.0000,0.0000,False,False,False
21857,1.0000,0.0000,False,False,False
21858,1.0000,0.0000,False,False,False
21859,1.0000,0.0000,False,False,False
21860,1.0000,0.0000,False,False,False
21861,0.0000,1.0000,False,False,False
21862,1.0000,0.0000,False,False,False
21863,1.0000,0.0000,False,False,False
21864,1.0000,0.0000,False,False,False
21865,1.0000,0.0000,False,False,False
21866,1.0000,0.0000,False,False,False
21867,1.0000,0.0000,False,False,False
21868,0.0000,1.0000,False,False,False
21869,1.0000,0.0000,False,False,False
21870,1.0000,0.0000,False,False,False
21871,1.0000,0.0000,False,False,False
21872,0.0000,1.0000,False,False,False
21873,1.0000,0.0000,False,False,False
21874,1.0000,0.0000,False,False,False
21875,0.0000,1.0000,False,False,False
21876,0.0000,1.0000,False,False,False
21877,0.0000,1.0000,False,False,False
21878,1.0000,0.0000,False,False,False
21879,1.0000,0.0000,False,False,False
21880,0.0000,1.0000,False,False,False
21881,1.0000,0.0000,False,False,False
21882,1.0000,0.0000,False,False,False
21883,1.0000,0.0000,False,False,False
21884,1.0000,0.0000,False,False,False
21885,1.0000,0.0000,False,False,False
21886,0.0000,1.0000,False,False,False
21887,0.0000,1.0000,False,False,False
21888,0.0000,1.0000,False,False,False
21889,1.0000,0.0000,False,False,False
21890,1.0000,0.0000,False,False,False
21891,1.0000,0.0000,False,False,False
21892,1.0000,0.0000,False,False,False
21893,0.0000,1.0000,False,False,False
21894,1.0000,0.0000,False,False,False
21895,1.0000,0.0000,False,False,False
21896,0.0000,1.0000,False,False,False
21897,0.0000,1.0000,False,False,False
21898,1.0000,0.0000,False,False,False
21899,0.0000,1.0000,False,False,False
21900,0.0000,1.0000,False,False,False
21901,1.0000,0.0000,False,False,False
21902,0.0000,1.0000,False,False,False
21903,1.0000,0.0000,False,False,False
21904,1.0000,0.0000,False,False,False
21905,1.0000,0.0000,False,False,False
21906,1.0000,0.0000,False,False,False
21907,1.0000,0.0000,False,False,False
21908,0.0000,1.0000,False,False,False
21909,1.0000,0.0000,False,False,False
21910,1.0000,0.0000,False,False,False
21911,1.0000,0.0000,False,False,False
21912,1.0000,0.0000,False,False,False
21913,1.0000,0.0000,False,False,False
21914,1.0000,0.0000,False,False,False
21915,1.0000,0.0000,False,False,False
21916,1.0000,0.0000,False,False,False
21917,1.0000,0.0000,False,False,False
21918,1.0000,0.0000,False,False,False
21919,1.0000,0.0000,False,False,False
21920,0.0000,1.0000,False,False,False
21921,1.0000,0.0000,False,False,False
21922,1.0000,0.0000,False,False,False
21923,1.0000,0.0000,False,False,False
21924,1.0000,0.0000,False,False,False
21925,1.0000,0.0000,False,False,False
21926,1.0000,0.0000,False,False,False
21927,0.0000,1.0000,False,False,False
21928,0.0000,1.0000,False,False,False
21929,1.0000,0.0000,False,False,False
21930,1.0000,0.0000,False,False,False
21931,1.0000,0.0000,False,False,False
21932,1.0000,0.0000,False,False,False
21933,1.0000,0.0000,False,False,False
21934,1.0000,0.0000,False,False,False
21935,1.0000,0.0000,False,False,False
21936,0.0000,1.0000,False,False,False
21937,1.0000,0.0000,False,False,False
21938,1.0000,0.0000,False,False,False
21939,1.0000,0.0000,False,False,False
21940,1.0000,0.0000,False,False,False
21941,0.0000,1.0000,False,False,False
21942,1.0000,0.0000,False,False,False
21943,1.0000,0.0000,False,False,False
21944,1.0000,0.0000,False,False,False
21945,1.0000,0.0000,False,False,False
21946,0.0000,1.0000,False,False,False
21947,1.0000,0.0000,False,False,False
21948,1.0000,0.0000,False,False,False
21949,1.0000,0.0000,False,False,False
21950,1.0000,0.0000,False,False,False
21951,1.0000,0.0000,False,False,False
21952,1.0000,0.0000,False,False,False
21953,1.0000,0.0000,False,False,False
21954,1.0000,0.0000,False,False,False
21955,1.0000,0.0000,False,False,False
21956,1.0000,0.0000,False,False,False
21957,1.0000,0.0000,False,False,False
21958,1.0000,0.0000,False,False,False
21959,0.0000,1.0000,False,False,False
21960,1.0000,0.0000,False,False,False
21961,1.0000,0.0000,False,False,False
21962,1.0000,0.0000,False,False,False
21963,1.0000,0.0000,False,False,False
21964,1.0000,0.0000,False,False,False
21965,0.0000,1.0000,False,False,False
21966,1.0000,0.0000,False,False,False
21967,0.0000,1.0000,False,False,False
21968,1.0000,0.0000,False,False,False
21969,1.0000,0.0000,False,False,False
21970,1.0000,0.0000,False,False,False
21971,1.0000,0.0000,False,False,False
21972,0.0000,1.0000,False,False,False
21973,0.0000,1.0000,False,False,False
21974,1.0000,0.0000,False,False,False
21975,0.0000,1.0000,False,False,False
21976,1.0000,0.0000,False,False,False
21977,0.0000,1.0000,False,False,False
21978,1.0000,0.0000,False,False,False
21979,1.0000,0.0000,False,False,False
21980,1.0000,0.0000,False,False,False
21981,0.0000,1.0000,False,False,False
21982,1.0000,0.0000,False,False,False
21983,1.0000,0.0000,False,False,False
21984,0.0000,1.0000,False,False,False
21985,1.0000,0.0000,False,False,False
21986,0.0000,1.0000,False,False,False
21987,1.0000,0.0000,False,False,False
21988,0.0000,1.0000,False,False,False
21989,0.0000,1.0000,False,False,False
21990,0.0000,1.0000,False,False,False
21991,1.0000,0.0000,False,False,False
21992,1.0000,0.0000,False,False,False
21993,1.0000,0.0000,False,False,False
21994,0.0000,1.0000,False,False,False
21995,0.0000,1.0000,False,False,False
21996,1.0000,0.0000,False,False,False
21997,1.0000,0.0000,False,False,False
21998,1.0000,0.0000,False,False,False
21999,0.0000,1.0000,False,False,False
22000,0.0000,1.0000,False,False,False
22001,1.0000,0.0000,False,False,False
22002,0.0000,1.0000,False,False,False
22003,1.0000,0.0000,False,False,False
22004,1.0000,0.0000,False,False,False
22005,0.0000,1.0000,False,False,False
22006,0.0000,1.0000,False,False,False
22007,1.0000,0.0000,False,False,False
22008,1.0000,0.0000,False,False,False
22009,1.0000,0.0000,False,False,False
22010,1.0000,0.0000,False,False,False
22011,1.0000,0.0000,False,False,False
22012,0.0000,1.0000,False,False,False
22013,1.0000,0.0000,False,False,False
22014,1.0000,0.0000,False,False,False
22015,1.0000,0.0000,False,False,False
22016,1.0000,0.0000,False,False,False
22017,1.0000,0.0000,False,False,False
22018,0.0000,1.0000,False,False,False
22019,1.0000,0.0000,False,False,False
22020,1.0000,0.0000,False,False,False
22021,1.0000,0.0000,False,False,False
22022,1.0000,0.0000,False,False,False
22023,1.0000,0.0000,False,False,False
22024,0.0000,1.0000,False,False,False
22025,1.0000,0.0000,False,False,False
22026,1.0000,0.0000,False,False,False
22027,0.0000,1.0000,False,False,False
22028,1.0000,0.0000,False,False,False
22029,1.0000,0.0000,False,False,False
22030,0.0000,1.0000,False,False,False
22031,0.0000,1.0000,False,False,False
22032,1.0000,0.0000,False,False,False
22033,1.0000,0.0000,False,False,False
22034,1.0000,0.0000,False,False,False
22035,0.0000,1.0000,False,False,False
22036,0.0000,1.0000,False,False,False
22037,0.0000,1.0000,False,False,False
22038,0.0000,1.0000,False,False,False
22039,1.0000,0.0000,False,False,False
22040,0.0000,1.0000,False,False,False
22041,1.0000,0.0000,False,False,False
22042,1.0000,0.0000,False,False,False
22043,1.0000,0.0000,False,False,False
22044,1.0000,0.0000,False,False,False
22045,0.0000,1.0000,False,False,False
22046,1.0000,0.0000,False,False,False
22047,0.0000,1.0000,False,False,False
22048,1.0000,0.0000,False,False,False
22049,1.0000,0.0000,False,False,False
22050,1.0000,0.0000,False,False,False
22051,0.0000,1.0000,False,False,False
22052,0.0000,1.0000,False,False,False
22053,1.0000,0.0000,False,False,False
22054,1.0000,0.0000,False,False,False
22055,1.0000,0.0000,False,False,False
22056,1.0000,0.0000,False,False,False
22057,1.0000,0.0000,False,False,False
22058,1.0000,0.0000,False,False,False
22059,0.0000,1.0000,False,False,False
22060,1.0000,0.0000,False,False,False
22061,0.0000,1.0000,False,False,False
22062,0.0000,1.0000,False,False,False
22063,1.0000,0.0000,False,False,False
22064,1.0000,0.0000,False,False,False
22065,0.0000,1.0000,False,False,False
22066,1.0000,0.0000,False,False,False
22067,0.0000,1.0000,False,False,False
22068,1.0000,0.0000,False,False,False
22069,0.0000,1.0000,False,False,False
22070,1.0000,0.0000,False,False,False
22071,1.0000,0.0000,False,False,False
22072,1.0000,0.0000,False,False,False
22073,1.0000,0.0000,False,False,False
22074,1.0000,0.0000,False,False,False
22075,1.0000,0.0000,False,False,False
22076,0.0000,1.0000,False,False,False
22077,1.0000,0.0000,False,False,False
22078,0.0000,1.0000,False,False,False
22079,1.0000,0.0000,False,False,False
22080,1.0000,0.0000,False,False,False
22081,1.0000,0.0000,False,False,False
22082,0.0000,1.0000,False,False,False
22083,0.0000,1.0000,False,False,False
22084,0.0000,1.0000,False,False,False
22085,1.0000,0.0000,False,False,False
22086,1.0000,0.0000,False,False,False
22087,1.0000,0.0000,False,False,False
22088,1.0000,0.0000,False,False,False
22089,1.0000,0.0000,False,False,False
22090,1.0000,0.0000,False,False,False
22091,1.0000,0.0000,False,False,False
22092,1.0000,0.0000,False,False,False
22093,1.0000,0.0000,False,False,False
22094,1.0000,0.0000,False,False,False
22095,1.0000,0.0000,False,False,False
22096,1.0000,0.0000,False,False,False
22097,1.0000,0.0000,False,False,False
22098,1.0000,0.0000,False,False,False
22099,1.0000,0.0000,False,False,False
22100,0.0000,1.0000,False,False,False
22101,1.0000,0.0000,False,False,False
22102,0.0000,1.0000,False,False,False
22103,0.0000,1.0000,False,False,False
22104,1.0000,0.0000,False,False,False
22105,1.0000,0.0000,False,False,False
22106,1.0000,0.0000,False,False,False
22107,1.0000,0.0000,False,False,False
22108,1.0000,0.0000,False,False,False
22109,1.0000,0.0000,False,False,False
22110,0.0000,1.0000,False,False,False
22111,1.0000,0.0000,False,False,False
22112,1.0000,0.0000,False,False,False
22113,1.0000,0.0000,False,False,False
22114,0.0000,1.0000,False,False,False
22115,1.0000,0.0000,False,False,False
22116,1.0000,0.0000,False,False,False
22117,1.0000,0.0000,False,False,False
22118,0.0000,1.0000,False,False,False
22119,1.0000,0.0000,False,False,False
22120,0.0000,1.0000,False,False,False
22121,1.0000,0.0000,False,False,False
22122,1.0000,0.0000,False,False,False
22123,1.0000,0.0000,False,False,False
22124,0.0000,1.0000,False,False,False
22125,1.0000,0.0000,False,False,False
22126,1.0000,0.0000,False,False,False
22127,0.0000,1.0000,False,False,False
22128,1.0000,0.0000,False,False,False
22129,0.0000,1.0000,False,False,False
22130,1.0000,0.0000,False,False,False
22131,1.0000,0.0000,False,False,False
22132,1.0000,0.0000,False,False,False
22133,1.0000,0.0000,False,False,False
22134,1.0000,0.0000,False,False,False
22135,1.0000,0.0000,False,False,False
22136,1.0000,0.0000,False,False,False
22137,0.0000,1.0000,False,False,False
22138,0.0000,1.0000,False,False,False
22139,1.0000,0.0000,False,False,False
22140,1.0000,0.0000,False,False,False
22141,0.0000,1.0000,False,False,False
22142,1.0000,0.0000,False,False,False
22143,1.0000,0.0000,False,False,False
22144,0.0000,1.0000,False,False,False
22145,1.0000,0.0000,False,False,False
22146,1.0000,0.0000,False,False,False
22147,1.0000,0.0000,False,False,False
22148,1.0000,0.0000,False,False,False
22149,1.0000,0.0000,False,False,False
22150,1.0000,0.0000,False,False,False
22151,0.0000,1.0000,False,False,False
22152,1.0000,0.0000,False,False,False
22153,1.0000,0.0000,False,False,False
22154,0.0000,1.0000,False,False,False
22155,1.0000,0.0000,False,False,False
22156,1.0000,0.0000,False,False,False
22157,1.0000,0.0000,False,False,False
22158,0.0000,1.0000,False,False,False
22159,1.0000,0.0000,False,False,False
22160,1.0000,0.0000,False,False,False
22161,1.0000,0.0000,False,False,False
22162,1.0000,0.0000,False,False,False
22163,1.0000,0.0000,False,False,False
22164,0.0000,1.0000,False,False,False
22165,1.0000,0.0000,False,False,False
22166,1.0000,0.0000,False,False,False
22167,1.0000,0.0000,False,False,False
22168,1.0000,0.0000,False,False,False
22169,0.0000,1.0000,False,False,False
22170,0.0000,1.0000,False,False,False
22171,1.0000,0.0000,False,False,False
22172,1.0000,0.0000,False,False,False
22173,0.0000,1.0000,False,False,False
22174,1.0000,0.0000,False,False,False
22175,1.0000,0.0000,False,False,False
22176,0.0000,1.0000,False,False,False
22177,1.0000,0.0000,False,False,False
22178,1.0000,0.0000,False,False,False
22179,1.0000,0.0000,False,False,False
22180,1.0000,0.0000,False,False,False
22181,1.0000,0.0000,False,False,False
22182,1.0000,0.0000,False,False,False
22183,0.0000,1.0000,False,False,False
22184,1.0000,0.0000,False,False,False
22185,1.0000,0.0000,False,False,False
22186,0.0000,1.0000,False,False,False
22187,1.0000,0.0000,False,False,False
22188,1.0000,0.0000,False,False,False
22189,1.0000,0.0000,False,False,False
22190,1.0000,0.0000,False,False,False
22191,1.0000,0.0000,False,False,False
22192,0.0000,1.0000,False,False,False
22193,1.0000,0.0000,False,False,False
22194,0.0000,1.0000,False,False,False
22195,0.0000,1.0000,False,False,False
22196,1.0000,0.0000,False,False,False
22197,0.0000,1.0000,False,False,False
22198,1.0000,0.0000,False,False,False
22199,1.0000,0.0000,False,False,False
22200,0.0000,1.0000,False,False,False
22201,0.0000,1.0000,False,False,False
22202,1.0000,0.0000,False,False,False
22203,0.0000,1.0000,False,False,False
22204,1.0000,0.0000,False,False,False
22205,1.0000,0.0000,False,False,False
22206,1.0000,0.0000,False,False,False
22207,0.0000,1.0000,False,False,False
22208,1.0000,0.0000,False,False,False
22209,1.0000,0.0000,False,False,False
22210,1.0000,0.0000,False,False,False
22211,1.0000,0.0000,False,False,False
22212,1.0000,0.0000,False,False,False
22213,0.0000,1.0000,False,False,False
22214,1.0000,0.0000,False,False,False
22215,1.0000,0.0000,False,False,False
22216,1.0000,0.0000,False,False,False
22217,0.0000,1.0000,False,False,False
22218,1.0000,0.0000,False,False,False
22219,0.0000,1.0000,False,False,False
22220,1.0000,0.0000,False,False,False
22221,0.0000,1.0000,False,False,False
22222,1.0000,0.0000,False,False,False
22223,1.0000,0.0000,False,False,False
22224,1.0000,0.0000,False,False,False
22225,1.0000,0.0000,False,False,False
22226,1.0000,0.0000,False,False,False
22227,1.0000,0.0000,False,False,False
22228,1.0000,0.0000,False,False,False
22229,1.0000,0.0000,False,False,False
22230,1.0000,0.0000,False,False,False
22231,1.0000,0.0000,False,False,False
22232,1.0000,0.0000,False,False,False
22233,1.0000,0.0000,False,False,False
22234,0.0000,1.0000,False,False,False
22235,1.0000,0.0000,False,False,False
22236,1.0000,0.0000,False,False,False
22237,0.0000,1.0000,False,False,False
22238,0.0000,1.0000,False,False,False
22239,0.0000,1.0000,False,False,False
22240,1.0000,0.0000,False,False,False
22241,1.0000,0.0000,False,False,False
22242,0.0000,1.0000,False,False,False
22243,1.0000,0.0000,False,False,False
22244,1.0000,0.0000,False,False,False
22245,1.0000,0.0000,False,False,False
22246,0.0000,1.0000,False,False,False
22247,1.0000,0.0000,False,False,False
22248,1.0000,0.0000,False,False,False
22249,1.0000,0.0000,False,False,False
22250,0.0000,1.0000,False,False,False
22251,1.0000,0.0000,False,False,False
22252,1.0000,0.0000,False,False,False
22253,1.0000,0.0000,False,False,False
22254,0.0000,1.0000,False,False,False
22255,1.0000,0.0000,False,False,False
22256,1.0000,0.0000,False,False,False
22257,1.0000,0.0000,False,False,False
22258,1.0000,0.0000,False,False,False
22259,1.0000,0.0000,False,False,False
22260,1.0000,0.0000,False,False,False
22261,0.0000,1.0000,False,False,False
22262,1.0000,0.0000,False,False,False
22263,1.0000,0.0000,False,False,False
22264,0.0000,1.0000,False,False,False
22265,0.0000,1.0000,False,False,False
22266,1.0000,0.0000,False,False,False
22267,1.0000,0.0000,False,False,False
22268,1.0000,0.0000,False,False,False
22269,1.0000,0.0000,False,False,False
22270,1.0000,0.0000,False,False,False
22271,1.0000,0.0000,False,False,False
22272,1.0000,0.0000,False,False,False
22273,1.0000,0.0000,False,False,False
22274,1.0000,0.0000,False,False,False
22275,1.0000,0.0000,False,False,False
22276,1.0000,0.0000,False,False,False
22277,1.0000,0.0000,False,False,False
22278,1.0000,0.0000,False,False,False
22279,1.0000,0.0000,False,False,False
22280,0.0000,1.0000,False,False,False
22281,1.0000,0.0000,False,False,False
22282,1.0000,0.0000,False,False,False
22283,0.0000,1.0000,False,False,False
22284,1.0000,0.0000,False,False,False
22285,1.0000,0.0000,False,False,False
22286,0.0000,1.0000,False,False,False
22287,0.0000,1.0000,False,False,False
22288,0.0000,1.0000,False,False,False
22289,0.0000,1.0000,False,False,False
22290,1.0000,0.0000,False,False,False
22291,1.0000,0.0000,False,False,False
22292,1.0000,0.0000,False,False,False
22293,1.0000,0.0000,False,False,False
22294,1.0000,0.0000,False,False,False
22295,1.0000,0.0000,False,False,False
22296,0.0000,1.0000,False,False,False
22297,1.0000,0.0000,False,False,False
22298,0.0000,1.0000,False,False,False
22299,1.0000,0.0000,False,False,False
22300,1.0000,0.0000,False,False,False
22301,1.0000,0.0000,False,False,False
22302,1.0000,0.0000,False,False,False
22303,0.0000,1.0000,False,False,False
22304,1.0000,0.0000,False,False,False
22305,1.0000,0.0000,False,False,False
22306,1.0000,0.0000,False,False,False
22307,1.0000,0.0000,False,False,False
22308,1.0000,0.0000,False,False,False
22309,1.0000,0.0000,False,False,False
22310,1.0000,0.0000,False,False,False
22311,1.0000,0.0000,False,False,False
22312,1.0000,0.0000,False,False,False
22313,1.0000,0.0000,False,False,False
22314,1.0000,0.0000,False,False,False
22315,1.0000,0.0000,False,False,False
22316,1.0000,0.0000,False,False,False
22317,1.0000,0.0000,False,False,False
22318,1.0000,0.0000,False,False,False
22319,1.0000,0.0000,False,False,False
22320,0.0000,1.0000,False,False,False
22321,1.0000,0.0000,False,False,False
22322,1.0000,0.0000,False,False,False
22323,1.0000,0.0000,False,False,False
22324,1.0000,0.0000,False,False,False
22325,0.0000,1.0000,False,False,False
22326,1.0000,0.0000,False,False,False
22327,1.0000,0.0000,False,False,False
22328,1.0000,0.0000,False,False,False
22329,0.0000,1.0000,False,False,False
22330,0.0000,1.0000,False,False,False
22331,1.0000,0.0000,False,False,False
22332,0.0000,1.0000,False,False,False
22333,1.0000,0.0000,False,False,False
22334,0.0000,1.0000,False,False,False
22335,1.0000,0.0000,False,False,False
22336,0.0000,1.0000,False,False,False
22337,1.0000,0.0000,False,False,False
22338,1.0000,0.0000,False,False,False
22339,1.0000,0.0000,False,False,False
22340,1.0000,0.0000,False,False,False
22341,1.0000,0.0000,False,False,False
22342,1.0000,0.0000,False,False,False
22343,1.0000,0.0000,False,False,False
22344,0.0000,1.0000,False,False,False
22345,1.0000,0.0000,False,False,False
22346,1.0000,0.0000,False,False,False
22347,1.0000,0.0000,False,False,False
22348,1.0000,0.0000,False,False,False
22349,1.0000,0.0000,False,False,False
22350,1.0000,0.0000,False,False,False
22351,0.0000,1.0000,False,False,False
22352,0.0000,1.0000,False,False,False
22353,0.0000,1.0000,False,False,False
22354,1.0000,0.0000,False,False,False
22355,1.0000,0.0000,False,False,False
22356,1.0000,0.0000,False,False,False
22357,1.0000,0.0000,False,False,False
22358,1.0000,0.0000,False,False,False
22359,1.0000,0.0000,False,False,False
22360,0.0000,1.0000,False,False,False
22361,1.0000,0.0000,False,False,False
22362,1.0000,0.0000,False,False,False
22363,1.0000,0.0000,False,False,False
22364,1.0000,0.0000,False,False,False
22365,1.0000,0.0000,False,False,False
22366,0.0000,1.0000,False,False,False
22367,1.0000,0.0000,False,False,False
22368,1.0000,0.0000,False,False,False
22369,1.0000,0.0000,False,False,False
22370,1.0000,0.0000,False,False,False
22371,0.0000,1.0000,False,False,False
22372,1.0000,0.0000,False,False,False
22373,1.0000,0.0000,False,False,False
22374,1.0000,0.0000,False,False,False
22375,1.0000,0.0000,False,False,False
22376,1.0000,0.0000,False,False,False
22377,1.0000,0.0000,False,False,False
22378,1.0000,0.0000,False,False,False
22379,1.0000,0.0000,False,False,False
22380,1.0000,0.0000,False,False,False
22381,0.0000,1.0000,False,False,False
22382,1.0000,0.0000,False,False,False
22383,1.0000,0.0000,False,False,False
22384,1.0000,0.0000,False,False,False
22385,1.0000,0.0000,False,False,False
22386,1.0000,0.0000,False,False,False
22387,1.0000,0.0000,False,False,False
22388,1.0000,0.0000,False,False,False
22389,1.0000,0.0000,False,False,False
22390,1.0000,0.0000,False,False,False
22391,1.0000,0.0000,False,False,False
22392,1.0000,0.0000,False,False,False
22393,0.0000,1.0000,False,False,False
22394,1.0000,0.0000,False,False,False
22395,0.0000,1.0000,False,False,False
22396,0.0000,1.0000,False,False,False
22397,1.0000,0.0000,False,False,False
22398,1.0000,0.0000,False,False,False
22399,1.0000,0.0000,False,False,False
22400,1.0000,0.0000,False,False,False
22401,0.0000,1.0000,False,False,False
22402,1.0000,0.0000,False,False,False
22403,0.0000,1.0000,False,False,False
22404,0.0000,1.0000,False,False,False
22405,1.0000,0.0000,False,False,False
22406,1.0000,0.0000,False,False,False
22407,1.0000,0.0000,False,False,False
22408,0.0000,1.0000,False,False,False
22409,0.0000,1.0000,False,False,False
22410,1.0000,0.0000,False,False,False
22411,1.0000,0.0000,False,False,False
22412,1.0000,0.0000,False,False,False
22413,0.0000,1.0000,False,False,False
22414,0.0000,1.0000,False,False,False
22415,1.0000,0.0000,False,False,False
22416,1.0000,0.0000,False,False,False
22417,0.0000,1.0000,False,False,False
22418,1.0000,0.0000,False,False,False
22419,1.0000,0.0000,False,False,False
22420,0.0000,1.0000,False,False,False
22421,0.0000,1.0000,False,False,False
22422,1.0000,0.0000,False,False,False
22423,1.0000,0.0000,False,False,False
22424,0.0000,1.0000,False,False,False
22425,0.0000,1.0000,False,False,False
22426,1.0000,0.0000,False,False,False
22427,1.0000,0.0000,False,False,False
22428,1.0000,0.0000,False,False,False
22429,1.0000,0.0000,False,False,False
22430,1.0000,0.0000,False,False,False
22431,1.0000,0.0000,False,False,False
22432,0.0000,1.0000,False,False,False
22433,0.0000,1.0000,False,False,False
22434,1.0000,0.0000,False,False,False
22435,0.0000,1.0000,False,False,False
22436,1.0000,0.0000,False,False,False
22437,0.0000,1.0000,False,False,False
22438,0.0000,1.0000,False,False,False
22439,1.0000,0.0000,False,False,False
22440,1.0000,0.0000,False,False,False
22441,1.0000,0.0000,False,False,False
22442,1.0000,0.0000,False,False,False
22443,1.0000,0.0000,False,False,False
22444,1.0000,0.0000,False,False,False
22445,0.0000,1.0000,False,False,False
22446,0.0000,1.0000,False,False,False
22447,1.0000,0.0000,False,False,False
22448,0.0000,1.0000,False,False,False
22449,1.0000,0.0000,False,False,False
22450,1.0000,0.0000,False,False,False
22451,1.0000,0.0000,False,False,False
22452,1.0000,0.0000,False,False,False
22453,1.0000,0.0000,False,False,False
22454,1.0000,0.0000,False,False,False
22455,0.0000,1.0000,False,False,False
22456,0.0000,1.0000,False,False,False
22457,0.0000,1.0000,False,False,False
22458,1.0000,0.0000,False,False,False
22459,1.0000,0.0000,False,False,False
22460,1.0000,0.0000,False,False,False
22461,0.0000,1.0000,False,False,False
22462,1.0000,0.0000,False,False,False
22463,1.0000,0.0000,False,False,False
22464,0.0000,1.0000,False,False,False
22465,1.0000,0.0000,False,False,False
22466,1.0000,0.0000,False,False,False
22467,1.0000,0.0000,False,False,False
22468,1.0000,0.0000,False,False,False
22469,0.0000,1.0000,False,False,False
22470,0.0000,1.0000,False,False,False
22471,1.0000,0.0000,False,False,False
22472,0.0000,1.0000,False,False,False
22473,1.0000,0.0000,False,False,False
22474,1.0000,0.0000,False,False,False
22475,1.0000,0.0000,False,False,False
22476,1.0000,0.0000,False,False,False
22477,1.0000,0.0000,False,False,False
22478,0.0000,1.0000,False,False,False
22479,0.0000,1.0000,False,False,False
22480,1.0000,0.0000,False,False,False
22481,1.0000,0.0000,False,False,False
22482,1.0000,0.0000,False,False,False
22483,1.0000,0.0000,False,False,False
22484,1.0000,0.0000,False,False,False
22485,1.0000,0.0000,False,False,False
22486,1.0000,0.0000,False,False,False
22487,1.0000,0.0000,False,False,False
22488,1.0000,0.0000,False,False,False
22489,1.0000,0.0000,False,False,False
22490,0.0000,1.0000,False,False,False
22491,1.0000,0.0000,False,False,False
22492,0.0000,1.0000,False,False,False
22493,1.0000,0.0000,False,False,False
22494,0.0000,1.0000,False,False,False
22495,1.0000,0.0000,False,False,False
22496,1.0000,0.0000,False,False,False
22497,1.0000,0.0000,False,False,False
22498,0.0000,1.0000,False,False,False
22499,0.0000,1.0000,False,False,False
22500,1.0000,0.0000,True,True,False
22501,1.0000,0.0000,True,True,False
22502,1.0000,0.0000,True,True,False
22503,0.0000,1.0000,True,True,False
22504,1.0000,0.0000,True,True,False
22505,1.0000,0.0000,True,True,False
22506,1.0000,0.0000,True,True,False
22507,1.0000,0.0000,True,True,False
22508,1.0000,0.0000,True,True,False
22509,1.0000,0.0000,True,True,False
22510,1.0000,0.0000,True,False,True
22511,0.0000,1.0000,False,False,False
22512,1.0000,0.0000,False,False,False
22513,0.0000,1.0000,False,False,False
22514,1.0000,0.0000,False,False,False
22515,1.0000,0.0000,False,False,False
22516,1.0000,0.0000,False,False,False
22517,1.0000,0.0000,False,False,False
22518,1.0000,0.0000,False,False,False
22519,1.0000,0.0000,False,False,False
22520,1.0000,0.0000,False,False,False
22521,1.0000,0.0000,False,False,False
22522,1.0000,0.0000,False,False,False
22523,0.0000,1.0000,False,False,False
22524,1.0000,0.0000,False,False,False
22525,1.0000,0.0000,False,False,False
22526,0.0000,1.0000,False,False,False
22527,0.0000,1.0000,False,False,False
22528,1.0000,0.0000,False,False,False
22529,1.0000,0.0000,False,False,False
22530,1.0000,0.0000,False,False,False
22531,1.0000,0.0000,False,False,False
22532,1.0000,0.0000,False,False,False
22533,1.0000,0.0000,False,False,False
22534,1.0000,0.0000,False,False,False
22535,1.0000,0.0000,False,False,False
22536,1.0000,0.0000,False,False,False
22537,1.0000,0.0000,False,False,False
22538,1.0000,0.0000,False,False,False
22539,1.0000,0.0000,False,False,False
22540,1.0000,0.0000,False,False,False
22541,1.0000,0.0000,False,False,False
22542,1.0000,0.0000,False,False,False
22543,1.0000,0.0000,False,False,False
22544,1.0000,0.0000,False,False,False
22545,1.0000,0.0000,False,False,False
22546,1.0000,0.0000,False,False,False
22547,1.0000,0.0000,False,False,False
22548,1.0000,0.0000,False,False,False
22549,1.0000,0.0000,False,False,False
22550,1.0000,0.0000,False,False,False
22551,1.0000,0.0000,False,False,False
22552,1.0000,0.0000,False,False,False
22553,1.0000,0.0000,False,False,False
22554,1.0000,0.0000,False,False,False
22555,1.0000,0.0000,False,False,False
22556,1.0000,0.0000,False,False,False
22557,1.0000,0.0000,False,False,False
22558,0.0000,1.0000,False,False,False
22559,1.0000,0.0000,False,False,False
22560,1.0000,0.0000,False,False,False
22561,1.0000,0.0000,False,False,False
22562,1.0000,0.0000,False,False,False
22563,1.0000,0.0000,False,False,False
22564,1.0000,0.0000,False,False,False
22565,1.0000,0.0000,False,False,False
22566,1.0000,0.0000,False,False,False
22567,1.0000,0.0000,False,False,False
22568,0.0000,1.0000,False,False,False
22569,1.0000,0.0000,False,False,False
22570,0.0000,1.0000,False,False,False
22571,1.0000,0.0000,False,False,False
22572,1.0000,0.0000,False,False,False
22573,1.0000,0.0000,False,False,False
22574,1.0000,0.0000,False,False,False
22575,1.0000,0.0000,False,False,False
22576,1.0000,0.0000,False,False,False
22577,1.0000,0.0000,False,False,False
22578,0.0000,1.0000,False,False,False
22579,1.0000,0.0000,False,False,False
22580,1.0000,0.0000,False,False,False
22581,1.0000,0.0000,False,False,False
22582,1.0000,0.0000,False,False,False
22583,0.0000,1.0000,False,False,False
22584,0.0000,1.0000,False,False,False
22585,0.0000,1.0000,False,False,False
22586,1.0000,0.0000,False,False,False
22587,1.0000,0.0000,False,False,False
22588,0.0000,1.0000,False,False,False
22589,0.0000,1.0000,False,False,False
22590,1.0000,0.0000,False,False,False
22591,1.0000,0.0000,False,False,False
22592,1.0000,0.0000,False,False,False
22593,1.0000,0.0000,False,False,False
22594,1.0000,0.0000,False,False,False
22595,1.0000,0.0000,False,False,False
22596,1.0000,0.0000,False,False,False
22597,0.0000,1.0000,False,False,False
22598,1.0000,0.0000,False,False,False
22599,0.0000,1.0000,False,False,False
22600,1.0000,0.0000,False,False,False
22601,1.0000,0.0000,False,False,False
22602,0.0000,1.0000,False,False,False
22603,1.0000,0.0000,False,False,False
22604,0.0000,1.0000,False,False,False
22605,1.0000,0.0000,False,False,False
22606,0.0000,1.0000,False,False,False
22607,0.0000,1.0000,False,False,False
22608,0.0000,1.0000,False,False,False
22609,1.0000,0.0000,False,False,False
22610,1.0000,0.0000,False,False,False
22611,1.0000,0.0000,False,False,False
22612,1.0000,0.0000,False,False,False
22613,0.0000,1.0000,False,False,False
22614,0.0000,1.0000,False,False,False
22615,1.0000,0.0000,False,False,False
22616,1.0000,0.0000,False,False,False
22617,0.0000,1.0000,False,False,False
22618,0.0000,1.0000,False,False,False
22619,1.0000,0.0000,False,False,False
22620,1.0000,0.0000,False,False,False
22621,0.0000,1.0000,False,False,False
22622,1.0000,0.0000,False,False,False
22623,1.0000,0.0000,False,False,False
22624,1.0000,0.0000,False,False,False
22625,1.0000,0.0000,False,False,False
22626,1.0000,0.0000,False,False,False
22627,1.0000,0.0000,False,False,False
22628,1.0000,0.0000,False,False,False
22629,1.0000,0.0000,False,False,False
22630,1.0000,0.0000,False,False,False
22631,1.0000,0.0000,False,False,False
22632,1.0000,0.0000,False,False,False
22633,0.0000,1.0000,False,False,False
22634,1.0000,0.0000,False,False,False
22635,0.0000,1.0000,False,False,False
22636,1.0000,0.0000,False,False,False
22637,1.0000,0.0000,False,False,False
22638,1.0000,0.0000,False,False,False
22639,1.0000,0.0000,False,False,False
22640,1.0000,0.0000,False,False,False
22641,1.0000,0.0000,False,False,False
22642,1.0000,0.0000,False,False,False
22643,1.0000,0.0000,False,False,False
22644,1.0000,0.0000,False,False,False
22645,1.0000,0.0000,False,False,False
22646,1.0000,0.0000,False,False,False
22647,1.0000,0.0000,False,False,False
22648,1.0000,0.0000,False,False,False
22649,0.0000,1.0000,False,False,False
22650,1.0000,0.0000,False,False,False
22651,1.0000,0.0000,False,False,False
22652,0.0000,1.0000,False,False,False
22653,1.0000,0.0000,False,False,False
22654,1.0000,0.0000,False,False,False
22655,1.0000,0.0000,False,False,False
22656,1.0000,0.0000,False,False,False
22657,1.0000,0.0000,False,False,False
22658,1.0000,0.0000,False,False,False
22659,1.0000,0.0000,False,False,False
22660,1.0000,0.0000,False,False,False
22661,1.0000,0.0000,False,False,False
22662,0.0000,1.0000,False,False,False
22663,1.0000,0.0000,False,False,False
22664,1.0000,0.0000,False,False,False
22665,1.0000,0.0000,False,False,False
22666,1.0000,0.0000,False,False,False
22667,0.0000,1.0000,False,False,False
22668,1.0000,0.0000,False,False,False
22669,1.0000,0.0000,False,False,False
22670,1.0000,0.0000,False,False,False
22671,1.0000,0.0000,False,False,False
22672,1.0000,0.0000,False,False,False
22673,1.0000,0.0000,False,False,False
22674,1.0000,0.0000,False,False,False
22675,1.0000,0.0000,False,False,False
22676,1.0000,0.0000,False,False,False
22677,1.0000,0.0000,False,False,False
22678,1.0000,0.0000,False,False,False
22679,1.0000,0.0000,False,False,False
22680,1.0000,0.0000,False,False,False
22681,1.0000,0.0000,False,False,False
22682,1.0000,0.0000,False,False,False
22683,1.0000,0.0000,False,False,False
22684,1.0000,0.0000,False,False,False
22685,1.0000,0.0000,False,False,False
22686,1.0000,0.0000,False,False,False
22687,1.0000,0.0000,False,False,False
22688,1.0000,0.0000,False,False,False
22689,0.0000,1.0000,False,False,False
22690,1.0000,0.0000,False,False,False
22691,1.0000,0.0000,False,False,False
22692,1.0000,0.0000,False,False,False
22693,1.0000,0.0000,False,False,False
22694,1.0000,0.0000,False,False,False
22695,1.0000,0.0000,False,False,False
22696,1.0000,0.0000,False,False,False
22697,1.0000,0.0000,False,False,False
22698,0.0000,1.0000,False,False,False
22699,1.0000,0.0000,False,False,False
22700,0.0000,1.0000,False,False,False
22701,1.0000,0.0000,False,False,False
22702,1.0000,0.0000,False,False,False
22703,0.0000,1.0000,False,False,False
22704,1.0000,0.0000,False,False,False
22705,0.0000,1.0000,False,False,False
22706,1.0000,0.0000,False,False,False
22707,1.0000,0.0000,False,False,False
22708,0.0000,1.0000,False,False,False
22709,1.0000,0.0000,False,False,False
22710,1.0000,0.0000,False,False,False
22711,1.0000,0.0000,False,False,False
22712,1.0000,0.0000,False,False,False
22713,1.0000,0.0000,False,False,False
22714,1.0000,0.0000,False,False,False
22715,0.0000,1.0000,False,False,False
22716,1.0000,0.0000,False,False,False
22717,1.0000,0.0000,False,False,False
22718,1.0000,0.0000,False,False,False
22719,1.0000,0.0000,False,False,False
22720,1.0000,0.0000,False,False,False
22721,1.0000,0.0000,False,False,False
22722,1.0000,0.0000,False,False,False
22723,1.0000,0.0000,False,False,False
22724,1.0000,0.0000,False,False,False
22725,1.0000,0.0000,False,False,False
22726,1.0000,0.0000,False,False,False
22727,1.0000,0.0000,False,False,False
22728,1.0000,0.0000,False,False,False
22729,0.0000,1.0000,False,False,False
22730,1.0000,0.0000,False,False,False
22731,1.0000,0.0000,False,False,False
22732,1.0000,0.0000,False,False,False
22733,1.0000,0.0000,False,False,False
22734,1.0000,0.0000,False,False,False
22735,1.0000,0.0000,False,False,False
22736,1.0000,0.0000,False,False,False
22737,1.0000,0.0000,False,False,False
22738,1.0000,0.0000,False,False,False
22739,0.0000,1.0000,False,False,False
22740,1.0000,0.0000,False,False,False
22741,1.0000,0.0000,False,False,False
22742,1.0000,0.0000,False,False,False
22743,1.0000,0.0000,False,False,False
22744,1.0000,0.0000,False,False,False
22745,0.0000,1.0000,False,False,False
22746,1.0000,0.0000,False,False,False
22747,0.0000,1.0000,False,False,False
22748,1.0000,0.0000,False,False,False
22749,1.0000,0.0000,False,False,False
22750,1.0000,0.0000,False,False,False
22751,1.0000,0.0000,False,False,False
22752,1.0000,0.0000,False,False,False
22753,1.0000,0.0000,False,False,False
22754,1.0000,0.0000,False,False,False
22755,0.0000,1.0000,False,False,False
22756,1.0000,0.0000,False,False,False
22757,1.0000,0.0000,False,False,False
22758,0.0000,1.0000,False,False,False
22759,1.0000,0.0000,False,False,False
22760,0.0000,1.0000,False,False,False
22761,1.0000,0.0000,False,False,False
22762,0.0000,1.0000,False,False,False
22763,1.0000,0.0000,False,False,False
22764,1.0000,0.0000,False,False,False
22765,1.0000,0.0000,False,False,False
22766,1.0000,0.0000,False,False,False
22767,1.0000,0.0000,False,False,False
22768,1.0000,0.0000,False,False,False
22769,1.0000,0.0000,False,False,False
22770,1.0000,0.0000,False,False,False
22771,1.0000,0.0000,False,False,False
22772,1.0000,0.0000,False,False,False
22773,1.0000,0.0000,False,False,False
22774,1.0000,0.0000,False,False,False
22775,1.0000,0.0000,False,False,False
22776,1.0000,0.0000,False,False,False
22777,1.0000,0.0000,False,False,False
22778,1.0000,0.0000,False,False,False
22779,1.0000,0.0000,False,False,False
22780,0.0000,1.0000,False,False,False
22781,1.0000,0.0000,False,False,False
22782,1.0000,0.0000,False,False,False
22783,1.0000,0.0000,False,False,False
22784,0.0000,1.0000,False,False,False
22785,1.0000,0.0000,False,False,False
22786,1.0000,0.0000,False,False,False
22787,1.0000,0.0000,False,False,False
22788,1.0000,0.0000,False,False,False
22789,1.0000,0.0000,False,False,False
22790,1.0000,0.0000,False,False,False
22791,1.0000,0.0000,False,False,False
22792,0.0000,1.0000,False,False,False
22793,1.0000,0.0000,False,False,False
22794,1.0000,0.0000,False,False,False
22795,1.0000,0.0000,False,False,False
22796,1.0000,0.0000,False,False,False
22797,0.0000,1.0000,False,False,False
22798,1.0000,0.0000,False,False,False
22799,0.0000,1.0000,False,False,False
22800,0.0000,1.0000,False,False,False
22801,1.0000,0.0000,False,False,False
22802,0.0000,1.0000,False,False,False
22803,1.0000,0.0000,False,False,False
22804,0.0000,1.0000,False,False,False
22805,0.0000,1.0000,False,False,False
22806,1.0000,0.0000,False,False,False
22807,1.0000,0.0000,False,False,False
22808,0.0000,1.0000,False,False,False
22809,1.0000,0.0000,False,False,False
22810,1.0000,0.0000,False,False,False
22811,1.0000,0.0000,False,False,False
22812,0.0000,1.0000,False,False,False
22813,1.0000,0.0000,False,False,False
22814,0.0000,1.0000,False,False,False
22815,1.0000,0.0000,False,False,False
22816,1.0000,0.0000,False,False,False
22817,1.0000,0.0000,False,False,False
22818,1.0000,0.0000,False,False,False
22819,1.0000,0.0000,False,False,False
22820,1.0000,0.0000,False,False,False
22821,1.0000,0.0000,False,False,False
22822,0.0000,1.0000,False,False,False
22823,1.0000,0.0000,False,False,False
22824,1.0000,0.0000,False,False,False
22825,1.0000,0.0000,False,False,False
22826,0.0000,1.0000,False,False,False
22827,1.0000,0.0000,False,False,False
22828,1.0000,0.0000,False,False,False
22829,1.0000,0.0000,False,False,False
22830,1.0000,0.0000,False,False,False
22831,1.0000,0.0000,False,False,False
22832,1.0000,0.0000,False,False,False
22833,0.0000,1.0000,False,False,False
22834,1.0000,0.0000,False,False,False
22835,1.0000,0.0000,False,False,False
22836,0.0000,1.0000,False,False,False
22837,1.0000,0.0000,False,False,False
22838,1.0000,0.0000,False,False,False
22839,1.0000,0.0000,False,False,False
22840,0.0000,1.0000,False,False,False
22841,1.0000,0.0000,False,False,False
22842,0.0000,1.0000,False,False,False
22843,0.0000,1.0000,False,False,False
22844,0.0000,1.0000,False,False,False
22845,1.0000,0.0000,False,False,False
22846,1.0000,0.0000,False,False,False
22847,1.0000,0.0000,False,False,False
22848,0.0000,1.0000,False,False,False
22849,0.0000,1.0000,False,False,False
22850,1.0000,0.0000,False,False,False
22851,1.0000,0.0000,False,False,False
22852,1.0000,0.0000,False,False,False
22853,1.0000,0.0000,False,False,False
22854,1.0000,0.0000,False,False,False
22855,1.0000,0.0000,False,False,False
22856,1.0000,0.0000,False,False,False
22857,1.0000,0.0000,False,False,False
22858,1.0000,0.0000,False,False,False
22859,1.0000,0.0000,False,False,False
22860,1.0000,0.0000,False,False,False
22861,0.0000,1.0000,False,False,False
22862,1.0000,0.0000,False,False,False
22863,1.0000,0.0000,False,False,False
22864,0.0000,1.0000,False,False,False
22865,1.0000,0.0000,False,False,False
22866,1.0000,0.0000,False,False,False
22867,1.0000,0.0000,False,False,False
22868,1.0000,0.0000,False,False,False
22869,1.0000,0.0000,False,False,False
22870,1.0000,0.0000,False,False,False
22871,1.0000,0.0000,False,False,False
22872,1.0000,0.0000,False,False,False
22873,0.0000,1.0000,False,False,False
22874,0.0000,1.0000,False,False,False
22875,1.0000,0.0000,False,False,False
22876,0.0000,1.0000,False,False,False
22877,1.0000,0.0000,False,False,False
22878,0.0000,1.0000,False,False,False
22879,1.0000,0.0000,False,False,False
22880,0.0000,1.0000,False,False,False
22881,1.0000,0.0000,False,False,False
22882,1.0000,0.0000,False,False,False
22883,1.0000,0.0000,False,False,False
22884,1.0000,0.0000,False,False,False
22885,1.0000,0.0000,False,False,False
22886,1.0000,0.0000,False,False,False
22887,1.0000,0.0000,False,False,False
22888,0.0000,1.0000,False,False,False
22889,1.0000,0.0000,False,False,False
22890,1.0000,0.0000,False,False,False
22891,1.0000,0.0000,False,False,False
22892,0.0000,1.0000,False,False,False
22893,1.0000,0.0000,False,False,False
22894,1.0000,0.0000,False,False,False
22895,0.0000,1.0000,False,False,False
22896,1.0000,0.0000,False,False,False
22897,0.0000,1.0000,False,False,False
22898,1.0000,0.0000,False,False,False
22899,1.0000,0.0000,False,False,False
22900,1.0000,0.0000,False,False,False
22901,1.0000,0.0000,False,False,False
22902,1.0000,0.0000,False,False,False
22903,1.0000,0.0000,False,False,False
22904,1.0000,0.0000,False,False,False
22905,0.0000,1.0000,False,False,False
22906,0.0000,1.0000,False,False,False
22907,1.0000,0.0000,False,False,False
22908,1.0000,0.0000,False,False,False
22909,0.0000,1.0000,False,False,False
22910,0.0000,1.0000,False,False,False
22911,1.0000,0.0000,False,False,False
22912,1.0000,0.0000,False,False,False
22913,1.0000,0.0000,False,False,False
22914,1.0000,0.0000,False,False,False
22915,1.0000,0.0000,False,False,False
22916,1.0000,0.0000,False,False,False
22917,1.0000,0.0000,False,False,False
22918,0.0000,1.0000,False,False,False
22919,0.0000,1.0000,False,False,False
22920,1.0000,0.0000,False,False,False
22921,0.0000,1.0000,False,False,False
22922,1.0000,0.0000,False,False,False
22923,1.0000,0.0000,False,False,False
22924,1.0000,0.0000,False,False,False
22925,1.0000,0.0000,False,False,False
22926,0.0000,1.0000,False,False,False
22927,0.0000,1.0000,False,False,False
22928,0.0000,1.0000,False,False,False
22929,1.0000,0.0000,False,False,False
22930,1.0000,0.0000,False,False,False
22931,1.0000,0.0000,False,False,False
22932,1.0000,0.0000,False,False,False
22933,1.0000,0.0000,False,False,False
22934,1.0000,0.0000,False,False,False
22935,1.0000,0.0000,False,False,False
22936,1.0000,0.0000,False,False,False
22937,1.0000,0.0000,False,False,False
22938,0.0000,1.0000,False,False,False
22939,1.0000,0.0000,False,False,False
22940,0.0000,1.0000,False,False,False
22941,1.0000,0.0000,False,False,False
22942,1.0000,0.0000,False,False,False
22943,1.0000,0.0000,False,False,False
22944,1.0000,0.0000,False,False,False
22945,0.0000,1.0000,False,False,False
22946,0.0000,1.0000,False,False,False
22947,1.0000,0.0000,False,False,False
22948,0.0000,1.0000,False,False,False
22949,1.0000,0.0000,False,False,False
22950,1.0000,0.0000,False,False,False
22951,1.0000,0.0000,False,False,False
22952,1.0000,0.0000,False,False,False
22953,0.0000,1.0000,False,False,False
22954,0.0000,1.0000,False,False,False
22955,1.0000,0.0000,False,False,False
22956,1.0000,0.0000,False,False,False
22957,1.0000,0.0000,False,False,False
22958,0.0000,1.0000,False,False,False
22959,1.0000,0.0000,False,False,False
22960,1.0000,0.0000,False,False,False
22961,1.0000,0.0000,False,False,False
22962,1.0000,0.0000,False,False,False
22963,1.0000,0.0000,False,False,False
22964,1.0000,0.0000,False,False,False
22965,1.0000,0.0000,False,False,False
22966,1.0000,0.0000,False,False,False
22967,1.0000,0.0000,False,False,False
22968,1.0000,0.0000,False,False,False
22969,1.0000,0.0000,False,False,False
22970,1.0000,0.0000,False,False,False
22971,1.0000,0.0000,False,False,False
22972,1.0000,0.0000,False,False,False
22973,1.0000,0.0000,False,False,False
22974,0.0000,1.0000,False,False,False
22975,0.0000,1.0000,False,False,False
22976,0.0000,1.0000,False,False,False
22977,0.0000,1.0000,False,False,False
22978,1.0000,0.0000,False,False,False
22979,0.0000,1.0000,False,False,False
22980,1.0000,0.0000,False,False,False
22981,1.0000,0.0000,False,False,False
22982,0.0000,1.0000,False,False,False
22983,0.0000,1.0000,False,False,False
22984,0.0000,1.0000,False,False,False
22985,1.0000,0.0000,False,False,False
22986,0.0000,1.0000,False,False,False
22987,0.0000,1.0000,False,False,False
22988,0.0000,1.0000,False,False,False
22989,1.0000,0.0000,False,False,False
22990,0.0000,1.0000,False,False,False
22991,0.0000,1.0000,False,False,False
22992,1.0000,0.0000,False,False,False
22993,1.0000,0.0000,False,False,False
22994,1.0000,0.0000,False,False,False
22995,1.0000,0.0000,False,False,False
22996,0.0000,1.0000,False,False,False
22997,1.0000,0.0000,False,False,False
22998,1.0000,0.0000,False,False,False
22999,1.0000,0.0000,False,False,False
23000,0.0000,1.0000,False,False,False
23001,0.0000,1.0000,False,False,False
23002,0.0000,1.0000,False,False,False
23003,1.0000,0.0000,False,False,False
23004,1.0000,0.0000,False,False,False
23005,1.0000,0.0000,False,False,False
23006,1.0000,0.0000,False,False,False
23007,0.0000,1.0000,False,False,False
23008,1.0000,0.0000,False,False,False
23009,1.0000,0.0000,False,False,False
23010,1.0000,0.0000,False,False,False
23011,1.0000,0.0000,False,False,False
23012,1.0000,0.0000,False,False,False
23013,1.0000,0.0000,False,False,False
23014,0.0000,1.0000,False,False,False
23015,1.0000,0.0000,False,False,False
23016,1.0000,0.0000,False,False,False
23017,1.0000,0.0000,False,False,False
23018,1.0000,0.0000,False,False,False
23019,1.0000,0.0000,False,False,False
23020,0.0000,1.0000,False,False,False
23021,1.0000,0.0000,False,False,False
23022,1.0000,0.0000,False,False,False
23023,0.0000,1.0000,False,False,False
23024,1.0000,0.0000,False,False,False
23025,1.0000,0.0000,False,False,False
23026,1.0000,0.0000,False,False,False
23027,1.0000,0.0000,False,False,False
23028,1.0000,0.0000,False,False,False
23029,1.0000,0.0000,False,False,False
23030,0.0000,1.0000,False,False,False
23031,0.0000,1.0000,False,False,False
23032,0.0000,1.0000,False,False,False
23033,1.0000,0.0000,False,False,False
23034,1.0000,0.0000,False,False,False
23035,1.0000,0.0000,False,False,False
23036,1.0000,0.0000,False,False,False
23037,0.0000,1.0000,False,False,False
23038,1.0000,0.0000,False,False,False
23039,1.0000,0.0000,False,False,False
23040,1.0000,0.0000,False,False,False
23041,1.0000,0.0000,False,False,False
23042,0.0000,1.0000,False,False,False
23043,1.0000,0.0000,False,False,False
23044,1.0000,0.0000,False,False,False
23045,1.0000,0.0000,False,False,False
23046,1.0000,0.0000,False,False,False
23047,1.0000,0.0000,False,False,False
23048,1.0000,0.0000,False,False,False
23049,1.0000,0.0000,False,False,False
23050,1.0000,0.0000,False,False,False
23051,1.0000,0.0000,False,False,False
23052,1.0000,0.0000,False,False,False
23053,1.0000,0.0000,False,False,False
23054,1.0000,0.0000,False,False,False
23055,1.0000,0.0000,False,False,False
23056,0.0000,1.0000,False,False,False
23057,1.0000,0.0000,False,False,False
23058,0.0000,1.0000,False,False,False
23059,1.0000,0.0000,False,False,False
23060,1.0000,0.0000,False,False,False
23061,0.0000,1.0000,False,False,False
23062,0.0000,1.0000,False,False,False
23063,1.0000,0.0000,False,False,False
23064,1.0000,0.0000,False,False,False
23065,1.0000,0.0000,False,False,False
23066,1.0000,0.0000,False,False,False
23067,0.0000,1.0000,False,False,False
23068,1.0000,0.0000,False,False,False
23069,1.0000,0.0000,False,False,False
23070,1.0000,0.0000,False,False,False
23071,1.0000,0.0000,False,False,False
23072,1.0000,0.0000,False,False,False
23073,1.0000,0.0000,False,False,False
23074,1.0000,0.0000,False,False,False
23075,1.0000,0.0000,False,False,False
23076,1.0000,0.0000,False,False,False
23077,1.0000,0.0000,False,False,False
23078,1.0000,0.0000,False,False,False
23079,1.0000,0.0000,False,False,False
23080,1.0000,0.0000,False,False,False
23081,1.0000,0.0000,False,False,False
23082,1.0000,0.0000,False,False,False
23083,1.0000,0.0000,False,False,False
23084,1.0000,0.0000,False,False,False
23085,1.0000,0.0000,False,False,False
23086,1.0000,0.0000,False,False,False
23087,1.0000,0.0000,False,False,False
23088,1.0000,0.0000,False,False,False
23089,1.0000,0.0000,False,False,False
23090,1.0000,0.0000,False,False,False
23091,1.0000,0.0000,False,False,False
23092,1.0000,0.0000,False,False,False
23093,1.0000,0.0000,False,False,False
23094,0.0000,1.0000,False,False,False
23095,1.0000,0.0000,False,False,False
23096,1.0000,0.0000,False,False,False
23097,1.0000,0.0000,False,False,False
23098,1.0000,0.0000,False,False,False
23099,1.0000,0.0000,False,False,False
23100,1.0000,0.0000,False,False,False
23101,1.0000,0.0000,False,False,False
23102,1.0000,0.0000,False,False,False
23103,0.0000,1.0000,False,False,False
23104,0.0000,1.0000,False,False,False
23105,0.0000,1.0000,False,False,False
23106,0.0000,1.0000,False,False,False
23107,1.0000,0.0000,False,False,False
23108,1.0000,0.0000,False,False,False
23109,1.0000,0.0000,False,False,False
23110,1.0000,0.0000,False,False,False
23111,1.0000,0.0000,False,False,False
23112,1.0000,0.0000,False,False,False
23113,1.0000,0.0000,False,False,False
23114,1.0000,0.0000,False,False,False
23115,1.0000,0.0000,False,False,False
23116,0.0000,1.0000,False,False,False
23117,1.0000,0.0000,False,False,False
23118,1.0000,0.0000,False,False,False
23119,1.0000,0.0000,False,False,False
23120,1.0000,0.0000,False,False,False
23121,1.0000,0.0000,False,False,False
23122,0.0000,1.0000,False,False,False
23123,1.0000,0.0000,False,False,False
23124,1.0000,0.0000,False,False,False
23125,1.0000,0.0000,False,False,False
23126,1.0000,0.0000,False,False,False
23127,1.0000,0.0000,False,False,False
23128,1.0000,0.0000,False,False,False
23129,1.0000,0.0000,False,False,False
23130,1.0000,0.0000,False,False,False
23131,0.0000,1.0000,False,False,False
23132,1.0000,0.0000,False,False,False
23133,1.0000,0.0000,False,False,False
23134,1.0000,0.0000,False,False,False
23135,1.0000,0.0000,False,False,False
23136,1.0000,0.0000,False,False,False
23137,1.0000,0.0000,False,False,False
23138,1.0000,0.0000,False,False,False
23139,0.0000,1.0000,False,False,False
23140,1.0000,0.0000,False,False,False
23141,1.0000,0.0000,False,False,False
23142,0.0000,1.0000,False,False,False
23143,1.0000,0.0000,False,False,False
23144,0.0000,1.0000,False,False,False
23145,1.0000,0.0000,False,False,False
23146,1.0000,0.0000,False,False,False
23147,1.0000,0.0000,False,False,False
23148,1.0000,0.0000,False,False,False
23149,1.0000,0.0000,False,False,False
23150,1.0000,0.0000,False,False,False
23151,1.0000,0.0000,False,False,False
23152,1.0000,0.0000,False,False,False
23153,1.0000,0.0000,False,False,False
23154,0.0000,1.0000,False,False,False
23155,0.0000,1.0000,False,False,False
23156,1.0000,0.0000,False,False,False
23157,0.0000,1.0000,False,False,False
23158,1.0000,0.0000,False,False,False
23159,1.0000,0.0000,False,False,False
23160,1.0000,0.0000,False,False,False
23161,1.0000,0.0000,False,False,False
23162,1.0000,0.0000,False,False,False
23163,1.0000,0.0000,False,False,False
23164,1.0000,0.0000,False,False,False
23165,1.0000,0.0000,False,False,False
23166,1.0000,0.0000,False,False,False
23167,1.0000,0.0000,False,False,False
23168,1.0000,0.0000,False,False,False
23169,1.0000,0.0000,False,False,False
23170,1.0000,0.0000,False,False,False
23171,0.0000,1.0000,False,False,False
23172,1.0000,0.0000,False,False,False
23173,1.0000,0.0000,False,False,False
23174,1.0000,0.0000,False,False,False
23175,1.0000,0.0000,False,False,False
23176,1.0000,0.0000,False,False,False
23177,1.0000,0.0000,False,False,False
23178,1.0000,0.0000,False,False,False
23179,1.0000,0.0000,False,False,False
23180,1.0000,0.0000,False,False,False
23181,1.0000,0.0000,False,False,False
23182,0.0000,1.0000,False,False,False
23183,1.0000,0.0000,False,False,False
23184,1.0000,0.0000,False,False,False
23185,0.0000,1.0000,False,False,False
23186,1.0000,0.0000,False,False,False
23187,1.0000,0.0000,False,False,False
23188,1.0000,0.0000,False,False,False
23189,1.0000,0.0000,False,False,False
23190,1.0000,0.0000,False,False,False
23191,0.0000,1.0000,False,False,False
23192,1.0000,0.0000,False,False,False
23193,1.0000,0.0000,False,False,False
23194,1.0000,0.0000,False,False,False
23195,1.0000,0.0000,False,False,False
23196,1.0000,0.0000,False,False,False
23197,1.0000,0.0000,False,False,False
23198,1.0000,0.0000,False,False,False
23199,0.0000,1.0000,False,False,False
23200,1.0000,0.0000,False,False,False
23201,1.0000,0.0000,False,False,False
23202,1.0000,0.0000,False,False,False
23203,1.0000,0.0000,False,False,False
23204,1.0000,0.0000,False,False,False
23205,1.0000,0.0000,False,False,False
23206,1.0000,0.0000,False,False,False
23207,0.0000,1.0000,False,False,False
23208,1.0000,0.0000,False,False,False
23209,1.0000,0.0000,False,False,False
23210,1.0000,0.0000,False,False,False
23211,0.0000,1.0000,False,False,False
23212,1.0000,0.0000,False,False,False
23213,0.0000,1.0000,False,False,False
23214,1.0000,0.0000,False,False,False
23215,1.0000,0.0000,False,False,False
23216,1.0000,0.0000,False,False,False
23217,1.0000,0.0000,False,False,False
23218,1.0000,0.0000,False,False,False
23219,1.0000,0.0000,False,False,False
23220,1.0000,0.0000,False,False,False
23221,0.0000,1.0000,False,False,False
23222,1.0000,0.0000,False,False,False
23223,1.0000,0.0000,False,False,False
23224,1.0000,0.0000,False,False,False
23225,1.0000,0.0000,False,False,False
23226,1.0000,0.0000,False,False,False
23227,0.0000,1.0000,False,False,False
23228,1.0000,0.0000,False,False,False
23229,1.0000,0.0000,False,False,False
23230,0.0000,1.0000,False,False,False
23231,0.0000,1.0000,False,False,False
23232,1.0000,0.0000,False,False,False
23233,0.0000,1.0000,False,False,False
23234,1.0000,0.0000,False,False,False
23235,1.0000,0.0000,False,False,False
23236,1.0000,0.0000,False,False,False
23237,0.0000,1.0000,False,False,False
23238,1.0000,0.0000,False,False,False
23239,1.0000,0.0000,False,False,False
23240,1.0000,0.0000,False,False,False
23241,0.0000,1.0000,False,False,False
23242,1.0000,0.0000,False,False,False
23243,1.0000,0.0000,False,False,False
23244,0.0000,1.0000,False,False,False
23245,0.0000,1.0000,False,False,False
23246,1.0000,0.0000,False,False,False
23247,0.0000,1.0000,False,False,False
23248,1.0000,0.0000,False,False,False
23249,1.0000,0.0000,False,False,False
23250,1.0000,0.0000,False,False,False
23251,0.0000,1.0000,False,False,False
23252,0.0000,1.0000,False,False,False
23253,1.0000,0.0000,False,False,False
23254,1.0000,0.0000,False,False,False
23255,1.0000,0.0000,False,False,False
23256,1.0000,0.0000,False,False,False
23257,1.0000,0.0000,False,False,False
23258,1.0000,0.0000,False,False,False
23259,0.0000,1.0000,False,False,False
23260,0.0000,1.0000,False,False,False
23261,1.0000,0.0000,False,False,False
23262,1.0000,0.0000,False,False,False
23263,1.0000,0.0000,False,False,False
23264,1.0000,0.0000,False,False,False
23265,0.0000,1.0000,False,False,False
23266,1.0000,0.0000,False,False,False
23267,1.0000,0.0000,False,False,False
23268,0.0000,1.0000,False,False,False
23269,0.0000,1.0000,False,False,False
23270,1.0000,0.0000,False,False,False
23271,1.0000,0.0000,False,False,False
23272,1.0000,0.0000,False,False,False
23273,1.0000,0.0000,False,False,False
23274,1.0000,0.0000,False,False,False
23275,1.0000,0.0000,False,False,False
23276,1.0000,0.0000,False,False,False
23277,1.0000,0.0000,False,False,False
23278,0.0000,1.0000,False,False,False
23279,1.0000,0.0000,False,False,False
23280,1.0000,0.0000,False,False,False
23281,1.0000,0.0000,False,False,False
23282,1.0000,0.0000,False,False,False
23283,1.0000,0.0000,False,False,False
23284,1.0000,0.0000,False,False,False
23285,1.0000,0.0000,False,False,False
23286,1.0000,0.0000,False,False,False
23287,1.0000,0.0000,False,False,False
23288,1.0000,0.0000,False,False,False
23289,1.0000,0.0000,False,False,False
23290,1.0000,0.0000,False,False,False
23291,1.0000,0.0000,False,False,False
23292,1.0000,0.0000,False,False,False
23293,1.0000,0.0000,False,False,False
23294,1.0000,0.0000,False,False,False
23295,1.0000,0.0000,False,False,False
23296,1.0000,0.0000,False,False,False
23297,0.0000,1.0000,False,False,False
23298,1.0000,0.0000,False,False,False
23299,0.0000,1.0000,False,False,False
23300,1.0000,0.0000,False,False,False
23301,1.0000,0.0000,False,False,False
23302,1.0000,0.0000,False,False,False
23303,1.0000,0.0000,False,False,False
23304,1.0000,0.0000,False,False,False
23305,1.0000,0.0000,False,False,False
23306,1.0000,0.0000,False,False,False
23307,1.0000,0.0000,False,False,False
23308,1.0000,0.0000,False,False,False
23309,1.0000,0.0000,False,False,False
23310,0.0000,1.0000,False,False,False
23311,1.0000,0.0000,False,False,False
23312,1.0000,0.0000,False,False,False
23313,0.0000,1.0000,False,False,False
23314,0.0000,1.0000,False,False,False
23315,1.0000,0.0000,False,False,False
23316,0.0000,1.0000,False,False,False
23317,0.0000,1.0000,False,False,False
23318,0.0000,1.0000,False,False,False
23319,0.0000,1.0000,False,False,False
23320,1.0000,0.0000,False,False,False
23321,0.0000,1.0000,False,False,False
23322,1.0000,0.0000,False,False,False
23323,0.0000,1.0000,False,False,False
23324,1.0000,0.0000,False,False,False
23325,1.0000,0.0000,False,False,False
23326,0.0000,1.0000,False,False,False
23327,1.0000,0.0000,False,False,False
23328,0.0000,1.0000,False,False,False
23329,0.0000,1.0000,False,False,False
23330,1.0000,0.0000,False,False,False
23331,0.0000,1.0000,False,False,False
23332,1.0000,0.0000,False,False,False
23333,1.0000,0.0000,False,False,False
23334,1.0000,0.0000,False,False,False
23335,1.0000,0.0000,False,False,False
23336,1.0000,0.0000,False,False,False
23337,1.0000,0.0000,False,False,False
23338,1.0000,0.0000,False,False,False
23339,1.0000,0.0000,False,False,False
23340,0.0000,1.0000,False,False,False
23341,0.0000,1.0000,False,False,False
23342,1.0000,0.0000,False,False,False
23343,1.0000,0.0000,False,False,False
23344,1.0000,0.0000,False,False,False
23345,1.0000,0.0000,False,False,False
23346,1.0000,0.0000,False,False,False
23347,1.0000,0.0000,False,False,False
23348,1.0000,0.0000,False,False,False
23349,1.0000,0.0000,False,False,False
23350,1.0000,0.0000,False,False,False
23351,1.0000,0.0000,False,False,False
23352,0.0000,1.0000,False,False,False
23353,1.0000,0.0000,False,False,False
23354,0.0000,1.0000,False,False,False
23355,1.0000,0.0000,False,False,False
23356,0.0000,1.0000,False,False,False
23357,1.0000,0.0000,False,False,False
23358,1.0000,0.0000,False,False,False
23359,1.0000,0.0000,False,False,False
23360,1.0000,0.0000,False,False,False
23361,0.0000,1.0000,False,False,False
23362,1.0000,0.0000,False,False,False
23363,1.0000,0.0000,False,False,False
23364,0.0000,1.0000,False,False,False
23365,1.0000,0.0000,False,False,False
23366,0.0000,1.0000,False,False,False
23367,1.0000,0.0000,False,False,False
23368,1.0000,0.0000,False,False,False
23369,1.0000,0.0000,False,False,False
23370,0.0000,1.0000,False,False,False
23371,1.0000,0.0000,False,False,False
23372,1.0000,0.0000,False,False,False
23373,1.0000,0.0000,False,False,False
23374,0.0000,1.0000,False,False,False
23375,1.0000,0.0000,False,False,False
23376,1.0000,0.0000,False,False,False
23377,1.0000,0.0000,False,False,False
23378,0.0000,1.0000,False,False,False
23379,1.0000,0.0000,False,False,False
23380,1.0000,0.0000,False,False,False
23381,1.0000,0.0000,False,False,False
23382,1.0000,0.0000,False,False,False
23383,1.0000,0.0000,False,False,False
23384,1.0000,0.0000,False,False,False
23385,0.0000,1.0000,False,False,False
23386,1.0000,0.0000,False,False,False
23387,1.0000,0.0000,False,False,False
23388,1.0000,0.0000,False,False,False
23389,1.0000,0.0000,False,False,False
23390,1.0000,0.0000,False,False,False
23391,0.0000,1.0000,False,False,False
23392,0.0000,1.0000,False,False,False
23393,1.0000,0.0000,False,False,False
23394,1.0000,0.0000,False,False,False
23395,1.0000,0.0000,False,False,False
23396,0.0000,1.0000,False,False,False
23397,1.0000,0.0000,False,False,False
23398,0.0000,1.0000,False,False,False
23399,1.0000,0.0000,False,False,False
23400,1.0000,0.0000,False,False,False
23401,1.0000,0.0000,False,False,False
23402,1.0000,0.0000,False,False,False
23403,1.0000,0.0000,False,False,False
23404,1.0000,0.0000,False,False,False
23405,1.0000,0.0000,False,False,False
23406,1.0000,0.0000,False,False,False
23407,1.0000,0.0000,False,False,False
23408,1.0000,0.0000,False,False,False
23409,1.0000,0.0000,False,False,False
23410,1.0000,0.0000,False,False,False
23411,1.0000,0.0000,False,False,False
23412,1.0000,0.0000,False,False,False
23413,1.0000,0.0000,False,False,False
23414,1.0000,0.0000,False,False,False
23415,1.0000,0.0000,False,False,False
23416,1.0000,0.0000,False,False,False
23417,0.0000,1.0000,False,False,False
23418,0.0000,1.0000,False,False,False
23419,1.0000,0.0000,False,False,False
23420,0.0000,1.0000,False,False,False
23421,1.0000,0.0000,False,False,False
23422,1.0000,0.0000,False,False,False
23423,0.0000,1.0000,False,False,False
23424,1.0000,0.0000,False,False,False
23425,1.0000,0.0000,False,False,False
23426,1.0000,0.0000,False,False,False
23427,1.0000,0.0000,False,False,False
23428,1.0000,0.0000,False,False,False
23429,0.0000,1.0000,False,False,False
23430,0.0000,1.0000,False,False,False
23431,1.0000,0.0000,False,False,False
23432,1.0000,0.0000,False,False,False
23433,0.0000,1.0000,False,False,False
23434,1.0000,0.0000,False,False,False
23435,1.0000,0.0000,False,False,False
23436,1.0000,0.0000,False,False,False
23437,1.0000,0.0000,False,False,False
23438,1.0000,0.0000,False,False,False
23439,1.0000,0.0000,False,False,False
23440,1.0000,0.0000,False,False,False
23441,1.0000,0.0000,False,False,False
23442,1.0000,0.0000,False,False,False
23443,1.0000,0.0000,False,False,False
23444,1.0000,0.0000,False,False,False
23445,0.0000,1.0000,False,False,False
23446,1.0000,0.0000,False,False,False
23447,0.0000,1.0000,False,False,False
23448,1.0000,0.0000,False,False,False
23449,0.0000,1.0000,False,False,False
23450,1.0000,0.0000,False,False,False
23451,1.0000,0.0000,False,False,False
23452,0.0000,1.0000,False,False,False
23453,0.0000,1.0000,False,False,False
23454,1.0000,0.0000,False,False,False
23455,1.0000,0.0000,False,False,False
23456,0.0000,1.0000,False,False,False
23457,1.0000,0.0000,False,False,False
23458,1.0000,0.0000,False,False,False
23459,1.0000,0.0000,False,False,False
23460,1.0000,0.0000,False,False,False
23461,1.0000,0.0000,False,False,False
23462,1.0000,0.0000,False,False,False
23463,1.0000,0.0000,False,False,False
23464,1.0000,0.0000,False,False,False
23465,1.0000,0.0000,False,False,False
23466,0.0000,1.0000,False,False,False
23467,1.0000,0.0000,False,False,False
23468,0.0000,1.0000,False,False,False
23469,1.0000,0.0000,False,False,False
23470,1.0000,0.0000,False,False,False
23471,1.0000,0.0000,False,False,False
23472,1.0000,0.0000,False,False,False
23473,1.0000,0.0000,False,False,False
23474,1.0000,0.0000,False,False,False
23475,1.0000,0.0000,False,False,False
23476,1.0000,0.0000,False,False,False
23477,1.0000,0.0000,False,False,False
23478,1.0000,0.0000,False,False,False
23479,1.0000,0.0000,False,False,False
23480,1.0000,0.0000,False,False,False
23481,1.0000,0.0000,False,False,False
23482,1.0000,0.0000,False,False,False
23483,1.0000,0.0000,False,False,False
23484,0.0000,1.0000,False,False,False
23485,0.0000,1.0000,False,False,False
23486,1.0000,0.0000,False,False,False
23487,1.0000,0.0000,False,False,False
23488,0.0000,1.0000,False,False,False
23489,1.0000,0.0000,False,False,False
23490,0.0000,1.0000,False,False,False
23491,1.0000,0.0000,False,False,False
23492,1.0000,0.0000,False,False,False
23493,1.0000,0.0000,False,False,False
23494,0.0000,1.0000,False,False,False
23495,1.0000,0.0000,False,False,False
23496,1.0000,0.0000,False,False,False
23497,1.0000,0.0000,False,False,False
23498,1.0000,0.0000,False,False,False
23499,1.0000,0.0000,False,False,False
23500,1.0000,0.0000,False,False,False
23501,1.0000,0.0000,False,False,False
23502,1.0000,0.0000,False,False,False
23503,1.0000,0.0000,False,False,False
23504,0.0000,1.0000,False,False,False
23505,1.0000,0.0000,False,False,False
23506,1.0000,0.0000,False,False,False
23507,1.0000,0.0000,False,False,False
23508,0.0000,1.0000,False,False,False
23509,1.0000,0.0000,False,False,False
23510,1.0000,0.0000,False,False,False
23511,1.0000,0.0000,False,False,False
23512,1.0000,0.0000,False,False,False
23513,1.0000,0.0000,False,False,False
23514,1.0000,0.0000,False,False,False
23515,1.0000,0.0000,False,False,False
23516,0.0000,1.0000,False,False,False
23517,1.0000,0.0000,False,False,False
23518,1.0000,0.0000,False,False,False
23519,1.0000,0.0000,False,False,False
23520,1.0000,0.0000,False,False,False
23521,1.0000,0.0000,False,False,False
23522,0.0000,1.0000,False,False,False
23523,1.0000,0.0000,False,False,False
23524,1.0000,0.0000,False,False,False
23525,1.0000,0.0000,False,False,False
23526,1.0000,0.0000,False,False,False
23527,1.0000,0.0000,False,False,False
23528,1.0000,0.0000,False,False,False
23529,0.0000,1.0000,False,False,False
23530,1.0000,0.0000,False,False,False
23531,1.0000,0.0000,False,False,False
23532,1.0000,0.0000,False,False,False
23533,1.0000,0.0000,False,False,False
23534,1.0000,0.0000,False,False,False
23535,1.0000,0.0000,False,False,False
23536,0.0000,1.0000,False,False,False
23537,0.0000,1.0000,False,False,False
23538,1.0000,0.0000,False,False,False
23539,0.0000,1.0000,False,False,False
23540,1.0000,0.0000,False,False,False
23541,1.0000,0.0000,False,False,False
23542,1.0000,0.0000,False,False,False
23543,0.0000,1.0000,False,False,False
23544,1.0000,0.0000,False,False,False
23545,0.0000,1.0000,False,False,False
23546,1.0000,0.0000,False,False,False
23547,0.0000,1.0000,False,False,False
23548,1.0000,0.0000,False,False,False
23549,0.0000,1.0000,False,False,False
23550,1.0000,0.0000,False,False,False
23551,1.0000,0.0000,False,False,False
23552,0.0000,1.0000,False,False,False
23553,1.0000,0.0000,False,False,False
23554,1.0000,0.0000,False,False,False
23555,1.0000,0.0000,False,False,False
23556,1.0000,0.0000,False,False,False
23557,1.0000,0.0000,False,False,False
23558,1.0000,0.0000,False,False,False
23559,1.0000,0.0000,False,False,False
23560,1.0000,0.0000,False,False,False
23561,1.0000,0.0000,False,False,False
23562,1.0000,0.0000,False,False,False
23563,0.0000,1.0000,False,False,False
23564,0.0000,1.0000,False,False,False
23565,1.0000,0.0000,False,False,False
23566,0.0000,1.0000,False,False,False
23567,1.0000,0.0000,False,False,False
23568,1.0000,0.0000,False,False,False
23569,1.0000,0.0000,False,False,False
23570,1.0000,0.0000,False,False,False
23571,0.0000,1.0000,False,False,False
23572,1.0000,0.0000,False,False,False
23573,1.0000,0.0000,False,False,False
23574,1.0000,0.0000,False,False,False
23575,1.0000,0.0000,False,False,False
23576,0.0000,1.0000,False,False,False
23577,1.0000,0.0000,False,False,False
23578,0.0000,1.0000,False,False,False
23579,1.0000,0.0000,False,False,False
23580,1.0000,0.0000,False,False,False
23581,1.0000,0.0000,False,False,False
23582,1.0000,0.0000,False,False,False
23583,1.0000,0.0000,False,False,False
23584,1.0000,0.0000,False,False,False
23585,1.0000,0.0000,False,False,False
23586,1.0000,0.0000,False,False,False
23587,1.0000,0.0000,False,False,False
23588,0.0000,1.0000,False,False,False
23589,1.0000,0.0000,False,False,False
23590,1.0000,0.0000,False,False,False
23591,1.0000,0.0000,False,False,False
23592,1.0000,0.0000,False,False,False
23593,1.0000,0.0000,False,False,False
23594,1.0000,0.0000,False,False,False
23595,0.0000,1.0000,False,False,False
23596,1.0000,0.0000,False,False,False
23597,1.0000,0.0000,False,False,False
23598,1.0000,0.0000,False,False,False
23599,1.0000,0.0000,False,False,False
23600,1.0000,0.0000,False,False,False
23601,1.0000,0.0000,False,False,False
23602,1.0000,0.0000,False,False,False
23603,1.0000,0.0000,False,False,False
23604,1.0000,0.0000,False,False,False
23605,1.0000,0.0000,False,False,False
23606,1.0000,0.0000,False,False,False
23607,0.0000,1.0000,False,False,False
23608,0.0000,1.0000,False,False,False
23609,0.0000,1.0000,False,False,False
23610,0.0000,1.0000,False,False,False
23611,1.0000,0.0000,False,False,False
23612,0.0000,1.0000,False,False,False
23613,1.0000,0.0000,False,False,False
23614,1.0000,0.0000,False,False,False
23615,1.0000,0.0000,False,False,False
23616,1.0000,0.0000,False,False,False
23617,0.0000,1.0000,False,False,False
23618,1.0000,0.0000,False,False,False
23619,1.0000,0.0000,False,False,False
23620,0.0000,1.0000,False,False,False
23621,0.0000,1.0000,False,False,False
23622,1.0000,0.0000,False,False,False
23623,1.0000,0.0000,False,False,False
23624,1.0000,0.0000,False,False,False
23625,1.0000,0.0000,False,False,False
23626,1.0000,0.0000,False,False,False
23627,1.0000,0.0000,False,False,False
23628,1.0000,0.0000,False,False,False
23629,0.0000,1.0000,False,False,False
23630,1.0000,0.0000,False,False,False
23631,0.0000,1.0000,False,False,False
23632,1.0000,0.0000,False,False,False
23633,0.0000,1.0000,False,False,False
23634,1.0000,0.0000,False,False,False
23635,0.0000,1.0000,False,False,False
23636,1.0000,0.0000,False,False,False
23637,0.0000,1.0000,False,False,False
23638,1.0000,0.0000,False,False,False
23639,1.0000,0.0000,False,False,False
23640,1.0000,0.0000,False,False,False
23641,0.0000,1.0000,False,False,False
23642,1.0000,0.0000,False,False,False
23643,1.0000,0.0000,False,False,False
23644,1.0000,0.0000,False,False,False
23645,1.0000,0.0000,False,False,False
23646,1.0000,0.0000,False,False,False
23647,1.0000,0.0000,False,False,False
23648,1.0000,0.0000,False,False,False
23649,1.0000,0.0000,False,False,False
23650,1.0000,0.0000,False,False,False
23651,1.0000,0.0000,False,False,False
23652,1.0000,0.0000,False,False,False
23653,1.0000,0.0000,False,False,False
23654,1.0000,0.0000,False,False,False
23655,0.0000,1.0000,False,False,False
23656,1.0000,0.0000,False,False,False
23657,1.0000,0.0000,False,False,False
23658,1.0000,0.0000,False,False,False
23659,1.0000,0.0000,False,False,False
23660,1.0000,0.0000,False,False,False
23661,0.0000,1.0000,False,False,False
23662,1.0000,0.0000,False,False,False
23663,1.0000,0.0000,False,False,False
23664,1.0000,0.0000,False,False,False
23665,1.0000,0.0000,False,False,False
23666,1.0000,0.0000,False,False,False
23667,1.0000,0.0000,False,False,False
23668,1.0000,0.0000,False,False,False
23669,1.0000,0.0000,False,False,False
23670,0.0000,1.0000,False,False,False
23671,1.0000,0.0000,False,False,False
23672,1.0000,0.0000,False,False,False
23673,1.0000,0.0000,False,False,False
23674,1.0000,0.0000,False,False,False
23675,0.0000,1.0000,False,False,False
23676,1.0000,0.0000,False,False,False
23677,0.0000,1.0000,False,False,False
23678,1.0000,0.0000,False,False,False
23679,1.0000,0.0000,False,False,False
23680,1.0000,0.0000,False,False,False
23681,0.0000,1.0000,False,False,False
23682,0.0000,1.0000,False,False,False
23683,1.0000,0.0000,False,False,False
23684,1.0000,0.0000,False,False,False
23685,1.0000,0.0000,False,False,False
23686,1.0000,0.0000,False,False,False
23687,1.0000,0.0000,False,False,False
23688,1.0000,0.0000,False,False,False
23689,1.0000,0.0000,False,False,False
23690,1.0000,0.0000,False,False,False
23691,1.0000,0.0000,False,False,False
23692,0.0000,1.0000,False,False,False
23693,1.0000,0.0000,False,False,False
23694,1.0000,0.0000,False,False,False
23695,0.0000,1.0000,False,False,False
23696,0.0000,1.0000,False,False,False
23697,1.0000,0.0000,False,False,False
23698,1.0000,0.0000,False,False,False
23699,1.0000,0.0000,False,False,False
23700,0.0000,1.0000,False,False,False
23701,0.0000,1.0000,False,False,False
23702,1.0000,0.0000,False,False,False
23703,1.0000,0.0000,False,False,False
23704,1.0000,0.0000,False,False,False
23705,1.0000,0.0000,False,False,False
23706,1.0000,0.0000,False,False,False
23707,1.0000,0.0000,False,False,False
23708,0.0000,1.0000,False,False,False
23709,1.0000,0.0000,False,False,False
23710,1.0000,0.0000,False,False,False
23711,1.0000,0.0000,False,False,False
23712,1.0000,0.0000,False,False,False
23713,0.0000,1.0000,False,False,False
23714,0.0000,1.0000,False,False,False
23715,0.0000,1.0000,False,False,False
23716,0.0000,1.0000,False,False,False
23717,1.0000,0.0000,False,False,False
23718,1.0000,0.0000,False,False,False
23719,1.0000,0.0000,False,False,False
23720,0.0000,1.0000,False,False,False
23721,1.0000,0.0000,False,False,False
23722,1.0000,0.0000,False,False,False
23723,1.0000,0.0000,False,False,False
23724,1.0000,0.0000,False,False,False
23725,0.0000,1.0000,False,False,False
23726,1.0000,0.0000,False,False,False
23727,1.0000,0.0000,False,False,False
23728,1.0000,0.0000,False,False,False
23729,1.0000,0.0000,False,False,False
23730,1.0000,0.0000,False,False,False
23731,1.0000,0.0000,False,False,False
23732,1.0000,0.0000,False,False,False
23733,0.0000,1.0000,False,False,False
23734,1.0000,0.0000,False,False,False
23735,1.0000,0.0000,False,False,False
23736,1.0000,0.0000,False,False,False
23737,1.0000,0.0000,False,False,False
23738,1.0000,0.0000,False,False,False
23739,1.0000,0.0000,False,False,False
23740,0.0000,1.0000,False,False,False
23741,1.0000,0.0000,False,False,False
23742,0.0000,1.0000,False,False,False
23743,0.0000,1.0000,False,False,False
23744,1.0000,0.0000,False,False,False
23745,1.0000,0.0000,False,False,False
23746,1.0000,0.0000,False,False,False
23747,0.0000,1.0000,False,False,False
23748,1.0000,0.0000,False,False,False
23749,1.0000,0.0000,False,False,False
23750,1.0000,0.0000,False,False,False
23751,0.0000,1.0000,False,False,False
23752,0.0000,1.0000,False,False,False
23753,0.0000,1.0000,False,False,False
23754,0.0000,1.0000,False,False,False
23755,1.0000,0.0000,False,False,False
23756,1.0000,0.0000,False,False,False
23757,0.0000,1.0000,False,False,False
23758,1.0000,0.0000,False,False,False
23759,0.0000,1.0000,False,False,False
23760,1.0000,0.0000,False,False,False
23761,1.0000,0.0000,False,False,False
23762,1.0000,0.0000,False,False,False
23763,1.0000,0.0000,False,False,False
23764,0.0000,1.0000,False,False,False
23765,1.0000,0.0000,False,False,False
23766,1.0000,0.0000,False,False,False
23767,0.0000,1.0000,False,False,False
23768,1.0000,0.0000,False,False,False
23769,0.0000,1.0000,False,False,False
23770,1.0000,0.0000,False,False,False
23771,0.0000,1.0000,False,False,False
23772,1.0000,0.0000,False,False,False
23773,0.0000,1.0000,False,False,False
23774,0.0000,1.0000,False,False,False
23775,0.0000,1.0000,False,False,False
23776,1.0000,0.0000,False,False,False
23777,1.0000,0.0000,False,False,False
23778,1.0000,0.0000,False,False,False
23779,1.0000,0.0000,False,False,False
23780,1.0000,0.0000,False,False,False
23781,1.0000,0.0000,False,False,False
23782,1.0000,0.0000,False,False,False
23783,1.0000,0.0000,False,False,False
23784,0.0000,1.0000,False,False,False
23785,1.0000,0.0000,False,False,False
23786,1.0000,0.0000,False,False,False
23787,1.0000,0.0000,False,False,False
23788,0.0000,1.0000,False,False,False
23789,1.0000,0.0000,False,False,False
23790,1.0000,0.0000,False,False,False
23791,1.0000,0.0000,False,False,False
23792,1.0000,0.0000,False,False,False
23793,1.0000,0.0000,False,False,False
23794,0.0000,1.0000,False,False,False
23795,0.0000,1.0000,False,False,False
23796,1.0000,0.0000,False,False,False
23797,1.0000,0.0000,False,False,False
23798,1.0000,0.0000,False,False,False
23799,1.0000,0.0000,False,False,False
23800,1.0000,0.0000,False,False,False
23801,1.0000,0.0000,False,False,False
23802,1.0000,0.0000,False,False,False
23803,1.0000,0.0000,False,False,False
23804,0.0000,1.0000,False,False,False
23805,1.0000,0.0000,False,False,False
23806,1.0000,0.0000,False,False,False
23807,1.0000,0.0000,False,False,False
23808,0.0000,1.0000,False,False,False
23809,0.0000,1.0000,False,False,False
23810,1.0000,0.0000,False,False,False
23811,0.0000,1.0000,False,False,False
23812,1.0000,0.0000,False,False,False
23813,1.0000,0.0000,False,False,False
23814,0.0000,1.0000,False,False,False
23815,0.0000,1.0000,False,False,False
23816,1.0000,0.0000,False,False,False
23817,1.0000,0.0000,False,False,False
23818,1.0000,0.0000,False,False,False
23819,1.0000,0.0000,False,False,False
23820,1.0000,0.0000,False,False,False
23821,1.0000,0.0000,False,False,False
23822,1.0000,0.0000,False,False,False
23823,0.0000,1.0000,False,False,False
23824,1.0000,0.0000,False,False,False
23825,1.0000,0.0000,False,False,False
23826,1.0000,0.0000,False,False,False
23827,1.0000,0.0000,False,False,False
23828,1.0000,0.0000,False,False,False
23829,1.0000,0.0000,False,False,False
23830,1.0000,0.0000,False,False,False
23831,1.0000,0.0000,False,False,False
23832,0.0000,1.0000,False,False,False
23833,1.0000,0.0000,False,False,False
23834,1.0000,0.0000,False,False,False
23835,0.0000,1.0000,False,False,False
23836,1.0000,0.0000,False,False,False
23837,1.0000,0.0000,False,False,False
23838,1.0000,0.0000,False,False,False
23839,1.0000,0.0000,False,False,False
23840,1.0000,0.0000,False,False,False
23841,1.0000,0.0000,False,False,False
23842,1.0000,0.0000,False,False,False
23843,1.0000,0.0000,False,False,False
23844,1.0000,0.0000,False,False,False
23845,1.0000,0.0000,False,False,False
23846,1.0000,0.0000,False,False,False
23847,0.0000,1.0000,False,False,False
23848,1.0000,0.0000,False,False,False
23849,1.0000,0.0000,False,False,False
23850,1.0000,0.0000,False,False,False
23851,1.0000,0.0000,False,False,False
23852,1.0000,0.0000,False,False,False
23853,0.0000,1.0000,False,False,False
23854,1.0000,0.0000,False,False,False
23855,1.0000,0.0000,False,False,False
23856,1.0000,0.0000,False,False,False
23857,1.0000,0.0000,False,False,False
23858,1.0000,0.0000,False,False,False
23859,1.0000,0.0000,False,False,False
23860,0.0000,1.0000,False,False,False
23861,1.0000,0.0000,False,False,False
23862,1.0000,0.0000,False,False,False
23863,0.0000,1.0000,False,False,False
23864,1.0000,0.0000,False,False,False
23865,1.0000,0.0000,False,False,False
23866,1.0000,0.0000,False,False,False
23867,1.0000,0.0000,False,False,False
23868,1.0000,0.0000,False,False,False
23869,1.0000,0.0000,False,False,False
23870,1.0000,0.0000,False,False,False
23871,1.0000,0.0000,False,False,False
23872,1.0000,0.0000,False,False,False
23873,1.0000,0.0000,False,False,False
23874,0.0000,1.0000,False,False,False
23875,1.0000,0.0000,False,False,False
23876,1.0000,0.0000,False,False,False
23877,0.0000,1.0000,False,False,False
23878,1.0000,0.0000,False,False,False
23879,1.0000,0.0000,False,False,False
23880,0.0000,1.0000,False,False,False
23881,1.0000,0.0000,False,False,False
23882,1.0000,0.0000,False,False,False
23883,1.0000,0.0000,False,False,False
23884,0.0000,1.0000,False,False,False
23885,1.0000,0.0000,False,False,False
23886,0.0000,1.0000,False,False,False
23887,1.0000,0.0000,False,False,False
23888,0.0000,1.0000,False,False,False
23889,0.0000,1.0000,False,False,False
23890,0.0000,1.0000,False,False,False
23891,1.0000,0.0000,False,False,False
23892,0.0000,1.0000,False,False,False
23893,1.0000,0.0000,False,False,False
23894,1.0000,0.0000,False,False,False
23895,1.0000,0.0000,False,False,False
23896,1.0000,0.0000,False,False,False
23897,0.0000,1.0000,False,False,False
23898,1.0000,0.0000,False,False,False
23899,1.0000,0.0000,False,False,False
23900,0.0000,1.0000,False,False,False
23901,1.0000,0.0000,False,False,False
23902,1.0000,0.0000,False,False,False
23903,1.0000,0.0000,False,False,False
23904,0.0000,1.0000,False,False,False
23905,1.0000,0.0000,False,False,False
23906,1.0000,0.0000,False,False,False
23907,1.0000,0.0000,False,False,False
23908,1.0000,0.0000,False,False,False
23909,1.0000,0.0000,False,False,False
23910,0.0000,1.0000,False,False,False
23911,1.0000,0.0000,False,False,False
23912,1.0000,0.0000,False,False,False
23913,0.0000,1.0000,False,False,False
23914,1.0000,0.0000,False,False,False
23915,1.0000,0.0000,False,False,False
23916,1.0000,0.0000,False,False,False
23917,1.0000,0.0000,False,False,False
23918,1.0000,0.0000,False,False,False
23919,1.0000,0.0000,False,False,False
23920,1.0000,0.0000,False,False,False
23921,1.0000,0.0000,False,False,False
23922,0.0000,1.0000,False,False,False
23923,0.0000,1.0000,False,False,False
23924,1.0000,0.0000,False,False,False
23925,1.0000,0.0000,False,False,False
23926,1.0000,0.0000,False,False,False
23927,1.0000,0.0000,False,False,False
23928,1.0000,0.0000,False,False,False
23929,1.0000,0.0000,False,False,False
23930,0.0000,1.0000,False,False,False
23931,1.0000,0.0000,False,False,False
23932,1.0000,0.0000,False,False,False
23933,0.0000,1.0000,False,False,False
23934,1.0000,0.0000,False,False,False
23935,1.0000,0.0000,False,False,False
23936,1.0000,0.0000,False,False,False
23937,1.0000,0.0000,False,False,False
23938,1.0000,0.0000,False,False,False
23939,1.0000,0.0000,False,False,False
23940,1.0000,0.0000,False,False,False
23941,1.0000,0.0000,False,False,False
23942,0.0000,1.0000,False,False,False
23943,1.0000,0.0000,False,False,False
23944,1.0000,0.0000,False,False,False
23945,1.0000,0.0000,False,False,False
23946,1.0000,0.0000,False,False,False
23947,0.0000,1.0000,False,False,False
23948,1.0000,0.0000,False,False,False
23949,1.0000,0.0000,False,False,False
23950,1.0000,0.0000,False,False,False
23951,0.0000,1.0000,False,False,False
23952,1.0000,0.0000,False,False,False
23953,1.0000,0.0000,False,False,False
23954,0.0000,1.0000,False,False,False
23955,0.0000,1.0000,False,False,False
23956,1.0000,0.0000,False,False,False
23957,0.0000,1.0000,False,False,False
23958,1.0000,0.0000,False,False,False
23959,1.0000,0.0000,False,False,False
23960,0.0000,1.0000,False,False,False
23961,1.0000,0.0000,False,False,False
23962,1.0000,0.0000,False,False,False
23963,0.0000,1.0000,False,False,False
23964,1.0000,0.0000,False,False,False
23965,1.0000,0.0000,False,False,False
23966,0.0000,1.0000,False,False,False
23967,1.0000,0.0000,False,False,False
23968,1.0000,0.0000,False,False,False
23969,0.0000,1.0000,False,False,False
23970,1.0000,0.0000,False,False,False
23971,1.0000,0.0000,False,False,False
23972,1.0000,0.0000,False,False,False
23973,1.0000,0.0000,False,False,False
23974,1.0000,0.0000,False,False,False
23975,1.0000,0.0000,False,False,False
23976,0.0000,1.0000,False,False,False
23977,1.0000,0.0000,False,False,False
23978,0.0000,1.0000,False,False,False
23979,1.0000,0.0000,False,False,False
23980,1.0000,0.0000,False,False,False
23981,1.0000,0.0000,False,False,False
23982,1.0000,0.0000,False,False,False
23983,1.0000,0.0000,False,False,False
23984,0.0000,1.0000,False,False,False
23985,1.0000,0.0000,False,False,False
23986,1.0000,0.0000,False,False,False
23987,1.0000,0.0000,False,False,False
23988,0.0000,1.0000,False,False,False
23989,0.0000,1.0000,False,False,False
23990,1.0000,0.0000,False,False,False
23991,1.0000,0.0000,False,False,False
23992,1.0000,0.0000,False,False,False
23993,1.0000,0.0000,False,False,False
23994,0.0000,1.0000,False,False,False
23995,1.0000,0.0000,False,False,False
23996,0.0000,1.0000,False,False,False
23997,0.0000,1.0000,False,False,False
23998,0.0000,1.0000,False,False,False
23999,0.0000,1.0000,False,False,False
24000,1.0000,0.0000,False,False,False
24001,0.0000,1.0000,False,False,False
24002,1.0000,0.0000,False,False,False
24003,1.0000,0.0000,False,False,False
24004,1.0000,0.0000,False,False,False
24005,1.0000,0.0000,False,False,False
24006,1.0000,0.0000,False,False,False
24007,1.0000,0.0000,False,False,False
24008,1.0000,0.0000,False,False,False
24009,1.0000,0.0000,False,False,False
24010,1.0000,0.0000,False,False,False
24011,0.0000,1.0000,False,False,False
24012,0.0000,1.0000,False,False,False
24013,1.0000,0.0000,False,False,False
24014,0.0000,1.0000,False,False,False
24015,0.0000,1.0000,False,False,False
24016,1.0000,0.0000,False,False,False
24017,1.0000,0.0000,False,False,False
24018,1.0000,0.0000,False,False,False
24019,1.0000,0.0000,False,False,False
24020,1.0000,0.0000,False,False,False
24021,1.0000,0.0000,False,False,False
24022,1.0000,0.0000,False,False,False
24023,1.0000,0.0000,False,False,False
24024,1.0000,0.0000,False,False,False
24025,1.0000,0.0000,False,False,False
24026,1.0000,0.0000,False,False,False
24027,0.0000,1.0000,False,False,False
24028,1.0000,0.0000,False,False,False
24029,1.0000,0.0000,False,False,False
24030,1.0000,0.0000,False,False,False
24031,1.0000,0.0000,False,False,False
24032,1.0000,0.0000,False,False,False
24033,1.0000,0.0000,False,False,False
24034,1.0000,0.0000,False,False,False
24035,1.0000,0.0000,False,False,False
24036,0.0000,1.0000,False,False,False
24037,1.0000,0.0000,False,False,False
24038,1.0000,0.0000,False,False,False
24039,1.0000,0.0000,False,False,False
24040,1.0000,0.0000,False,False,False
24041,1.0000,0.0000,False,False,False
24042,1.0000,0.0000,False,False,False
24043,0.0000,1.0000,False,False,False
24044,0.0000,1.0000,False,False,False
24045,1.0000,0.0000,False,False,False
24046,0.0000,1.0000,False,False,False
24047,1.0000,0.0000,False,False,False
24048,1.0000,0.0000,False,False,False
24049,1.0000,0.0000,False,False,False
24050,1.0000,0.0000,False,False,False
24051,1.0000,0.0000,False,False,False
24052,1.0000,0.0000,False,False,False
24053,1.0000,0.0000,False,False,False
24054,1.0000,0.0000,False,False,False
24055,1.0000,0.0000,False,False,False
24056,0.0000,1.0000,False,False,False
24057,1.0000,0.0000,False,False,False
24058,1.0000,0.0000,False,False,False
24059,1.0000,0.0000,False,False,False
24060,1.0000,0.0000,False,False,False
24061,1.0000,0.0000,False,False,False
24062,1.0000,0.0000,False,False,False
24063,0.0000,1.0000,False,False,False
24064,1.0000,0.0000,False,False,False
24065,1.0000,0.0000,False,False,False
24066,1.0000,0.0000,False,False,False
24067,1.0000,0.0000,False,False,False
24068,1.0000,0.0000,False,False,False
24069,0.0000,1.0000,False,False,False
24070,1.0000,0.0000,False,False,False
24071,1.0000,0.0000,False,False,False
24072,1.0000,0.0000,False,False,False
24073,0.0000,1.0000,False,False,False
24074,1.0000,0.0000,False,False,False
24075,0.0000,1.0000,False,False,False
24076,1.0000,0.0000,False,False,False
24077,1.0000,0.0000,False,False,False
24078,1.0000,0.0000,False,False,False
24079,1.0000,0.0000,False,False,False
24080,1.0000,0.0000,False,False,False
24081,1.0000,0.0000,False,False,False
24082,1.0000,0.0000,False,False,False
24083,0.0000,1.0000,False,False,False
24084,1.0000,0.0000,False,False,False
24085,0.0000,1.0000,False,False,False
24086,1.0000,0.0000,False,False,False
24087,1.0000,0.0000,False,False,False
24088,1.0000,0.0000,False,False,False
24089,1.0000,0.0000,False,False,False
24090,0.0000,1.0000,False,False,False
24091,1.0000,0.0000,False,False,False
24092,1.0000,0.0000,False,False,False
24093,0.0000,1.0000,False,False,False
24094,1.0000,0.0000,False,False,False
24095,1.0000,0.0000,False,False,False
24096,1.0000,0.0000,False,False,False
24097,0.0000,1.0000,False,False,False
24098,1.0000,0.0000,False,False,False
24099,1.0000,0.0000,False,False,False
24100,0.0000,1.0000,False,False,False
24101,1.0000,0.0000,False,False,False
24102,1.0000,0.0000,False,False,False
24103,1.0000,0.0000,False,False,False
24104,1.0000,0.0000,False,False,False
24105,0.0000,1.0000,False,False,False
24106,1.0000,0.0000,False,False,False
24107,1.0000,0.0000,False,False,False
24108,0.0000,1.0000,False,False,False
24109,0.0000,1.0000,False,False,False
24110,1.0000,0.0000,False,False,False
24111,1.0000,0.0000,False,False,False
24112,1.0000,0.0000,False,False,False
24113,1.0000,0.0000,False,False,False
24114,1.0000,0.0000,False,False,False
24115,0.0000,1.0000,False,False,False
24116,1.0000,0.0000,False,False,False
24117,1.0000,0.0000,False,False,False
24118,1.0000,0.0000,False,False,False
24119,1.0000,0.0000,False,False,False
24120,1.0000,0.0000,False,False,False
24121,1.0000,0.0000,False,False,False
24122,1.0000,0.0000,False,False,False
24123,0.0000,1.0000,False,False,False
24124,1.0000,0.0000,False,False,False
24125,1.0000,0.0000,False,False,False
24126,1.0000,0.0000,False,False,False
24127,1.0000,0.0000,False,False,False
24128,1.0000,0.0000,False,False,False
24129,1.0000,0.0000,False,False,False
24130,1.0000,0.0000,False,False,False
24131,0.0000,1.0000,False,False,False
24132,1.0000,0.0000,False,False,False
24133,1.0000,0.0000,False,False,False
24134,1.0000,0.0000,False,False,False
24135,0.0000,1.0000,False,False,False
24136,0.0000,1.0000,False,False,False
24137,1.0000,0.0000,False,False,False
24138,1.0000,0.0000,False,False,False
24139,1.0000,0.0000,False,False,False
24140,1.0000,0.0000,False,False,False
24141,0.0000,1.0000,False,False,False
24142,0.0000,1.0000,False,False,False
24143,1.0000,0.0000,False,False,False
24144,0.0000,1.0000,False,False,False
24145,1.0000,0.0000,False,False,False
24146,1.0000,0.0000,False,False,False
24147,0.0000,1.0000,False,False,False
24148,1.0000,0.0000,False,False,False
24149,1.0000,0.0000,False,False,False
24150,0.0000,1.0000,False,False,False
24151,1.0000,0.0000,False,False,False
24152,1.0000,0.0000,False,False,False
24153,1.0000,0.0000,False,False,False
24154,0.0000,1.0000,False,False,False
24155,1.0000,0.0000,False,False,False
24156,0.0000,1.0000,False,False,False
24157,1.0000,0.0000,False,False,False
24158,0.0000,1.0000,False,False,False
24159,0.0000,1.0000,False,False,False
24160,0.0000,1.0000,False,False,False
24161,1.0000,0.0000,False,False,False
24162,1.0000,0.0000,False,False,False
24163,1.0000,0.0000,False,False,False
24164,1.0000,0.0000,False,False,False
24165,1.0000,0.0000,False,False,False
24166,0.0000,1.0000,False,False,False
24167,1.0000,0.0000,False,False,False
24168,0.0000,1.0000,False,False,False
24169,0.0000,1.0000,False,False,False
24170,1.0000,0.0000,False,False,False
24171,1.0000,0.0000,False,False,False
24172,0.0000,1.0000,False,False,False
24173,1.0000,0.0000,False,False,False
24174,0.0000,1.0000,False,False,False
24175,1.0000,0.0000,False,False,False
24176,1.0000,0.0000,False,False,False
24177,0.0000,1.0000,False,False,False
24178,1.0000,0.0000,False,False,False
24179,0.0000,1.0000,False,False,False
24180,1.0000,0.0000,False,False,False
24181,1.0000,0.0000,False,False,False
24182,0.0000,1.0000,False,False,False
24183,0.0000,1.0000,False,False,False
24184,1.0000,0.0000,False,False,False
24185,0.0000,1.0000,False,False,False
24186,1.0000,0.0000,False,False,False
24187,1.0000,0.0000,False,False,False
24188,1.0000,0.0000,False,False,False
24189,1.0000,0.0000,False,False,False
24190,1.0000,0.0000,False,False,False
24191,1.0000,0.0000,False,False,False
24192,1.0000,0.0000,False,False,False
24193,0.0000,1.0000,False,False,False
24194,1.0000,0.0000,False,False,False
24195,1.0000,0.0000,False,False,False
24196,1.0000,0.0000,False,False,False
24197,1.0000,0.0000,False,False,False
24198,1.0000,0.0000,False,False,False
24199,1.0000,0.0000,False,False,False
24200,1.0000,0.0000,False,False,False
24201,1.0000,0.0000,False,False,False
24202,1.0000,0.0000,False,False,False
24203,1.0000,0.0000,False,False,False
24204,1.0000,0.0000,False,False,False
24205,0.0000,1.0000,False,False,False
24206,1.0000,0.0000,False,False,False
24207,1.0000,0.0000,False,False,False
24208,1.0000,0.0000,False,False,False
24209,1.0000,0.0000,False,False,False
24210,1.0000,0.0000,False,False,False
24211,0.0000,1.0000,False,False,False
24212,1.0000,0.0000,False,False,False
24213,1.0000,0.0000,False,False,False
24214,0.0000,1.0000,False,False,False
24215,1.0000,0.0000,False,False,False
24216,1.0000,0.0000,False,False,False
24217,0.0000,1.0000,False,False,False
24218,1.0000,0.0000,False,False,False
24219,1.0000,0.0000,False,False,False
24220,1.0000,0.0000,False,False,False
24221,1.0000,0.0000,False,False,False
24222,0.0000,1.0000,False,False,False
24223,1.0000,0.0000,False,False,False
24224,1.0000,0.0000,False,False,False
24225,1.0000,0.0000,False,False,False
24226,1.0000,0.0000,False,False,False
24227,1.0000,0.0000,False,False,False
24228,1.0000,0.0000,False,False,False
24229,1.0000,0.0000,False,False,False
24230,1.0000,0.0000,False,False,False
24231,1.0000,0.0000,False,False,False
24232,1.0000,0.0000,False,False,False
24233,0.0000,1.0000,False,False,False
24234,1.0000,0.0000,False,False,False
24235,1.0000,0.0000,False,False,False
24236,1.0000,0.0000,False,False,False
24237,1.0000,0.0000,False,False,False
24238,0.0000,1.0000,False,False,False
24239,1.0000,0.0000,False,False,False
24240,1.0000,0.0000,False,False,False
24241,1.0000,0.0000,False,False,False
24242,1.0000,0.0000,False,False,False
24243,0.0000,1.0000,False,False,False
24244,1.0000,0.0000,False,False,False
24245,1.0000,0.0000,False,False,False
24246,1.0000,0.0000,False,False,False
24247,1.0000,0.0000,False,False,False
24248,0.0000,1.0000,False,False,False
24249,1.0000,0.0000,False,False,False
24250,1.0000,0.0000,False,False,False
24251,1.0000,0.0000,False,False,False
24252,1.0000,0.0000,False,False,False
24253,1.0000,0.0000,False,False,False
24254,1.0000,0.0000,False,False,False
24255,1.0000,0.0000,False,False,False
24256,1.0000,0.0000,False,False,False
24257,1.0000,0.0000,False,False,False
24258,1.0000,0.0000,False,False,False
24259,1.0000,0.0000,False,False,False
24260,1.0000,0.0000,False,False,False
24261,1.0000,0.0000,False,False,False
24262,1.0000,0.0000,False,False,False
24263,1.0000,0.0000,False,False,False
24264,0.0000,1.0000,False,False,False
24265,1.0000,0.0000,False,False,False
24266,1.0000,0.0000,False,False,False
24267,0.0000,1.0000,False,False,False
24268,1.0000,0.0000,False,False,False
24269,1.0000,0.0000,False,False,False
24270,1.0000,0.0000,False,False,False
24271,1.0000,0.0000,False,False,False
24272,1.0000,0.0000,False,False,False
24273,1.0000,0.0000,False,False,False
24274,1.0000,0.0000,False,False,False
24275,1.0000,0.0000,False,False,False
24276,0.0000,1.0000,False,False,False
24277,1.0000,0.0000,False,False,False
24278,0.0000,1.0000,False,False,False
24279,1.0000,0.0000,False,False,False
24280,1.0000,0.0000,False,False,False
24281,1.0000,0.0000,False,False,False
24282,1.0000,0.0000,False,False,False
24283,0.0000,1.0000,False,False,False
24284,1.0000,0.0000,False,False,False
24285,1.0000,0.0000,False,False,False
24286,0.0000,1.0000,False,False,False
24287,1.0000,0.0000,False,False,False
24288,1.0000,0.0000,False,False,False
24289,1.0000,0.0000,False,False,False
24290,1.0000,0.0000,False,False,False
24291,0.0000,1.0000,False,False,False
24292,1.0000,0.0000,False,False,False
24293,1.0000,0.0000,False,False,False
24294,1.0000,0.0000,False,False,False
24295,1.0000,0.0000,False,False,False
24296,1.0000,0.0000,False,False,False
24297,1.0000,0.0000,False,False,False
24298,1.0000,0.0000,False,False,False
24299,0.0000,1.0000,False,False,False
24300,0.0000,1.0000,False,False,False
24301,1.0000,0.0000,False,False,False
24302,1.0000,0.0000,False,False,False
24303,1.0000,0.0000,False,False,False
24304,1.0000,0.0000,False,False,False
24305,1.0000,0.0000,False,False,False
24306,1.0000,0.0000,False,False,False
24307,0.0000,1.0000,False,False,False
24308,0.0000,1.0000,False,False,False
24309,0.0000,1.0000,False,False,False
24310,1.0000,0.0000,False,False,False
24311,1.0000,0.0000,False,False,False
24312,1.0000,0.0000,False,False,False
24313,1.0000,0.0000,False,False,False
24314,1.0000,0.0000,False,False,False
24315,1.0000,0.0000,False,False,False
24316,1.0000,0.0000,False,False,False
24317,1.0000,0.0000,False,False,False
24318,1.0000,0.0000,False,False,False
24319,1.0000,0.0000,False,False,False
24320,0.0000,1.0000,False,False,False
24321,1.0000,0.0000,False,False,False
24322,1.0000,0.0000,False,False,False
24323,0.0000,1.0000,False,False,False
24324,1.0000,0.0000,False,False,False
24325,1.0000,0.0000,False,False,False
24326,1.0000,0.0000,False,False,False
24327,1.0000,0.0000,False,False,False
24328,0.0000,1.0000,False,False,False
24329,1.0000,0.0000,False,False,False
24330,0.0000,1.0000,False,False,False
24331,1.0000,0.0000,False,False,False
24332,1.0000,0.0000,False,False,False
24333,0.0000,1.0000,False,False,False
24334,0.0000,1.0000,False,False,False
24335,1.0000,0.0000,False,False,False
24336,0.0000,1.0000,False,False,False
24337,0.0000,1.0000,False,False,False
24338,1.0000,0.0000,False,False,False
24339,1.0000,0.0000,False,False,False
24340,1.0000,0.0000,False,False,False
24341,1.0000,0.0000,False,False,False
24342,1.0000,0.0000,False,False,False
24343,1.0000,0.0000,False,False,False
24344,1.0000,0.0000,False,False,False
24345,1.0000,0.0000,False,False,False
24346,1.0000,0.0000,False,False,False
24347,1.0000,0.0000,False,False,False
24348,1.0000,0.0000,False,False,False
24349,1.0000,0.0000,False,False,False
24350,1.0000,0.0000,False,False,False
24351,1.0000,0.0000,False,False,False
24352,1.0000,0.0000,False,False,False
24353,1.0000,0.0000,False,False,False
24354,1.0000,0.0000,False,False,False
24355,1.0000,0.0000,False,False,False
24356,1.0000,0.0000,False,False,False
24357,1.0000,0.0000,False,False,False
24358,1.0000,0.0000,False,False,False
24359,1.0000,0.0000,False,False,False
24360,0.0000,1.0000,False,False,False
24361,1.0000,0.0000,False,False,False
24362,1.0000,0.0000,False,False,False
24363,1.0000,0.0000,False,False,False
24364,1.0000,0.0000,False,False,False
24365,1.0000,0.0000,False,False,False
24366,1.0000,0.0000,False,False,False
24367,0.0000,1.0000,False,False,False
24368,1.0000,0.0000,False,False,False
24369,0.0000,1.0000,False,False,False
24370,1.0000,0.0000,False,False,False
24371,1.0000,0.0000,False,False,False
24372,1.0000,0.0000,False,False,False
24373,1.0000,0.0000,False,False,False
24374,1.0000,0.0000,False,False,False
24375,1.0000,0.0000,False,False,False
24376,1.0000,0.0000,False,False,False
24377,1.0000,0.0000,False,False,False
24378,1.0000,0.0000,False,False,False
24379,1.0000,0.0000,False,False,False
24380,1.0000,0.0000,False,False,False
24381,1.0000,0.0000,False,False,False
24382,1.0000,0.0000,False,False,False
24383,1.0000,0.0000,False,False,False
24384,1.0000,0.0000,False,False,False
24385,1.0000,0.0000,False,False,False
24386,1.0000,0.0000,False,False,False
24387,0.0000,1.0000,False,False,False
24388,1.0000,0.0000,False,False,False
24389,1.0000,0.0000,False,False,False
24390,1.0000,0.0000,False,False,False
24391,1.0000,0.0000,False,False,False
24392,1.0000,0.0000,False,False,False
24393,1.0000,0.0000,False,False,False
24394,1.0000,0.0000,False,False,False
24395,1.0000,0.0000,False,False,False
24396,1.0000,0.0000,False,False,False
24397,1.0000,0.0000,False,False,False
24398,1.0000,0.0000,False,False,False
24399,1.0000,0.0000,False,False,False
24400,1.0000,0.0000,False,False,False
24401,1.0000,0.0000,False,False,False
24402,1.0000,0.0000,False,False,False
24403,1.0000,0.0000,False,False,False
24404,1.0000,0.0000,False,False,False
24405,1.0000,0.0000,False,False,False
24406,0.0000,1.0000,False,False,False
24407,0.0000,1.0000,False,False,False
24408,1.0000,0.0000,False,False,False
24409,0.0000,1.0000,False,False,False
24410,1.0000,0.0000,False,False,False
24411,1.0000,0.0000,False,False,False
24412,0.0000,1.0000,False,False,False
24413,1.0000,0.0000,False,False,False
24414,1.0000,0.0000,False,False,False
24415,0.0000,1.0000,False,False,False
24416,0.0000,1.0000,False,False,False
24417,1.0000,0.0000,False,False,False
24418,0.0000,1.0000,False,False,False
24419,0.0000,1.0000,False,False,False
24420,1.0000,0.0000,False,False,False
24421,1.0000,0.0000,False,False,False
24422,0.0000,1.0000,False,False,False
24423,1.0000,0.0000,False,False,False
24424,1.0000,0.0000,False,False,False
24425,1.0000,0.0000,False,False,False
24426,1.0000,0.0000,False,False,False
24427,1.0000,0.0000,False,False,False
24428,1.0000,0.0000,False,False,False
24429,1.0000,0.0000,False,False,False
24430,1.0000,0.0000,False,False,False
24431,1.0000,0.0000,False,False,False
24432,1.0000,0.0000,False,False,False
24433,1.0000,0.0000,False,False,False
24434,1.0000,0.0000,False,False,False
24435,1.0000,0.0000,False,False,False
24436,1.0000,0.0000,False,False,False
24437,0.0000,1.0000,False,False,False
24438,1.0000,0.0000,False,False,False
24439,0.0000,1.0000,False,False,False
24440,1.0000,0.0000,False,False,False
24441,1.0000,0.0000,False,False,False
24442,1.0000,0.0000,False,False,False
24443,1.0000,0.0000,False,False,False
24444,1.0000,0.0000,False,False,False
24445,1.0000,0.0000,False,False,False
24446,1.0000,0.0000,False,False,False
24447,1.0000,0.0000,False,False,False
24448,1.0000,0.0000,False,False,False
24449,0.0000,1.0000,False,False,False
24450,1.0000,0.0000,False,False,False
24451,1.0000,0.0000,False,False,False
24452,1.0000,0.0000,False,False,False
24453,1.0000,0.0000,False,False,False
24454,0.0000,1.0000,False,False,False
24455,1.0000,0.0000,False,False,False
24456,0.0000,1.0000,False,False,False
24457,1.0000,0.0000,False,False,False
24458,1.0000,0.0000,False,False,False
24459,1.0000,0.0000,False,False,False
24460,1.0000,0.0000,False,False,False
24461,0.0000,1.0000,False,False,False
24462,1.0000,0.0000,False,False,False
24463,1.0000,0.0000,False,False,False
24464,1.0000,0.0000,False,False,False
24465,0.0000,1.0000,False,False,False
24466,1.0000,0.0000,False,False,False
24467,0.0000,1.0000,False,False,False
24468,1.0000,0.0000,False,False,False
24469,0.0000,1.0000,False,False,False
24470,0.0000,1.0000,False,False,False
24471,1.0000,0.0000,False,False,False
24472,1.0000,0.0000,False,False,False
24473,1.0000,0.0000,False,False,False
24474,1.0000,0.0000,False,False,False
24475,1.0000,0.0000,False,False,False
24476,1.0000,0.0000,False,False,False
24477,1.0000,0.0000,False,False,False
24478,1.0000,0.0000,False,False,False
24479,1.0000,0.0000,False,False,False
24480,0.0000,1.0000,False,False,False
24481,1.0000,0.0000,False,False,False
24482,1.0000,0.0000,False,False,False
24483,1.0000,0.0000,False,False,False
24484,1.0000,0.0000,False,False,False
24485,1.0000,0.0000,False,False,False
24486,1.0000,0.0000,False,False,False
24487,1.0000,0.0000,False,False,False
24488,0.0000,1.0000,False,False,False
24489,1.0000,0.0000,False,False,False
24490,1.0000,0.0000,False,False,False
24491,0.0000,1.0000,False,False,False
24492,1.0000,0.0000,False,False,False
24493,1.0000,0.0000,False,False,False
24494,0.0000,1.0000,False,False,False
24495,1.0000,0.0000,False,False,False
24496,1.0000,0.0000,False,False,False
24497,1.0000,0.0000,False,False,False
24498,1.0000,0.0000,False,False,False
24499,1.0000,0.0000,False,False,False
24500,1.0000,0.0000,False,False,False
24501,1.0000,0.0000,False,False,False
24502,1.0000,0.0000,False,False,False
24503,1.0000,0.0000,False,False,False
24504,0.0000,1.0000,False,False,False
24505,1.0000,0.0000,False,False,False
24506,1.0000,0.0000,False,False,False
24507,0.0000,1.0000,False,False,False
24508,1.0000,0.0000,False,False,False
24509,0.0000,1.0000,False,False,False
24510,1.0000,0.0000,False,False,False
24511,1.0000,0.0000,False,False,False
24512,1.0000,0.0000,False,False,False
24513,0.0000,1.0000,False,False,False
24514,1.0000,0.0000,False,False,False
24515,1.0000,0.0000,False,False,False
24516,1.0000,0.0000,False,False,False
24517,1.0000,0.0000,False,False,False
24518,0.0000,1.0000,False,False,False
24519,1.0000,0.0000,False,False,False
24520,1.0000,0.0000,False,False,False
24521,1.0000,0.0000,False,False,False
24522,1.0000,0.0000,False,False,False
24523,1.0000,0.0000,False,False,False
24524,1.0000,0.0000,False,False,False
24525,1.0000,0.0000,False,False,False
24526,1.0000,0.0000,False,False,False
24527,0.0000,1.0000,False,False,False
24528,1.0000,0.0000,False,False,False
24529,1.0000,0.0000,False,False,False
24530,1.0000,0.0000,False,False,False
24531,1.0000,0.0000,False,False,False
24532,1.0000,0.0000,False,False,False
24533,1.0000,0.0000,False,False,False
24534,0.0000,1.0000,False,False,False
24535,1.0000,0.0000,False,False,False
24536,1.0000,0.0000,False,False,False
24537,1.0000,0.0000,False,False,False
24538,0.0000,1.0000,False,False,False
24539,0.0000,1.0000,False,False,False
24540,1.0000,0.0000,False,False,False
24541,0.0000,1.0000,False,False,False
24542,1.0000,0.0000,False,False,False
24543,1.0000,0.0000,False,False,False
24544,1.0000,0.0000,False,False,False
24545,1.0000,0.0000,False,False,False
24546,0.0000,1.0000,False,False,False
24547,1.0000,0.0000,False,False,False
24548,0.0000,1.0000,False,False,False
24549,1.0000,0.0000,False,False,False
24550,1.0000,0.0000,False,False,False
24551,0.0000,1.0000,False,False,False
24552,1.0000,0.0000,False,False,False
24553,0.0000,1.0000,False,False,False
24554,1.0000,0.0000,False,False,False
24555,1.0000,0.0000,False,False,False
24556,1.0000,0.0000,False,False,False
24557,1.0000,0.0000,False,False,False
24558,1.0000,0.0000,False,False,False
24559,1.0000,0.0000,False,False,False
24560,1.0000,0.0000,False,False,False
24561,0.0000,1.0000,False,False,False
24562,1.0000,0.0000,False,False,False
24563,1.0000,0.0000,False,False,False
24564,1.0000,0.0000,False,False,False
24565,1.0000,0.0000,False,False,False
24566,1.0000,0.0000,False,False,False
24567,1.0000,0.0000,False,False,False
24568,1.0000,0.0000,False,False,False
24569,0.0000,1.0000,False,False,False
24570,1.0000,0.0000,False,False,False
24571,1.0000,0.0000,False,False,False
24572,1.0000,0.0000,False,False,False
24573,0.0000,1.0000,False,False,False
24574,1.0000,0.0000,False,False,False
24575,1.0000,0.0000,False,False,False
24576,1.0000,0.0000,False,False,False
24577,1.0000,0.0000,False,False,False
24578,1.0000,0.0000,False,False,False
24579,1.0000,0.0000,False,False,False
24580,0.0000,1.0000,False,False,False
24581,1.0000,0.0000,False,False,False
24582,0.0000,1.0000,False,False,False
24583,1.0000,0.0000,False,False,False
24584,0.0000,1.0000,False,False,False
24585,1.0000,0.0000,False,False,False
24586,1.0000,0.0000,False,False,False
24587,1.0000,0.0000,False,False,False
24588,0.0000,1.0000,False,False,False
24589,1.0000,0.0000,False,False,False
24590,0.0000,1.0000,False,False,False
24591,1.0000,0.0000,False,False,False
24592,1.0000,0.0000,False,False,False
24593,0.0000,1.0000,False,False,False
24594,1.0000,0.0000,False,False,False
24595,1.0000,0.0000,False,False,False
24596,1.0000,0.0000,False,False,False
24597,1.0000,0.0000,False,False,False
24598,1.0000,0.0000,False,False,False
24599,1.0000,0.0000,False,False,False
24600,0.0000,1.0000,False,False,False
24601,1.0000,0.0000,False,False,False
24602,1.0000,0.0000,False,False,False
24603,1.0000,0.0000,False,False,False
24604,1.0000,0.0000,False,False,False
24605,0.0000,1.0000,False,False,False
24606,1.0000,0.0000,False,False,False
24607,0.0000,1.0000,False,False,False
24608,0.0000,1.0000,False,False,False
24609,0.0000,1.0000,False,False,False
24610,0.0000,1.0000,False,False,False
24611,1.0000,0.0000,False,False,False
24612,0.0000,1.0000,False,False,False
24613,1.0000,0.0000,False,False,False
24614,0.0000,1.0000,False,False,False
24615,1.0000,0.0000,False,False,False
24616,0.0000,1.0000,False,False,False
24617,0.0000,1.0000,False,False,False
24618,1.0000,0.0000,False,False,False
24619,1.0000,0.0000,False,False,False
24620,0.0000,1.0000,False,False,False
24621,1.0000,0.0000,False,False,False
24622,1.0000,0.0000,False,False,False
24623,1.0000,0.0000,False,False,False
24624,1.0000,0.0000,False,False,False
24625,0.0000,1.0000,False,False,False
24626,0.0000,1.0000,False,False,False
24627,1.0000,0.0000,False,False,False
24628,0.0000,1.0000,False,False,False
24629,0.0000,1.0000,False,False,False
24630,1.0000,0.0000,False,False,False
24631,1.0000,0.0000,False,False,False
24632,0.0000,1.0000,False,False,False
24633,0.0000,1.0000,False,False,False
24634,1.0000,0.0000,False,False,False
24635,1.0000,0.0000,False,False,False
24636,1.0000,0.0000,False,False,False
24637,0.0000,1.0000,False,False,False
24638,1.0000,0.0000,False,False,False
24639,1.0000,0.0000,False,False,False
24640,1.0000,0.0000,False,False,False
24641,0.0000,1.0000,False,False,False
24642,1.0000,0.0000,False,False,False
24643,1.0000,0.0000,False,False,False
24644,0.0000,1.0000,False,False,False
24645,1.0000,0.0000,False,False,False
24646,1.0000,0.0000,False,False,False
24647,1.0000,0.0000,False,False,False
24648,1.0000,0.0000,False,False,False
24649,1.0000,0.0000,False,False,False
24650,1.0000,0.0000,False,False,False
24651,0.0000,1.0000,False,False,False
24652,1.0000,0.0000,False,False,False
24653,1.0000,0.0000,False,False,False
24654,1.0000,0.0000,False,False,False
24655,0.0000,1.0000,False,False,False
24656,1.0000,0.0000,False,False,False
24657,0.0000,1.0000,False,False,False
24658,1.0000,0.0000,False,False,False
24659,1.0000,0.0000,False,False,False
24660,1.0000,0.0000,False,False,False
24661,1.0000,0.0000,False,False,False
24662,0.0000,1.0000,False,False,False
24663,1.0000,0.0000,False,False,False
24664,1.0000,0.0000,False,False,False
24665,1.0000,0.0000,False,False,False
24666,0.0000,1.0000,False,False,False
24667,1.0000,0.0000,False,False,False
24668,1.0000,0.0000,False,False,False
24669,1.0000,0.0000,False,False,False
24670,1.0000,0.0000,False,False,False
24671,0.0000,1.0000,False,False,False
24672,1.0000,0.0000,False,False,False
24673,1.0000,0.0000,False,False,False
24674,1.0000,0.0000,False,False,False
24675,1.0000,0.0000,False,False,False
24676,0.0000,1.0000,False,False,False
24677,1.0000,0.0000,False,False,False
24678,1.0000,0.0000,False,False,False
24679,0.0000,1.0000,False,False,False
24680,1.0000,0.0000,False,False,False
24681,1.0000,0.0000,False,False,False
24682,1.0000,0.0000,False,False,False
24683,1.0000,0.0000,False,False,False
24684,1.0000,0.0000,False,False,False
24685,1.0000,0.0000,False,False,False
24686,1.0000,0.0000,False,False,False
24687,1.0000,0.0000,False,False,False
24688,1.0000,0.0000,False,False,False
24689,1.0000,0.0000,False,False,False
24690,0.0000,1.0000,False,False,False
24691,1.0000,0.0000,False,False,False
24692,1.0000,0.0000,False,False,False
24693,1.0000,0.0000,False,False,False
24694,1.0000,0.0000,False,False,False
24695,1.0000,0.0000,False,False,False
24696,1.0000,0.0000,False,False,False
24697,0.0000,1.0000,False,False,False
24698,0.0000,1.0000,False,False,False
24699,1.0000,0.0000,False,False,False
24700,1.0000,0.0000,False,False,False
24701,1.0000,0.0000,False,False,False
24702,1.0000,0.0000,False,False,False
24703,1.0000,0.0000,False,False,False
24704,0.0000,1.0000,False,False,False
24705,1.0000,0.0000,False,False,False
24706,0.0000,1.0000,False,False,False
24707,1.0000,0.0000,False,False,False
24708,1.0000,0.0000,False,False,False
24709,1.0000,0.0000,False,False,False
24710,1.0000,0.0000,False,False,False
24711,0.0000,1.0000,False,False,False
24712,0.0000,1.0000,False,False,False
24713,1.0000,0.0000,False,False,False
24714,1.0000,0.0000,False,False,False
24715,1.0000,0.0000,False,False,False
24716,1.0000,0.0000,False,False,False
24717,1.0000,0.0000,False,False,False
24718,1.0000,0.0000,False,False,False
24719,1.0000,0.0000,False,False,False
24720,1.0000,0.0000,False,False,False
24721,0.0000,1.0000,False,False,False
24722,1.0000,0.0000,False,False,False
24723,1.0000,0.0000,False,False,False
24724,0.0000,1.0000,False,False,False
24725,1.0000,0.0000,False,False,False
24726,0.0000,1.0000,False,False,False
24727,1.0000,0.0000,False,False,False
24728,1.0000,0.0000,False,False,False
24729,1.0000,0.0000,False,False,False
24730,0.0000,1.0000,False,False,False
24731,1.0000,0.0000,False,False,False
24732,1.0000,0.0000,False,False,False
24733,1.0000,0.0000,False,False,False
24734,1.0000,0.0000,False,False,False
24735,1.0000,0.0000,False,False,False
24736,1.0000,0.0000,False,False,False
24737,0.0000,1.0000,False,False,False
24738,1.0000,0.0000,False,False,False
24739,1.0000,0.0000,False,False,False
24740,1.0000,0.0000,False,False,False
24741,1.0000,0.0000,False,False,False
24742,1.0000,0.0000,False,False,False
24743,1.0000,0.0000,False,False,False
24744,0.0000,1.0000,False,False,False
24745,1.0000,0.0000,False,False,False
24746,1.0000,0.0000,False,False,False
24747,1.0000,0.0000,False,False,False
24748,1.0000,0.0000,False,False,False
24749,1.0000,0.0000,False,False,False
24750,1.0000,0.0000,False,False,False
24751,1.0000,0.0000,False,False,False
24752,1.0000,0.0000,False,False,False
24753,0.0000,1.0000,False,False,False
24754,1.0000,0.0000,False,False,False
24755,1.0000,0.0000,False,False,False
24756,0.0000,1.0000,False,False,False
24757,1.0000,0.0000,False,False,False
24758,1.0000,0.0000,False,False,False
24759,1.0000,0.0000,False,False,False
24760,1.0000,0.0000,False,False,False
24761,1.0000,0.0000,False,False,False
24762,1.0000,0.0000,False,False,False
24763,1.0000,0.0000,False,False,False
24764,1.0000,0.0000,False,False,False
24765,1.0000,0.0000,False,False,False
24766,0.0000,1.0000,False,False,False
24767,1.0000,0.0000,False,False,False
24768,1.0000,0.0000,False,False,False
24769,1.0000,0.0000,False,False,False
24770,1.0000,0.0000,False,False,False
24771,1.0000,0.0000,False,False,False
24772,1.0000,0.0000,False,False,False
24773,1.0000,0.0000,False,False,False
24774,1.0000,0.0000,False,False,False
24775,0.0000,1.0000,False,False,False
24776,1.0000,0.0000,False,False,False
24777,1.0000,0.0000,False,False,False
24778,1.0000,0.0000,False,False,False
24779,1.0000,0.0000,False,False,False
24780,1.0000,0.0000,False,False,False
24781,1.0000,0.0000,False,False,False
24782,1.0000,0.0000,False,False,False
24783,1.0000,0.0000,False,False,False
24784,1.0000,0.0000,False,False,False
24785,1.0000,0.0000,False,False,False
24786,1.0000,0.0000,False,False,False
24787,1.0000,0.0000,False,False,False
24788,0.0000,1.0000,False,False,False
24789,1.0000,0.0000,False,False,False
24790,1.0000,0.0000,False,False,False
24791,1.0000,0.0000,False,False,False
24792,1.0000,0.0000,False,False,False
24793,1.0000,0.0000,False,False,False
24794,1.0000,0.0000,False,False,False
24795,1.0000,0.0000,False,False,False
24796,0.0000,1.0000,False,False,False
24797,1.0000,0.0000,False,False,False
24798,1.0000,0.0000,False,False,False
24799,1.0000,0.0000,False,False,False
24800,1.0000,0.0000,False,False,False
24801,1.0000,0.0000,False,False,False
24802,0.0000,1.0000,False,False,False
24803,1.0000,0.0000,False,False,False
24804,1.0000,0.0000,False,False,False
24805,1.0000,0.0000,False,False,False
24806,0.0000,1.0000,False,False,False
24807,1.0000,0.0000,False,False,False
24808,1.0000,0.0000,False,False,False
24809,0.0000,1.0000,False,False,False
24810,0.0000,1.0000,False,False,False
24811,1.0000,0.0000,False,False,False
24812,0.0000,1.0000,False,False,False
24813,1.0000,0.0000,False,False,False
24814,0.0000,1.0000,False,False,False
24815,1.0000,0.0000,False,False,False
24816,0.0000,1.0000,False,False,False
24817,1.0000,0.0000,False,False,False
24818,1.0000,0.0000,False,False,False
24819,1.0000,0.0000,False,False,False
24820,1.0000,0.0000,False,False,False
24821,1.0000,0.0000,False,False,False
24822,0.0000,1.0000,False,False,False
24823,1.0000,0.0000,False,False,False
24824,1.0000,0.0000,False,False,False
24825,0.0000,1.0000,False,False,False
24826,1.0000,0.0000,False,False,False
24827,1.0000,0.0000,False,False,False
24828,1.0000,0.0000,False,False,False
24829,1.0000,0.0000,False,False,False
24830,0.0000,1.0000,False,False,False
24831,1.0000,0.0000,False,False,False
24832,1.0000,0.0000,False,False,False
24833,0.0000,1.0000,False,False,False
24834,1.0000,0.0000,False,False,False
24835,0.0000,1.0000,False,False,False
24836,1.0000,0.0000,False,False,False
24837,1.0000,0.0000,False,False,False
24838,1.0000,0.0000,False,False,False
24839,1.0000,0.0000,False,False,False
24840,1.0000,0.0000,False,False,False
24841,1.0000,0.0000,False,False,False
24842,1.0000,0.0000,False,False,False
24843,1.0000,0.0000,False,False,False
24844,1.0000,0.0000,False,False,False
24845,1.0000,0.0000,False,False,False
24846,1.0000,0.0000,False,False,False
24847,1.0000,0.0000,False,False,False
24848,1.0000,0.0000,False,False,False
24849,1.0000,0.0000,False,False,False
24850,1.0000,0.0000,False,False,False
24851,0.0000,1.0000,False,False,False
24852,1.0000,0.0000,False,False,False
24853,1.0000,0.0000,False,False,False
24854,1.0000,0.0000,False,False,False
24855,1.0000,0.0000,False,False,False
24856,1.0000,0.0000,False,False,False
24857,0.0000,1.0000,False,False,False
24858,1.0000,0.0000,False,False,False
24859,1.0000,0.0000,False,False,False
24860,1.0000,0.0000,False,False,False
24861,1.0000,0.0000,False,False,False
24862,1.0000,0.0000,False,False,False
24863,1.0000,0.0000,False,False,False
24864,1.0000,0.0000,False,False,False
24865,0.0000,1.0000,False,False,False
24866,1.0000,0.0000,False,False,False
24867,0.0000,1.0000,False,False,False
24868,1.0000,0.0000,False,False,False
24869,1.0000,0.0000,False,False,False
24870,0.0000,1.0000,False,False,False
24871,1.0000,0.0000,False,False,False
24872,1.0000,0.0000,False,False,False
24873,1.0000,0.0000,False,False,False
24874,1.0000,0.0000,False,False,False
24875,1.0000,0.0000,False,False,False
24876,0.0000,1.0000,False,False,False
24877,1.0000,0.0000,False,False,False
24878,1.0000,0.0000,False,False,False
24879,1.0000,0.0000,False,False,False
24880,0.0000,1.0000,False,False,False
24881,1.0000,0.0000,False,False,False
24882,1.0000,0.0000,False,False,False
24883,1.0000,0.0000,False,False,False
24884,0.0000,1.0000,False,False,False
24885,1.0000,0.0000,False,False,False
24886,1.0000,0.0000,False,False,False
24887,1.0000,0.0000,False,False,False
24888,1.0000,0.0000,False,False,False
24889,1.0000,0.0000,False,False,False
24890,1.0000,0.0000,False,False,False
24891,1.0000,0.0000,False,False,False
24892,1.0000,0.0000,False,False,False
24893,1.0000,0.0000,False,False,False
24894,0.0000,1.0000,False,False,False
24895,1.0000,0.0000,False,False,False
24896,0.0000,1.0000,False,False,False
24897,0.0000,1.0000,False,False,False
24898,1.0000,0.0000,False,False,False
24899,1.0000,0.0000,False,False,False
24900,1.0000,0.0000,False,False,False
24901,0.0000,1.0000,False,False,False
24902,1.0000,0.0000,False,False,False
24903,1.0000,0.0000,False,False,False
24904,1.0000,0.0000,False,False,False
24905,1.0000,0.0000,False,False,False
24906,1.0000,0.0000,False,False,False
24907,1.0000,0.0000,False,False,False
24908,1.0000,0.0000,False,False,False
24909,1.0000,0.0000,False,False,False
24910,1.0000,0.0000,False,False,False
24911,0.0000,1.0000,False,False,False
24912,0.0000,1.0000,False,False,False
24913,0.0000,1.0000,False,False,False
24914,0.0000,1.0000,False,False,False
24915,1.0000,0.0000,False,False,False
24916,1.0000,0.0000,False,False,False
24917,1.0000,0.0000,False,False,False
24918,1.0000,0.0000,False,False,False
24919,1.0000,0.0000,False,False,False
24920,1.0000,0.0000,False,False,False
24921,0.0000,1.0000,False,False,False
24922,1.0000,0.0000,False,False,False
24923,0.0000,1.0000,False,False,False
24924,1.0000,0.0000,False,False,False
24925,1.0000,0.0000,False,False,False
24926,1.0000,0.0000,False,False,False
24927,0.0000,1.0000,False,False,False
24928,0.0000,1.0000,False,False,False
24929,1.0000,0.0000,False,False,False
24930,0.0000,1.0000,False,False,False
24931,1.0000,0.0000,False,False,False
24932,0.0000,1.0000,False,False,False
24933,1.0000,0.0000,False,False,False
24934,1.0000,0.0000,False,False,False
24935,0.0000,1.0000,False,False,False
24936,1.0000,0.0000,False,False,False
24937,1.0000,0.0000,False,False,False
24938,1.0000,0.0000,False,False,False
24939,1.0000,0.0000,False,False,False
24940,1.0000,0.0000,False,False,False
24941,1.0000,0.0000,False,False,False
24942,0.0000,1.0000,False,False,False
24943,1.0000,0.0000,False,False,False
24944,1.0000,0.0000,False,False,False
24945,1.0000,0.0000,False,False,False
24946,1.0000,0.0000,False,False,False
24947,1.0000,0.0000,False,False,False
24948,1.0000,0.0000,False,False,False
24949,0.0000,1.0000,False,False,False
24950,1.0000,0.0000,False,False,False
24951,1.0000,0.0000,False,False,False
24952,0.0000,1.0000,False,False,False
24953,1.0000,0.0000,False,False,False
24954,1.0000,0.0000,False,False,False
24955,0.0000,1.0000,False,False,False
24956,1.0000,0.0000,False,False,False
24957,1.0000,0.0000,False,False,False
24958,0.0000,1.0000,False,False,False
24959,1.0000,0.0000,False,False,False
24960,1.0000,0.0000,False,False,False
24961,1.0000,0.0000,False,False,False
24962,0.0000,1.0000,False,False,False
24963,1.0000,0.0000,False,False,False
24964,1.0000,0.0000,False,False,False
24965,1.0000,0.0000,False,False,False
24966,1.0000,0.0000,False,False,False
24967,1.0000,0.0000,False,False,False
24968,1.0000,0.0000,False,False,False
24969,1.0000,0.0000,False,False,False
24970,1.0000,0.0000,False,False,False
24971,1.0000,0.0000,False,False,False
24972,1.0000,0.0000,False,False,False
24973,1.0000,0.0000,False,False,False
24974,1.0000,0.0000,False,False,False
24975,1.0000,0.0000,False,False,False
24976,0.0000,1.0000,False,False,False
24977,0.0000,1.0000,False,False,False
24978,0.0000,1.0000,False,False,False
24979,1.0000,0.0000,False,False,False
24980,1.0000,0.0000,False,False,False
24981,0.0000,1.0000,False,False,False
24982,0.0000,1.0000,False,False,False
24983,1.0000,0.0000,False,False,False
24984,1.0000,0.0000,False,False,False
24985,1.0000,0.0000,False,False,False
24986,1.0000,0.0000,False,False,False
24987,1.0000,0.0000,False,False,False
24988,1.0000,0.0000,False,False,False
24989,1.0000,0.0000,False,False,False
24990,1.0000,0.0000,False,False,False
24991,1.0000,0.0000,False,False,False
24992,1.0000,0.0000,False,False,False
24993,0.0000,1.0000,False,False,False
24994,1.0000,0.0000,False,False,False
24995,1.0000,0.0000,False,False,False
24996,1.0000,0.0000,False,False,False
24997,1.0000,0.0000,False,False,False
24998,1.0000,0.0000,False,False,False
24999,1.0000,0.0000,False,False,False
25000,1.0000,0.0000,True,True,False
25001,1.0000,0.0000,True,True,False
25002,1.0000,0.0000,True,True,False
25003,1.0000,0.0000,True,True,False
25004,1.0000,0.0000,True,True,False
25005,1.0000,0.0000,True,True,False
25006,1.0000,0.0000,True,True,False
25007,1.0000,0.0000,True,True,False
25008,1.0000,0.0000,True,True,False
25009,1.0000,0.0000,True,True,False
25010,1.0000,0.0000,True,False,True
25011,1.0000,0.0000,False,False,False
25012,0.0000,1.0000,False,False,False
25013,1.0000,0.0000,False,False,False
25014,0.0000,1.0000,False,False,False
25015,1.0000,0.0000,False,False,False
25016,1.0000,0.0000,False,False,False
25017,1.0000,0.0000,False,False,False
25018,1.0000,0.0000,False,False,False
25019,0.0000,1.0000,False,False,False
25020,1.0000,0.0000,False,False,False
25021,1.0000,0.0000,False,False,False
25022,1.0000,0.0000,False,False,False
25023,1.0000,0.0000,False,False,False
25024,1.0000,0.0000,False,False,False
25025,1.0000,0.0000,False,False,False
25026,1.0000,0.0000,False,False,False
25027,1.0000,0.0000,False,False,False
25028,1.0000,0.0000,False,False,False
25029,1.0000,0.0000,False,False,False
25030,1.0000,0.0000,False,False,False
25031,0.0000,1.0000,False,False,False
25032,1.0000,0.0000,False,False,False
25033,1.0000,0.0000,False,False,False
25034,0.0000,1.0000,False,False,False
25035,1.0000,0.0000,False,False,False
25036,1.0000,0.0000,False,False,False
25037,1.0000,0.0000,False,False,False
25038,1.0000,0.0000,False,False,False
25039,1.0000,0.0000,False,False,False
25040,1.0000,0.0000,False,False,False
25041,1.0000,0.0000,False,False,False
25042,1.0000,0.0000,False,False,False
25043,1.0000,0.0000,False,False,False
25044,1.0000,0.0000,False,False,False
25045,1.0000,0.0000,False,False,False
25046,1.0000,0.0000,False,False,False
25047,1.0000,0.0000,False,False,False
25048,1.0000,0.0000,False,False,False
25049,0.0000,1.0000,False,False,False
25050,1.0000,0.0000,False,False,False
25051,1.0000,0.0000,False,False,False
25052,1.0000,0.0000,False,False,False
25053,1.0000,0.0000,False,False,False
25054,1.0000,0.0000,False,False,False
25055,1.0000,0.0000,False,False,False
25056,1.0000,0.0000,False,False,False
25057,1.0000,0.0000,False,False,False
25058,0.0000,1.0000,False,False,False
25059,1.0000,0.0000,False,False,False
25060,1.0000,0.0000,False,False,False
25061,0.0000,1.0000,False,False,False
25062,1.0000,0.0000,False,False,False
25063,1.0000,0.0000,False,False,False
25064,1.0000,0.0000,False,False,False
25065,1.0000,0.0000,False,False,False
25066,1.0000,0.0000,False,False,False
25067,1.0000,0.0000,False,False,False
25068,0.0000,1.0000,False,False,False
25069,1.0000,0.0000,False,False,False
25070,1.0000,0.0000,False,False,False
25071,0.0000,1.0000,False,False,False
25072,1.0000,0.0000,False,False,False
25073,1.0000,0.0000,False,False,False
25074,1.0000,0.0000,False,False,False
25075,0.0000,1.0000,False,False,False
25076,0.0000,1.0000,False,False,False
25077,1.0000,0.0000,False,False,False
25078,1.0000,0.0000,False,False,False
25079,1.0000,0.0000,False,False,False
25080,1.0000,0.0000,False,False,False
25081,0.0000,1.0000,False,False,False
25082,1.0000,0.0000,False,False,False
25083,1.0000,0.0000,False,False,False
25084,1.0000,0.0000,False,False,False
25085,1.0000,0.0000,False,False,False
25086,0.0000,1.0000,False,False,False
25087,0.0000,1.0000,False,False,False
25088,0.0000,1.0000,False,False,False
25089,0.0000,1.0000,False,False,False
25090,1.0000,0.0000,False,False,False
25091,1.0000,0.0000,False,False,False
25092,1.0000,0.0000,False,False,False
25093,1.0000,0.0000,False,False,False
25094,1.0000,0.0000,False,False,False
25095,1.0000,0.0000,False,False,False
25096,1.0000,0.0000,False,False,False
25097,1.0000,0.0000,False,False,False
25098,0.0000,1.0000,False,False,False
25099,0.0000,1.0000,False,False,False
25100,1.0000,0.0000,False,False,False
25101,0.0000,1.0000,False,False,False
25102,1.0000,0.0000,False,False,False
25103,1.0000,0.0000,False,False,False
25104,0.0000,1.0000,False,False,False
25105,1.0000,0.0000,False,False,False
25106,0.0000,1.0000,False,False,False
25107,0.0000,1.0000,False,False,False
25108,1.0000,0.0000,False,False,False
25109,0.0000,1.0000,False,False,False
25110,0.0000,1.0000,False,False,False
25111,1.0000,0.0000,False,False,False
25112,0.0000,1.0000,False,False,False
25113,1.0000,0.0000,False,False,False
25114,0.0000,1.0000,False,False,False
25115,1.0000,0.0000,False,False,False
25116,1.0000,0.0000,False,False,False
25117,0.0000,1.0000,False,False,False
25118,1.0000,0.0000,False,False,False
25119,1.0000,0.0000,False,False,False
25120,0.0000,1.0000,False,False,False
25121,1.0000,0.0000,False,False,False
25122,1.0000,0.0000,False,False,False
25123,1.0000,0.0000,False,False,False
25124,1.0000,0.0000,False,False,False
25125,0.0000,1.0000,False,False,False
25126,1.0000,0.0000,False,False,False
25127,1.0000,0.0000,False,False,False
25128,1.0000,0.0000,False,False,False
25129,1.0000,0.0000,False,False,False
25130,1.0000,0.0000,False,False,False
25131,1.0000,0.0000,False,False,False
25132,1.0000,0.0000,False,False,False
25133,0.0000,1.0000,False,False,False
25134,1.0000,0.0000,False,False,False
25135,1.0000,0.0000,False,False,False
25136,1.0000,0.0000,False,False,False
25137,1.0000,0.0000,False,False,False
25138,1.0000,0.0000,False,False,False
25139,1.0000,0.0000,False,False,False
25140,0.0000,1.0000,False,False,False
25141,1.0000,0.0000,False,False,False
25142,1.0000,0.0000,False,False,False
25143,1.0000,0.0000,False,False,False
25144,1.0000,0.0000,False,False,False
25145,0.0000,1.0000,False,False,False
25146,0.0000,1.0000,False,False,False
25147,0.0000,1.0000,False,False,False
25148,1.0000,0.0000,False,False,False
25149,1.0000,0.0000,False,False,False
25150,1.0000,0.0000,False,False,False
25151,1.0000,0.0000,False,False,False
25152,1.0000,0.0000,False,False,False
25153,1.0000,0.0000,False,False,False
25154,1.0000,0.0000,False,False,False
25155,1.0000,0.0000,False,False,False
25156,1.0000,0.0000,False,False,False
25157,0.0000,1.0000,False,False,False
25158,0.0000,1.0000,False,False,False
25159,1.0000,0.0000,False,False,False
25160,1.0000,0.0000,False,False,False
25161,1.0000,0.0000,False,False,False
25162,1.0000,0.0000,False,False,False
25163,1.0000,0.0000,False,False,False
25164,1.0000,0.0000,False,False,False
25165,1.0000,0.0000,False,False,False
25166,0.0000,1.0000,False,False,False
25167,1.0000,0.0000,False,False,False
25168,1.0000,0.0000,False,False,False
25169,1.0000,0.0000,False,False,False
25170,1.0000,0.0000,False,False,False
25171,1.0000,0.0000,False,False,False
25172,1.0000,0.0000,False,False,False
25173,1.0000,0.0000,False,False,False
25174,0.0000,1.0000,False,False,False
25175,1.0000,0.0000,False,False,False
25176,1.0000,0.0000,False,False,False
25177,1.0000,0.0000,False,False,False
25178,0.0000,1.0000,False,False,False
25179,1.0000,0.0000,False,False,False
25180,1.0000,0.0000,False,False,False
25181,1.0000,0.0000,False,False,False
25182,0.0000,1.0000,False,False,False
25183,1.0000,0.0000,False,False,False
25184,0.0000,1.0000,False,False,False
25185,0.0000,1.0000,False,False,False
25186,1.0000,0.0000,False,False,False
25187,0.0000,1.0000,False,False,False
25188,1.0000,0.0000,False,False,False
25189,0.0000,1.0000,False,False,False
25190,1.0000,0.0000,False,False,False
25191,1.0000,0.0000,False,False,False
25192,1.0000,0.0000,False,False,False
25193,1.0000,0.0000,False,False,False
25194,1.0000,0.0000,False,False,False
25195,1.0000,0.0000,False,False,False
25196,1.0000,0.0000,False,False,False
25197,0.0000,1.0000,False,False,False
25198,0.0000,1.0000,False,False,False
25199,1.0000,0.0000,False,False,False
25200,0.0000,1.0000,False,False,False
25201,1.0000,0.0000,False,False,False
25202,1.0000,0.0000,False,False,False
25203,1.0000,0.0000,False,False,False
25204,1.0000,0.0000,False,False,False
25205,0.0000,1.0000,False,False,False
25206,0.0000,1.0000,False,False,False
25207,1.0000,0.0000,False,False,False
25208,1.0000,0.0000,False,False,False
25209,1.0000,0.0000,False,False,False
25210,0.0000,1.0000,False,False,False
25211,0.0000,1.0000,False,False,False
25212,0.0000,1.0000,False,False,False
25213,1.0000,0.0000,False,False,False
25214,1.0000,0.0000,False,False,False
25215,1.0000,0.0000,False,False,False
25216,0.0000,1.0000,False,False,False
25217,1.0000,0.0000,False,False,False
25218,1.0000,0.0000,False,False,False
25219,1.0000,0.0000,False,False,False
25220,1.0000,0.0000,False,False,False
25221,1.0000,0.0000,False,False,False
25222,1.0000,0.0000,False,False,False
25223,1.0000,0.0000,False,False,False
25224,1.0000,0.0000,False,False,False
25225,1.0000,0.0000,False,False,False
25226,1.0000,0.0000,False,False,False
25227,1.0000,0.0000,False,False,False
25228,1.0000,0.0000,False,False,False
25229,1.0000,0.0000,False,False,False
25230,1.0000,0.0000,False,False,False
25231,1.0000,0.0000,False,False,False
25232,0.0000,1.0000,False,False,False
25233,0.0000,1.0000,False,False,False
25234,0.0000,1.0000,False,False,False
25235,1.0000,0.0000,False,False,False
25236,0.0000,1.0000,False,False,False
25237,1.0000,0.0000,False,False,False
25238,1.0000,0.0000,False,False,False
25239,1.0000,0.0000,False,False,False
25240,1.0000,0.0000,False,False,False
25241,1.0000,0.0000,False,False,False
25242,1.0000,0.0000,False,False,False
25243,0.0000,1.0000,False,False,False
25244,1.0000,0.0000,False,False,False
25245,1.0000,0.0000,False,False,False
25246,1.0000,0.0000,False,False,False
25247,1.0000,0.0000,False,False,False
25248,1.0000,0.0000,False,False,False
25249,1.0000,0.0000,False,False,False
25250,1.0000,0.0000,False,False,False
25251,1.0000,0.0000,False,False,False
25252,1.0000,0.0000,False,False,False
25253,1.0000,0.0000,False,False,False
25254,0.0000,1.0000,False,False,False
25255,0.0000,1.0000,False,False,False
25256,1.0000,0.0000,False,False,False
25257,1.0000,0.0000,False,False,False
25258,1.0000,0.0000,False,False,False
25259,1.0000,0.0000,False,False,False
25260,1.0000,0.0000,False,False,False
25261,1.0000,0.0000,False,False,False
25262,1.0000,0.0000,False,False,False
25263,1.0000,0.0000,False,False,False
25264,0.0000,1.0000,False,False,False
25265,1.0000,0.0000,False,False,False
25266,0.0000,1.0000,False,False,False
25267,1.0000,0.0000,False,False,False
25268,1.0000,0.0000,False,False,False
25269,0.0000,1.0000,False,False,False
25270,1.0000,0.0000,False,False,False
25271,0.0000,1.0000,False,False,False
25272,1.0000,0.0000,False,False,False
25273,1.0000,0.0000,False,False,False
25274,1.0000,0.0000,False,False,False
25275,1.0000,0.0000,False,False,False
25276,1.0000,0.0000,False,False,False
25277,0.0000,1.0000,False,False,False
25278,1.0000,0.0000,False,False,False
25279,1.0000,0.0000,False,False,False
25280,1.0000,0.0000,False,False,False
25281,1.0000,0.0000,False,False,False
25282,1.0000,0.0000,False,False,False
25283,1.0000,0.0000,False,False,False
25284,1.0000,0.0000,False,False,False
25285,1.0000,0.0000,False,False,False
25286,1.0000,0.0000,False,False,False
25287,1.0000,0.0000,False,False,False
25288,0.0000,1.0000,False,False,False
25289,0.0000,1.0000,False,False,False
25290,1.0000,0.0000,False,False,False
25291,1.0000,0.0000,False,False,False
25292,0.0000,1.0000,False,False,False
25293,1.0000,0.0000,False,False,False
25294,0.0000,1.0000,False,False,False
25295,1.0000,0.0000,False,False,False
25296,0.0000,1.0000,False,False,False
25297,1.0000,0.0000,False,False,False
25298,1.0000,0.0000,False,False,False
25299,1.0000,0.0000,False,False,False
25300,1.0000,0.0000,False,False,False
25301,0.0000,1.0000,False,False,False
25302,1.0000,0.0000,False,False,False
25303,1.0000,0.0000,False,False,False
25304,1.0000,0.0000,False,False,False
25305,1.0000,0.0000,False,False,False
25306,1.0000,0.0000,False,False,False
25307,1.0000,0.0000,False,False,False
25308,1.0000,0.0000,False,False,False
25309,0.0000,1.0000,False,False,False
25310,1.0000,0.0000,False,False,False
25311,0.0000,1.0000,False,False,False
25312,0.0000,1.0000,False,False,False
25313,0.0000,1.0000,False,False,False
25314,1.0000,0.0000,False,False,False
25315,1.0000,0.0000,False,False,False
25316,1.0000,0.0000,False,False,False
25317,1.0000,0.0000,False,False,False
25318,1.0000,0.0000,False,False,False
25319,0.0000,1.0000,False,False,False
25320,1.0000,0.0000,False,False,False
25321,1.0000,0.0000,False,False,False
25322,1.0000,0.0000,False,False,False
25323,0.0000,1.0000,False,False,False
25324,1.0000,0.0000,False,False,False
25325,0.0000,1.0000,False,False,False
25326,1.0000,0.0000,False,False,False
25327,1.0000,0.0000,False,False,False
25328,1.0000,0.0000,False,False,False
25329,0.0000,1.0000,False,False,False
25330,1.0000,0.0000,False,False,False
25331,1.0000,0.0000,False,False,False
25332,1.0000,0.0000,False,False,False
25333,1.0000,0.0000,False,False,False
25334,0.0000,1.0000,False,False,False
25335,1.0000,0.0000,False,False,False
25336,0.0000,1.0000,False,False,False
25337,1.0000,0.0000,False,False,False
25338,0.0000,1.0000,False,False,False
25339,1.0000,0.0000,False,False,False
25340,1.0000,0.0000,False,False,False
25341,1.0000,0.0000,False,False,False
25342,1.0000,0.0000,False,False,False
25343,1.0000,0.0000,False,False,False
25344,1.0000,0.0000,False,False,False
25345,1.0000,0.0000,False,False,False
25346,1.0000,0.0000,False,False,False
25347,0.0000,1.0000,False,False,False
25348,1.0000,0.0000,False,False,False
25349,1.0000,0.0000,False,False,False
25350,0.0000,1.0000,False,False,False
25351,0.0000,1.0000,False,False,False
25352,0.0000,1.0000,False,False,False
25353,0.0000,1.0000,False,False,False
25354,0.0000,1.0000,False,False,False
25355,1.0000,0.0000,False,False,False
25356,1.0000,0.0000,False,False,False
25357,1.0000,0.0000,False,False,False
25358,1.0000,0.0000,False,False,False
25359,1.0000,0.0000,False,False,False
25360,1.0000,0.0000,False,False,False
25361,0.0000,1.0000,False,False,False
25362,0.0000,1.0000,False,False,False
25363,1.0000,0.0000,False,False,False
25364,0.0000,1.0000,False,False,False
25365,1.0000,0.0000,False,False,False
25366,1.0000,0.0000,False,False,False
25367,1.0000,0.0000,False,False,False
25368,1.0000,0.0000,False,False,False
25369,1.0000,0.0000,False,False,False
25370,1.0000,0.0000,False,False,False
25371,1.0000,0.0000,False,False,False
25372,1.0000,0.0000,False,False,False
25373,1.0000,0.0000,False,False,False
25374,1.0000,0.0000,False,False,False
25375,0.0000,1.0000,False,False,False
25376,1.0000,0.0000,False,False,False
25377,1.0000,0.0000,False,False,False
25378,1.0000,0.0000,False,False,False
25379,1.0000,0.0000,False,False,False
25380,1.0000,0.0000,False,False,False
25381,1.0000,0.0000,False,False,False
25382,0.0000,1.0000,False,False,False
25383,1.0000,0.0000,False,False,False
25384,1.0000,0.0000,False,False,False
25385,1.0000,0.0000,False,False,False
25386,1.0000,0.0000,False,False,False
25387,0.0000,1.0000,False,False,False
25388,0.0000,1.0000,False,False,False
25389,0.0000,1.0000,False,False,False
25390,0.0000,1.0000,False,False,False
25391,1.0000,0.0000,False,False,False
25392,1.0000,0.0000,False,False,False
25393,1.0000,0.0000,False,False,False
25394,0.0000,1.0000,False,False,False
25395,1.0000,0.0000,False,False,False
25396,1.0000,0.0000,False,False,False
25397,1.0000,0.0000,False,False,False
25398,1.0000,0.0000,False,False,False
25399,0.0000,1.0000,False,False,False
25400,0.0000,1.0000,False,False,False
25401,0.0000,1.0000,False,False,False
25402,1.0000,0.0000,False,False,False
25403,1.0000,0.0000,False,False,False
25404,1.0000,0.0000,False,False,False
25405,1.0000,0.0000,False,False,False
25406,1.0000,0.0000,False,False,False
25407,1.0000,0.0000,False,False,False
25408,1.0000,0.0000,False,False,False
25409,1.0000,0.0000,False,False,False
25410,0.0000,1.0000,False,False,False
25411,1.0000,0.0000,False,False,False
25412,1.0000,0.0000,False,False,False
25413,0.0000,1.0000,False,False,False
25414,1.0000,0.0000,False,False,False
25415,1.0000,0.0000,False,False,False
25416,1.0000,0.0000,False,False,False
25417,1.0000,0.0000,False,False,False
25418,0.0000,1.0000,False,False,False
25419,1.0000,0.0000,False,False,False
25420,1.0000,0.0000,False,False,False
25421,1.0000,0.0000,False,False,False
25422,1.0000,0.0000,False,False,False
25423,1.0000,0.0000,False,False,False
25424,1.0000,0.0000,False,False,False
25425,1.0000,0.0000,False,False,False
25426,1.0000,0.0000,False,False,False
25427,0.0000,1.0000,False,False,False
25428,0.0000,1.0000,False,False,False
25429,1.0000,0.0000,False,False,False
25430,1.0000,0.0000,False,False,False
25431,1.0000,0.0000,False,False,False
25432,1.0000,0.0000,False,False,False
25433,1.0000,0.0000,False,False,False
25434,1.0000,0.0000,False,False,False
25435,1.0000,0.0000,False,False,False
25436,1.0000,0.0000,False,False,False
25437,1.0000,0.0000,False,False,False
25438,1.0000,0.0000,False,False,False
25439,0.0000,1.0000,False,False,False
25440,1.0000,0.0000,False,False,False
25441,1.0000,0.0000,False,False,False
25442,1.0000,0.0000,False,False,False
25443,0.0000,1.0000,False,False,False
25444,0.0000,1.0000,False,False,False
25445,1.0000,0.0000,False,False,False
25446,1.0000,0.0000,False,False,False
25447,0.0000,1.0000,False,False,False
25448,1.0000,0.0000,False,False,False
25449,0.0000,1.0000,False,False,False
25450,1.0000,0.0000,False,False,False
25451,1.0000,0.0000,False,False,False
25452,1.0000,0.0000,False,False,False
25453,1.0000,0.0000,False,False,False
25454,0.0000,1.0000,False,False,False
25455,0.0000,1.0000,False,False,False
25456,1.0000,0.0000,False,False,False
25457,1.0000,0.0000,False,False,False
25458,1.0000,0.0000,False,False,False
25459,1.0000,0.0000,False,False,False
25460,1.0000,0.0000,False,False,False
25461,1.0000,0.0000,False,False,False
25462,1.0000,0.0000,False,False,False
25463,0.0000,1.0000,False,False,False
25464,0.0000,1.0000,False,False,False
25465,1.0000,0.0000,False,False,False
25466,1.0000,0.0000,False,False,False
25467,1.0000,0.0000,False,False,False
25468,0.0000,1.0000,False,False,False
25469,1.0000,0.0000,False,False,False
25470,1.0000,0.0000,False,False,False
25471,1.0000,0.0000,False,False,False
25472,1.0000,0.0000,False,False,False
25473,0.0000,1.0000,False,False,False
25474,1.0000,0.0000,False,False,False
25475,0.0000,1.0000,False,False,False
25476,1.0000,0.0000,False,False,False
25477,0.0000,1.0000,False,False,False
25478,1.0000,0.0000,False,False,False
25479,1.0000,0.0000,False,False,False
25480,1.0000,0.0000,False,False,False
25481,0.0000,1.0000,False,False,False
25482,1.0000,0.0000,False,False,False
25483,0.0000,1.0000,False,False,False
25484,1.0000,0.0000,False,False,False
25485,1.0000,0.0000,False,False,False
25486,1.0000,0.0000,False,False,False
25487,1.0000,0.0000,False,False,False
25488,1.0000,0.0000,False,False,False
25489,0.0000,1.0000,False,False,False
25490,1.0000,0.0000,False,False,False
25491,1.0000,0.0000,False,False,False
25492,1.0000,0.0000,False,False,False
25493,0.0000,1.0000,False,False,False
25494,1.0000,0.0000,False,False,False
25495,1.0000,0.0000,False,False,False
25496,1.0000,0.0000,False,False,False
25497,1.0000,0.0000,False,False,False
25498,1.0000,0.0000,False,False,False
25499,0.0000,1.0000,False,False,False
25500,1.0000,0.0000,False,False,False
25501,0.0000,1.0000,False,False,False
25502,1.0000,0.0000,False,False,False
25503,0.0000,1.0000,False,False,False
25504,1.0000,0.0000,False,False,False
25505,1.0000,0.0000,False,False,False
25506,1.0000,0.0000,False,False,False
25507,1.0000,0.0000,False,False,False
25508,0.0000,1.0000,False,False,False
25509,1.0000,0.0000,False,False,False
25510,1.0000,0.0000,False,False,False
25511,0.0000,1.0000,False,False,False
25512,1.0000,0.0000,False,False,False
25513,1.0000,0.0000,False,False,False
25514,1.0000,0.0000,False,False,False
25515,1.0000,0.0000,False,False,False
25516,1.0000,0.0000,False,False,False
25517,1.0000,0.0000,False,False,False
25518,0.0000,1.0000,False,False,False
25519,1.0000,0.0000,False,False,False
25520,1.0000,0.0000,False,False,False
25521,0.0000,1.0000,False,False,False
25522,0.0000,1.0000,False,False,False
25523,1.0000,0.0000,False,False,False
25524,1.0000,0.0000,False,False,False
25525,1.0000,0.0000,False,False,False
25526,0.0000,1.0000,False,False,False
25527,0.0000,1.0000,False,False,False
25528,1.0000,0.0000,False,False,False
25529,1.0000,0.0000,False,False,False
25530,1.0000,0.0000,False,False,False
25531,0.0000,1.0000,False,False,False
25532,0.0000,1.0000,False,False,False
25533,1.0000,0.0000,False,False,False
25534,1.0000,0.0000,False,False,False
25535,1.0000,0.0000,False,False,False
25536,1.0000,0.0000,False,False,False
25537,1.0000,0.0000,False,False,False
25538,0.0000,1.0000,False,False,False
25539,0.0000,1.0000,False,False,False
25540,1.0000,0.0000,False,False,False
25541,1.0000,0.0000,False,False,False
25542,0.0000,1.0000,False,False,False
25543,1.0000,0.0000,False,False,False
25544,0.0000,1.0000,False,False,False
25545,0.0000,1.0000,False,False,False
25546,1.0000,0.0000,False,False,False
25547,1.0000,0.0000,False,False,False
25548,1.0000,0.0000,False,False,False
25549,1.0000,0.0000,False,False,False
25550,0.0000,1.0000,False,False,False
25551,1.0000,0.0000,False,False,False
25552,1.0000,0.0000,False,False,False
25553,1.0000,0.0000,False,False,False
25554,0.0000,1.0000,False,False,False
25555,1.0000,0.0000,False,False,False
25556,1.0000,0.0000,False,False,False
25557,1.0000,0.0000,False,False,False
25558,1.0000,0.0000,False,False,False
25559,1.0000,0.0000,False,False,False
25560,0.0000,1.0000,False,False,False
25561,1.0000,0.0000,False,False,False
25562,1.0000,0.0000,False,False,False
25563,1.0000,0.0000,False,False,False
25564,1.0000,0.0000,False,False,False
25565,1.0000,0.0000,False,False,False
25566,1.0000,0.0000,False,False,False
25567,0.0000,1.0000,False,False,False
25568,0.0000,1.0000,False,False,False
25569,1.0000,0.0000,False,False,False
25570,1.0000,0.0000,False,False,False
25571,1.0000,0.0000,False,False,False
25572,1.0000,0.0000,False,False,False
25573,1.0000,0.0000,False,False,False
25574,1.0000,0.0000,False,False,False
25575,1.0000,0.0000,False,False,False
25576,1.0000,0.0000,False,False,False
25577,0.0000,1.0000,False,False,False
25578,1.0000,0.0000,False,False,False
25579,1.0000,0.0000,False,False,False
25580,1.0000,0.0000,False,False,False
25581,1.0000,0.0000,False,False,False
25582,1.0000,0.0000,False,False,False
25583,1.0000,0.0000,False,False,False
25584,1.0000,0.0000,False,False,False
25585,0.0000,1.0000,False,False,False
25586,1.0000,0.0000,False,False,False
25587,0.0000,1.0000,False,False,False
25588,1.0000,0.0000,False,False,False
25589,0.0000,1.0000,False,False,False
25590,1.0000,0.0000,False,False,False
25591,1.0000,0.0000,False,False,False
25592,1.0000,0.0000,False,False,False
25593,1.0000,0.0000,False,False,False
25594,1.0000,0.0000,False,False,False
25595,1.0000,0.0000,False,False,False
25596,1.0000,0.0000,False,False,False
25597,1.0000,0.0000,False,False,False
25598,1.0000,0.0000,False,False,False
25599,1.0000,0.0000,False,False,False
25600,1.0000,0.0000,False,False,False
25601,0.0000,1.0000,False,False,False
25602,0.0000,1.0000,False,False,False
25603,1.0000,0.0000,False,False,False
25604,1.0000,0.0000,False,False,False
25605,1.0000,0.0000,False,False,False
25606,1.0000,0.0000,False,False,False
25607,0.0000,1.0000,False,False,False
25608,0.0000,1.0000,False,False,False
25609,0.0000,1.0000,False,False,False
25610,0.0000,1.0000,False,False,False
25611,1.0000,0.0000,False,False,False
25612,1.0000,0.0000,False,False,False
25613,1.0000,0.0000,False,False,False
25614,0.0000,1.0000,False,False,False
25615,1.0000,0.0000,False,False,False
25616,1.0000,0.0000,False,False,False
25617,1.0000,0.0000,False,False,False
25618,1.0000,0.0000,False,False,False
25619,1.0000,0.0000,False,False,False
25620,1.0000,0.0000,False,False,False
25621,1.0000,0.0000,False,False,False
25622,1.0000,0.0000,False,False,False
25623,1.0000,0.0000,False,False,False
25624,1.0000,0.0000,False,False,False
25625,1.0000,0.0000,False,False,False
25626,1.0000,0.0000,False,False,False
25627,1.0000,0.0000,False,False,False
25628,1.0000,0.0000,False,False,False
25629,1.0000,0.0000,False,False,False
25630,0.0000,1.0000,False,False,False
25631,1.0000,0.0000,False,False,False
25632,1.0000,0.0000,False,False,False
25633,1.0000,0.0000,False,False,False
25634,0.0000,1.0000,False,False,False
25635,1.0000,0.0000,False,False,False
25636,0.0000,1.0000,False,False,False
25637,1.0000,0.0000,False,False,False
25638,1.0000,0.0000,False,False,False
25639,0.0000,1.0000,False,False,False
25640,1.0000,0.0000,False,False,False
25641,1.0000,0.0000,False,False,False
25642,1.0000,0.0000,False,False,False
25643,0.0000,1.0000,False,False,False
25644,1.0000,0.0000,False,False,False
25645,0.0000,1.0000,False,False,False
25646,1.0000,0.0000,False,False,False
25647,0.0000,1.0000,False,False,False
25648,1.0000,0.0000,False,False,False
25649,1.0000,0.0000,False,False,False
25650,1.0000,0.0000,False,False,False
25651,1.0000,0.0000,False,False,False
25652,1.0000,0.0000,False,False,False
25653,0.0000,1.0000,False,False,False
25654,1.0000,0.0000,False,False,False
25655,0.0000,1.0000,False,False,False
25656,0.0000,1.0000,False,False,False
25657,1.0000,0.0000,False,False,False
25658,1.0000,0.0000,False,False,False
25659,1.0000,0.0000,False,False,False
25660,1.0000,0.0000,False,False,False
25661,0.0000,1.0000,False,False,False
25662,0.0000,1.0000,False,False,False
25663,0.0000,1.0000,False,False,False
25664,1.0000,0.0000,False,False,False
25665,0.0000,1.0000,False,False,False
25666,1.0000,0.0000,False,False,False
25667,0.0000,1.0000,False,False,False
25668,1.0000,0.0000,False,False,False
25669,1.0000,0.0000,False,False,False
25670,1.0000,0.0000,False,False,False
25671,0.0000,1.0000,False,False,False
25672,0.0000,1.0000,False,False,False
25673,0.0000,1.0000,False,False,False
25674,0.0000,1.0000,False,False,False
25675,0.0000,1.0000,False,False,False
25676,0.0000,1.0000,False,False,False
25677,1.0000,0.0000,False,False,False
25678,1.0000,0.0000,False,False,False
25679,1.0000,0.0000,False,False,False
25680,1.0000,0.0000,False,False,False
25681,0.0000,1.0000,False,False,False
25682,0.0000,1.0000,False,False,False
25683,1.0000,0.0000,False,False,False
25684,1.0000,0.0000,False,False,False
25685,1.0000,0.0000,False,False,False
25686,0.0000,1.0000,False,False,False
25687,1.0000,0.0000,False,False,False
25688,1.0000,0.0000,False,False,False
25689,1.0000,0.0000,False,False,False
25690,1.0000,0.0000,False,False,False
25691,1.0000,0.0000,False,False,False
25692,1.0000,0.0000,False,False,False
25693,0.0000,1.0000,False,False,False
25694,1.0000,0.0000,False,False,False
25695,1.0000,0.0000,False,False,False
25696,1.0000,0.0000,False,False,False
25697,1.0000,0.0000,False,False,False
25698,1.0000,0.0000,False,False,False
25699,1.0000,0.0000,False,False,False
25700,1.0000,0.0000,False,False,False
25701,1.0000,0.0000,False,False,False
25702,1.0000,0.0000,False,False,False
25703,1.0000,0.0000,False,False,False
25704,1.0000,0.0000,False,False,False
25705,1.0000,0.0000,False,False,False
25706,1.0000,0.0000,False,False,False
25707,1.0000,0.0000,False,False,False
25708,1.0000,0.0000,False,False,False
25709,1.0000,0.0000,False,False,False
25710,0.0000,1.0000,False,False,False
25711,1.0000,0.0000,False,False,False
25712,1.0000,0.0000,False,False,False
25713,1.0000,0.0000,False,False,False
25714,1.0000,0.0000,False,False,False
25715,0.0000,1.0000,False,False,False
25716,0.0000,1.0000,False,False,False
25717,0.0000,1.0000,False,False,False
25718,1.0000,0.0000,False,False,False
25719,1.0000,0.0000,False,False,False
25720,1.0000,0.0000,False,False,False
25721,1.0000,0.0000,False,False,False
25722,1.0000,0.0000,False,False,False
25723,1.0000,0.0000,False,False,False
25724,1.0000,0.0000,False,False,False
25725,1.0000,0.0000,False,False,False
25726,1.0000,0.0000,False,False,False
25727,1.0000,0.0000,False,False,False
25728,1.0000,0.0000,False,False,False
25729,1.0000,0.0000,False,False,False
25730,1.0000,0.0000,False,False,False
25731,0.0000,1.0000,False,False,False
25732,1.0000,0.0000,False,False,False
25733,0.0000,1.0000,False,False,False
25734,1.0000,0.0000,False,False,False
25735,1.0000,0.0000,False,False,False
25736,0.0000,1.0000,False,False,False
25737,1.0000,0.0000,False,False,False
25738,0.0000,1.0000,False,False,False
25739,1.0000,0.0000,False,False,False
25740,1.0000,0.0000,False,False,False
25741,0.0000,1.0000,False,False,False
25742,0.0000,1.0000,False,False,False
25743,1.0000,0.0000,False,False,False
25744,1.0000,0.0000,False,False,False
25745,1.0000,0.0000,False,False,False
25746,1.0000,0.0000,False,False,False
25747,1.0000,0.0000,False,False,False
25748,1.0000,0.0000,False,False,False
25749,1.0000,0.0000,False,False,False
25750,1.0000,0.0000,False,False,False
25751,0.0000,1.0000,False,False,False
25752,0.0000,1.0000,False,False,False
25753,1.0000,0.0000,False,False,False
25754,0.0000,1.0000,False,False,False
25755,1.0000,0.0000,False,False,False
25756,0.0000,1.0000,False,False,False
25757,1.0000,0.0000,False,False,False
25758,1.0000,0.0000,False,False,False
25759,1.0000,0.0000,False,False,False
25760,1.0000,0.0000,False,False,False
25761,1.0000,0.0000,False,False,False
25762,1.0000,0.0000,False,False,False
25763,1.0000,0.0000,False,False,False
25764,1.0000,0.0000,False,False,False
25765,1.0000,0.0000,False,False,False
25766,1.0000,0.0000,False,False,False
25767,1.0000,0.0000,False,False,False
25768,1.0000,0.0000,False,False,False
25769,0.0000,1.0000,False,False,False
25770,1.0000,0.0000,False,False,False
25771,0.0000,1.0000,False,False,False
25772,1.0000,0.0000,False,False,False
25773,0.0000,1.0000,False,False,False
25774,1.0000,0.0000,False,False,False
25775,1.0000,0.0000,False,False,False
25776,1.0000,0.0000,False,False,False
25777,1.0000,0.0000,False,False,False
25778,0.0000,1.0000,False,False,False
25779,1.0000,0.0000,False,False,False
25780,1.0000,0.0000,False,False,False
25781,1.0000,0.0000,False,False,False
25782,1.0000,0.0000,False,False,False
25783,1.0000,0.0000,False,False,False
25784,1.0000,0.0000,False,False,False
25785,1.0000,0.0000,False,False,False
25786,1.0000,0.0000,False,False,False
25787,1.0000,0.0000,False,False,False
25788,0.0000,1.0000,False,False,False
25789,1.0000,0.0000,False,False,False
25790,1.0000,0.0000,False,False,False
25791,1.0000,0.0000,False,False,False
25792,1.0000,0.0000,False,False,False
25793,1.0000,0.0000,False,False,False
25794,1.0000,0.0000,False,False,False
25795,1.0000,0.0000,False,False,False
25796,0.0000,1.0000,False,False,False
25797,1.0000,0.0000,False,False,False
25798,0.0000,1.0000,False,False,False
25799,1.0000,0.0000,False,False,False
25800,1.0000,0.0000,False,False,False
25801,0.0000,1.0000,False,False,False
25802,1.0000,0.0000,False,False,False
25803,0.0000,1.0000,False,False,False
25804,0.0000,1.0000,False,False,False
25805,1.0000,0.0000,False,False,False
25806,1.0000,0.0000,False,False,False
25807,1.0000,0.0000,False,False,False
25808,1.0000,0.0000,False,False,False
25809,1.0000,0.0000,False,False,False
25810,1.0000,0.0000,False,False,False
25811,0.0000,1.0000,False,False,False
25812,1.0000,0.0000,False,False,False
25813,1.0000,0.0000,False,False,False
25814,0.0000,1.0000,False,False,False
25815,1.0000,0.0000,False,False,False
25816,1.0000,0.0000,False,False,False
25817,1.0000,0.0000,False,False,False
25818,1.0000,0.0000,False,False,False
25819,1.0000,0.0000,False,False,False
25820,1.0000,0.0000,False,False,False
25821,1.0000,0.0000,False,False,False
25822,1.0000,0.0000,False,False,False
25823,0.0000,1.0000,False,False,False
25824,1.0000,0.0000,False,False,False
25825,1.0000,0.0000,False,False,False
25826,1.0000,0.0000,False,False,False
25827,0.0000,1.0000,False,False,False
25828,1.0000,0.0000,False,False,False
25829,1.0000,0.0000,False,False,False
25830,1.0000,0.0000,False,False,False
25831,1.0000,0.0000,False,False,False
25832,1.0000,0.0000,False,False,False
25833,1.0000,0.0000,False,False,False
25834,1.0000,0.0000,False,False,False
25835,1.0000,0.0000,False,False,False
25836,1.0000,0.0000,False,False,False
25837,1.0000,0.0000,False,False,False
25838,1.0000,0.0000,False,False,False
25839,1.0000,0.0000,False,False,False
25840,1.0000,0.0000,False,False,False
25841,1.0000,0.0000,False,False,False
25842,0.0000,1.0000,False,False,False
25843,1.0000,0.0000,False,False,False
25844,0.0000,1.0000,False,False,False
25845,0.0000,1.0000,False,False,False
25846,1.0000,0.0000,False,False,False
25847,1.0000,0.0000,False,False,False
25848,1.0000,0.0000,False,False,False
25849,1.0000,0.0000,False,False,False
25850,1.0000,0.0000,False,False,False
25851,1.0000,0.0000,False,False,False
25852,0.0000,1.0000,False,False,False
25853,1.0000,0.0000,False,False,False
25854,1.0000,0.0000,False,False,False
25855,1.0000,0.0000,False,False,False
25856,0.0000,1.0000,False,False,False
25857,1.0000,0.0000,False,False,False
25858,0.0000,1.0000,False,False,False
25859,0.0000,1.0000,False,False,False
25860,0.0000,1.0000,False,False,False
25861,0.0000,1.0000,False,False,False
25862,1.0000,0.0000,False,False,False
25863,1.0000,0.0000,False,False,False
25864,1.0000,0.0000,False,False,False
25865,1.0000,0.0000,False,False,False
25866,1.0000,0.0000,False,False,False
25867,1.0000,0.0000,False,False,False
25868,1.0000,0.0000,False,False,False
25869,0.0000,1.0000,False,False,False
25870,0.0000,1.0000,False,False,False
25871,1.0000,0.0000,False,False,False
25872,0.0000,1.0000,False,False,False
25873,1.0000,0.0000,False,False,False
25874,0.0000,1.0000,False,False,False
25875,1.0000,0.0000,False,False,False
25876,1.0000,0.0000,False,False,False
25877,0.0000,1.0000,False,False,False
25878,1.0000,0.0000,False,False,False
25879,0.0000,1.0000,False,False,False
25880,0.0000,1.0000,False,False,False
25881,1.0000,0.0000,False,False,False
25882,1.0000,0.0000,False,False,False
25883,1.0000,0.0000,False,False,False
25884,1.0000,0.0000,False,False,False
25885,0.0000,1.0000,False,False,False
25886,1.0000,0.0000,False,False,False
25887,0.0000,1.0000,False,False,False
25888,1.0000,0.0000,False,False,False
25889,1.0000,0.0000,False,False,False
25890,1.0000,0.0000,False,False,False
25891,0.0000,1.0000,False,False,False
25892,1.0000,0.0000,False,False,False
25893,1.0000,0.0000,False,False,False
25894,0.0000,1.0000,False,False,False
25895,0.0000,1.0000,False,False,False
25896,1.0000,0.0000,False,False,False
25897,0.0000,1.0000,False,False,False
25898,1.0000,0.0000,False,False,False
25899,1.0000,0.0000,False,False,False
25900,0.0000,1.0000,False,False,False
25901,1.0000,0.0000,False,False,False
25902,1.0000,0.0000,False,False,False
25903,1.0000,0.0000,False,False,False
25904,0.0000,1.0000,False,False,False
25905,1.0000,0.0000,False,False,False
25906,0.0000,1.0000,False,False,False
25907,0.0000,1.0000,False,False,False
25908,0.0000,1.0000,False,False,False
25909,1.0000,0.0000,False,False,False
25910,1.0000,0.0000,False,False,False
25911,1.0000,0.0000,False,False,False
25912,0.0000,1.0000,False,False,False
25913,1.0000,0.0000,False,False,False
25914,1.0000,0.0000,False,False,False
25915,1.0000,0.0000,False,False,False
25916,0.0000,1.0000,False,False,False
25917,1.0000,0.0000,False,False,False
25918,1.0000,0.0000,False,False,False
25919,1.0000,0.0000,False,False,False
25920,1.0000,0.0000,False,False,False
25921,1.0000,0.0000,False,False,False
25922,1.0000,0.0000,False,False,False
25923,1.0000,0.0000,False,False,False
25924,1.0000,0.0000,False,False,False
25925,1.0000,0.0000,False,False,False
25926,1.0000,0.0000,False,False,False
25927,1.0000,0.0000,False,False,False
25928,1.0000,0.0000,False,False,False
25929,1.0000,0.0000,False,False,False
25930,1.0000,0.0000,False,False,False
25931,1.0000,0.0000,False,False,False
25932,1.0000,0.0000,False,False,False
25933,1.0000,0.0000,False,False,False
25934,1.0000,0.0000,False,False,False
25935,0.0000,1.0000,False,False,False
25936,1.0000,0.0000,False,False,False
25937,1.0000,0.0000,False,False,False
25938,1.0000,0.0000,False,False,False
25939,1.0000,0.0000,False,False,False
25940,1.0000,0.0000,False,False,False
25941,1.0000,0.0000,False,False,False
25942,0.0000,1.0000,False,False,False
25943,0.0000,1.0000,False,False,False
25944,1.0000,0.0000,False,False,False
25945,1.0000,0.0000,False,False,False
25946,1.0000,0.0000,False,False,False
25947,1.0000,0.0000,False,False,False
25948,1.0000,0.0000,False,False,False
25949,1.0000,0.0000,False,False,False
25950,0.0000,1.0000,False,False,False
25951,1.0000,0.0000,False,False,False
25952,0.0000,1.0000,False,False,False
25953,1.0000,0.0000,False,False,False
25954,1.0000,0.0000,False,False,False
25955,1.0000,0.0000,False,False,False
25956,1.0000,0.0000,False,False,False
25957,1.0000,0.0000,False,False,False
25958,1.0000,0.0000,False,False,False
25959,1.0000,0.0000,False,False,False
25960,1.0000,0.0000,False,False,False
25961,0.0000,1.0000,False,False,False
25962,1.0000,0.0000,False,False,False
25963,1.0000,0.0000,False,False,False
25964,1.0000,0.0000,False,False,False
25965,0.0000,1.0000,False,False,False
25966,1.0000,0.0000,False,False,False
25967,1.0000,0.0000,False,False,False
25968,1.0000,0.0000,False,False,False
25969,1.0000,0.0000,False,False,False
25970,1.0000,0.0000,False,False,False
25971,1.0000,0.0000,False,False,False
25972,1.0000,0.0000,False,False,False
25973,1.0000,0.0000,False,False,False
25974,1.0000,0.0000,False,False,False
25975,0.0000,1.0000,False,False,False
25976,0.0000,1.0000,False,False,False
25977,1.0000,0.0000,False,False,False
25978,1.0000,0.0000,False,False,False
25979,0.0000,1.0000,False,False,False
25980,0.0000,1.0000,False,False,False
25981,1.0000,0.0000,False,False,False
25982,1.0000,0.0000,False,False,False
25983,1.0000,0.0000,False,False,False
25984,1.0000,0.0000,False,False,False
25985,1.0000,0.0000,False,False,False
25986,1.0000,0.0000,False,False,False
25987,1.0000,0.0000,False,False,False
25988,1.0000,0.0000,False,False,False
25989,0.0000,1.0000,False,False,False
25990,1.0000,0.0000,False,False,False
25991,1.0000,0.0000,False,False,False
25992,1.0000,0.0000,False,False,False
25993,1.0000,0.0000,False,False,False
25994,1.0000,0.0000,False,False,False
25995,0.0000,1.0000,False,False,False
25996,1.0000,0.0000,False,False,False
25997,1.0000,0.0000,False,False,False
25998,1.0000,0.0000,False,False,False
25999,0.0000,1.0000,False,False,False
26000,0.0000,1.0000,False,False,False
26001,1.0000,0.0000,False,False,False
26002,1.0000,0.0000,False,False,False
26003,1.0000,0.0000,False,False,False
26004,1.0000,0.0000,False,False,False
26005,0.0000,1.0000,False,False,False
26006,0.0000,1.0000,False,False,False
26007,1.0000,0.0000,False,False,False
26008,1.0000,0.0000,False,False,False
26009,1.0000,0.0000,False,False,False
26010,1.0000,0.0000,False,False,False
26011,0.0000,1.0000,False,False,False
26012,1.0000,0.0000,False,False,False
26013,1.0000,0.0000,False,False,False
26014,1.0000,0.0000,False,False,False
26015,1.0000,0.0000,False,False,False
26016,1.0000,0.0000,False,False,False
26017,1.0000,0.0000,False,False,False
26018,1.0000,0.0000,False,False,False
26019,0.0000,1.0000,False,False,False
26020,0.0000,1.0000,False,False,False
26021,1.0000,0.0000,False,False,False
26022,1.0000,0.0000,False,False,False
26023,1.0000,0.0000,False,False,False
26024,0.0000,1.0000,False,False,False
26025,1.0000,0.0000,False,False,False
26026,1.0000,0.0000,False,False,False
26027,1.0000,0.0000,False,False,False
26028,0.0000,1.0000,False,False,False
26029,1.0000,0.0000,False,False,False
26030,1.0000,0.0000,False,False,False
26031,0.0000,1.0000,False,False,False
26032,0.0000,1.0000,False,False,False
26033,1.0000,0.0000,False,False,False
26034,1.0000,0.0000,False,False,False
26035,1.0000,0.0000,False,False,False
26036,0.0000,1.0000,False,False,False
26037,0.0000,1.0000,False,False,False
26038,0.0000,1.0000,False,False,False
26039,0.0000,1.0000,False,False,False
26040,0.0000,1.0000,False,False,False
26041,1.0000,0.0000,False,False,False
26042,1.0000,0.0000,False,False,False
26043,1.0000,0.0000,False,False,False
26044,1.0000,0.0000,False,False,False
26045,1.0000,0.0000,False,False,False
26046,1.0000,0.0000,False,False,False
26047,1.0000,0.0000,False,False,False
26048,0.0000,1.0000,False,False,False
26049,1.0000,0.0000,False,False,False
26050,0.0000,1.0000,False,False,False
26051,0.0000,1.0000,False,False,False
26052,1.0000,0.0000,False,False,False
26053,1.0000,0.0000,False,False,False
26054,0.0000,1.0000,False,False,False
26055,1.0000,0.0000,False,False,False
26056,0.0000,1.0000,False,False,False
26057,1.0000,0.0000,False,False,False
26058,1.0000,0.0000,False,False,False
26059,1.0000,0.0000,False,False,False
26060,1.0000,0.0000,False,False,False
26061,0.0000,1.0000,False,False,False
26062,0.0000,1.0000,False,False,False
26063,1.0000,0.0000,False,False,False
26064,1.0000,0.0000,False,False,False
26065,1.0000,0.0000,False,False,False
26066,0.0000,1.0000,False,False,False
26067,0.0000,1.0000,False,False,False
26068,1.0000,0.0000,False,False,False
26069,1.0000,0.0000,False,False,False
26070,1.0000,0.0000,False,False,False
26071,1.0000,0.0000,False,False,False
26072,0.0000,1.0000,False,False,False
26073,0.0000,1.0000,False,False,False
26074,1.0000,0.0000,False,False,False
26075,1.0000,0.0000,False,False,False
26076,0.0000,1.0000,False,False,False
26077,1.0000,0.0000,False,False,False
26078,1.0000,0.0000,False,False,False
26079,1.0000,0.0000,False,False,False
26080,1.0000,0.0000,False,False,False
26081,1.0000,0.0000,False,False,False
26082,0.0000,1.0000,False,False,False
26083,1.0000,0.0000,False,False,False
26084,1.0000,0.0000,False,False,False
26085,1.0000,0.0000,False,False,False
26086,1.0000,0.0000,False,False,False
26087,0.0000,1.0000,False,False,False
26088,0.0000,1.0000,False,False,False
26089,0.0000,1.0000,False,False,False
26090,0.0000,1.0000,False,False,False
26091,1.0000,0.0000,False,False,False
26092,0.0000,1.0000,False,False,False
26093,1.0000,0.0000,False,False,False
26094,1.0000,0.0000,False,False,False
26095,1.0000,0.0000,False,False,False
26096,1.0000,0.0000,False,False,False
26097,1.0000,0.0000,False,False,False
26098,1.0000,0.0000,False,False,False
26099,0.0000,1.0000,False,False,False
26100,1.0000,0.0000,False,False,False
26101,1.0000,0.0000,False,False,False
26102,1.0000,0.0000,False,False,False
26103,0.0000,1.0000,False,False,False
26104,1.0000,0.0000,False,False,False
26105,1.0000,0.0000,False,False,False
26106,0.0000,1.0000,False,False,False
26107,1.0000,0.0000,False,False,False
26108,0.0000,1.0000,False,False,False
26109,1.0000,0.0000,False,False,False
26110,1.0000,0.0000,False,False,False
26111,1.0000,0.0000,False,False,False
26112,1.0000,0.0000,False,False,False
26113,0.0000,1.0000,False,False,False
26114,1.0000,0.0000,False,False,False
26115,0.0000,1.0000,False,False,False
26116,1.0000,0.0000,False,False,False
26117,0.0000,1.0000,False,False,False
26118,1.0000,0.0000,False,False,False
26119,1.0000,0.0000,False,False,False
26120,1.0000,0.0000,False,False,False
26121,0.0000,1.0000,False,False,False
26122,0.0000,1.0000,False,False,False
26123,1.0000,0.0000,False,False,False
26124,1.0000,0.0000,False,False,False
26125,1.0000,0.0000,False,False,False
26126,0.0000,1.0000,False,False,False
26127,0.0000,1.0000,False,False,False
26128,1.0000,0.0000,False,False,False
26129,1.0000,0.0000,False,False,False
26130,1.0000,0.0000,False,False,False
26131,0.0000,1.0000,False,False,False
26132,1.0000,0.0000,False,False,False
26133,1.0000,0.0000,False,False,False
26134,1.0000,0.0000,False,False,False
26135,0.0000,1.0000,False,False,False
26136,1.0000,0.0000,False,False,False
26137,0.0000,1.0000,False,False,False
26138,0.0000,1.0000,False,False,False
26139,1.0000,0.0000,False,False,False
26140,0.0000,1.0000,False,False,False
26141,1.0000,0.0000,False,False,False
26142,1.0000,0.0000,False,False,False
26143,1.0000,0.0000,False,False,False
26144,0.0000,1.0000,False,False,False
26145,1.0000,0.0000,False,False,False
26146,1.0000,0.0000,False,False,False
26147,1.0000,0.0000,False,False,False
26148,0.0000,1.0000,False,False,False
26149,1.0000,0.0000,False,False,False
26150,1.0000,0.0000,False,False,False
26151,1.0000,0.0000,False,False,False
26152,1.0000,0.0000,False,False,False
26153,0.0000,1.0000,False,False,False
26154,1.0000,0.0000,False,False,False
26155,1.0000,0.0000,False,False,False
26156,0.0000,1.0000,False,False,False
26157,1.0000,0.0000,False,False,False
26158,1.0000,0.0000,False,False,False
26159,0.0000,1.0000,False,False,False
26160,1.0000,0.0000,False,False,False
26161,1.0000,0.0000,False,False,False
26162,0.0000,1.0000,False,False,False
26163,1.0000,0.0000,False,False,False
26164,1.0000,0.0000,False,False,False
26165,0.0000,1.0000,False,False,False
26166,1.0000,0.0000,False,False,False
26167,1.0000,0.0000,False,False,False
26168,1.0000,0.0000,False,False,False
26169,1.0000,0.0000,False,False,False
26170,1.0000,0.0000,False,False,False
26171,1.0000,0.0000,False,False,False
26172,1.0000,0.0000,False,False,False
26173,0.0000,1.0000,False,False,False
26174,1.0000,0.0000,False,False,False
26175,1.0000,0.0000,False,False,False
26176,1.0000,0.0000,False,False,False
26177,1.0000,0.0000,False,False,False
26178,1.0000,0.0000,False,False,False
26179,0.0000,1.0000,False,False,False
26180,1.0000,0.0000,False,False,False
26181,1.0000,0.0000,False,False,False
26182,1.0000,0.0000,False,False,False
26183,1.0000,0.0000,False,False,False
26184,1.0000,0.0000,False,False,False
26185,1.0000,0.0000,False,False,False
26186,1.0000,0.0000,False,False,False
26187,0.0000,1.0000,False,False,False
26188,1.0000,0.0000,False,False,False
26189,1.0000,0.0000,False,False,False
26190,1.0000,0.0000,False,False,False
26191,1.0000,0.0000,False,False,False
26192,0.0000,1.0000,False,False,False
26193,1.0000,0.0000,False,False,False
26194,0.0000,1.0000,False,False,False
26195,1.0000,0.0000,False,False,False
26196,0.0000,1.0000,False,False,False
26197,1.0000,0.0000,False,False,False
26198,1.0000,0.0000,False,False,False
26199,0.0000,1.0000,False,False,False
26200,1.0000,0.0000,False,False,False
26201,1.0000,0.0000,False,False,False
26202,1.0000,0.0000,False,False,False
26203,1.0000,0.0000,False,False,False
26204,0.0000,1.0000,False,False,False
26205,1.0000,0.0000,False,False,False
26206,1.0000,0.0000,False,False,False
26207,1.0000,0.0000,False,False,False
26208,0.0000,1.0000,False,False,False
26209,1.0000,0.0000,False,False,False
26210,1.0000,0.0000,False,False,False
26211,1.0000,0.0000,False,False,False
26212,1.0000,0.0000,False,False,False
26213,1.0000,0.0000,False,False,False
26214,1.0000,0.0000,False,False,False
26215,1.0000,0.0000,False,False,False
26216,0.0000,1.0000,False,False,False
26217,0.0000,1.0000,False,False,False
26218,0.0000,1.0000,False,False,False
26219,1.0000,0.0000,False,False,False
26220,1.0000,0.0000,False,False,False
26221,0.0000,1.0000,False,False,False
26222,1.0000,0.0000,False,False,False
26223,0.0000,1.0000,False,False,False
26224,1.0000,0.0000,False,False,False
26225,1.0000,0.0000,False,False,False
26226,1.0000,0.0000,False,False,False
26227,1.0000,0.0000,False,False,False
26228,1.0000,0.0000,False,False,False
26229,1.0000,0.0000,False,False,False
26230,0.0000,1.0000,False,False,False
26231,1.0000,0.0000,False,False,False
26232,1.0000,0.0000,False,False,False
26233,1.0000,0.0000,False,False,False
26234,1.0000,0.0000,False,False,False
26235,1.0000,0.0000,False,False,False
26236,1.0000,0.0000,False,False,False
26237,1.0000,0.0000,False,False,False
26238,0.0000,1.0000,False,False,False
26239,0.0000,1.0000,False,False,False
26240,0.0000,1.0000,False,False,False
26241,1.0000,0.0000,False,False,False
26242,0.0000,1.0000,False,False,False
26243,0.0000,1.0000,False,False,False
26244,0.0000,1.0000,False,False,False
26245,0.0000,1.0000,False,False,False
26246,1.0000,0.0000,False,False,False
26247,0.0000,1.0000,False,False,False
26248,1.0000,0.0000,False,False,False
26249,1.0000,0.0000,False,False,False
26250,1.0000,0.0000,False,False,False
26251,0.0000,1.0000,False,False,False
26252,1.0000,0.0000,False,False,False
26253,1.0000,0.0000,False,False,False
26254,1.0000,0.0000,False,False,False
26255,0.0000,1.0000,False,False,False
26256,1.0000,0.0000,False,False,False
26257,1.0000,0.0000,False,False,False
26258,0.0000,1.0000,False,False,False
26259,0.0000,1.0000,False,False,False
26260,0.0000,1.0000,False,False,False
26261,1.0000,0.0000,False,False,False
26262,1.0000,0.0000,False,False,False
26263,1.0000,0.0000,False,False,False
26264,0.0000,1.0000,False,False,False
26265,1.0000,0.0000,False,False,False
26266,1.0000,0.0000,False,False,False
26267,0.0000,1.0000,False,False,False
26268,1.0000,0.0000,False,False,False
26269,0.0000,1.0000,False,False,False
26270,1.0000,0.0000,False,False,False
26271,1.0000,0.0000,False,False,False
26272,0.0000,1.0000,False,False,False
26273,0.0000,1.0000,False,False,False
26274,1.0000,0.0000,False,False,False
26275,1.0000,0.0000,False,False,False
26276,1.0000,0.0000,False,False,False
26277,0.0000,1.0000,False,False,False
26278,1.0000,0.0000,False,False,False
26279,1.0000,0.0000,False,False,False
26280,1.0000,0.0000,False,False,False
26281,1.0000,0.0000,False,False,False
26282,1.0000,0.0000,False,False,False
26283,1.0000,0.0000,False,False,False
26284,0.0000,1.0000,False,False,False
26285,1.0000,0.0000,False,False,False
26286,1.0000,0.0000,False,False,False
26287,1.0000,0.0000,False,False,False
26288,0.0000,1.0000,False,False,False
26289,1.0000,0.0000,False,False,False
26290,1.0000,0.0000,False,False,False
26291,1.0000,0.0000,False,False,False
26292,1.0000,0.0000,False,False,False
26293,1.0000,0.0000,False,False,False
26294,1.0000,0.0000,False,False,False
26295,1.0000,0.0000,False,False,False
26296,0.0000,1.0000,False,False,False
26297,0.0000,1.0000,False,False,False
26298,1.0000,0.0000,False,False,False
26299,0.0000,1.0000,False,False,False
26300,1.0000,0.0000,False,False,False
26301,0.0000,1.0000,False,False,False
26302,1.0000,0.0000,False,False,False
26303,1.0000,0.0000,False,False,False
26304,1.0000,0.0000,False,False,False
26305,1.0000,0.0000,False,False,False
26306,1.0000,0.0000,False,False,False
26307,1.0000,0.0000,False,False,False
26308,1.0000,0.0000,False,False,False
26309,1.0000,0.0000,False,False,False
26310,1.0000,0.0000,False,False,False
26311,1.0000,0.0000,False,False,False
26312,1.0000,0.0000,False,False,False
26313,1.0000,0.0000,False,False,False
26314,1.0000,0.0000,False,False,False
26315,0.0000,1.0000,False,False,False
26316,0.0000,1.0000,False,False,False
26317,1.0000,0.0000,False,False,False
26318,1.0000,0.0000,False,False,False
26319,1.0000,0.0000,False,False,False
26320,1.0000,0.0000,False,False,False
26321,1.0000,0.0000,False,False,False
26322,1.0000,0.0000,False,False,False
26323,0.0000,1.0000,False,False,False
26324,0.0000,1.0000,False,False,False
26325,1.0000,0.0000,False,False,False
26326,0.0000,1.0000,False,False,False
26327,0.0000,1.0000,False,False,False
26328,0.0000,1.0000,False,False,False
26329,1.0000,0.0000,False,False,False
26330,1.0000,0.0000,False,False,False
26331,0.0000,1.0000,False,False,False
26332,0.0000,1.0000,False,False,False
26333,1.0000,0.0000,False,False,False
26334,0.0000,1.0000,False,False,False
26335,1.0000,0.0000,False,False,False
26336,0.0000,1.0000,False,False,False
26337,1.0000,0.0000,False,False,False
26338,1.0000,0.0000,False,False,False
26339,0.0000,1.0000,False,False,False
26340,0.0000,1.0000,False,False,False
26341,1.0000,0.0000,False,False,False
26342,1.0000,0.0000,False,False,False
26343,1.0000,0.0000,False,False,False
26344,0.0000,1.0000,False,False,False
26345,1.0000,0.0000,False,False,False
26346,1.0000,0.0000,False,False,False
26347,0.0000,1.0000,False,False,False
26348,1.0000,0.0000,False,False,False
26349,0.0000,1.0000,False,False,False
26350,1.0000,0.0000,False,False,False
26351,1.0000,0.0000,False,False,False
26352,0.0000,1.0000,False,False,False
26353,1.0000,0.0000,False,False,False
26354,1.0000,0.0000,False,False,False
26355,0.0000,1.0000,False,False,False
26356,0.0000,1.0000,False,False,False
26357,1.0000,0.0000,False,False,False
26358,1.0000,0.0000,False,False,False
26359,0.0000,1.0000,False,False,False
26360,1.0000,0.0000,False,False,False
26361,1.0000,0.0000,False,False,False
26362,1.0000,0.0000,False,False,False
26363,0.0000,1.0000,False,False,False
26364,1.0000,0.0000,False,False,False
26365,0.0000,1.0000,False,False,False
26366,1.0000,0.0000,False,False,False
26367,1.0000,0.0000,False,False,False
26368,1.0000,0.0000,False,False,False
26369,1.0000,0.0000,False,False,False
26370,1.0000,0.0000,False,False,False
26371,1.0000,0.0000,False,False,False
26372,1.0000,0.0000,False,False,False
26373,1.0000,0.0000,False,False,False
26374,0.0000,1.0000,False,False,False
26375,0.0000,1.0000,False,False,False
26376,0.0000,1.0000,False,False,False
26377,1.0000,0.0000,False,False,False
26378,1.0000,0.0000,False,False,False
26379,0.0000,1.0000,False,False,False
26380,1.0000,0.0000,False,False,False
26381,1.0000,0.0000,False,False,False
26382,1.0000,0.0000,False,False,False
26383,1.0000,0.0000,False,False,False
26384,0.0000,1.0000,False,False,False
26385,1.0000,0.0000,False,False,False
26386,1.0000,0.0000,False,False,False
26387,1.0000,0.0000,False,False,False
26388,1.0000,0.0000,False,False,False
26389,1.0000,0.0000,False,False,False
26390,0.0000,1.0000,False,False,False
26391,0.0000,1.0000,False,False,False
26392,0.0000,1.0000,False,False,False
26393,0.0000,1.0000,False,False,False
26394,0.0000,1.0000,False,False,False
26395,0.0000,1.0000,False,False,False
26396,0.0000,1.0000,False,False,False
26397,1.0000,0.0000,False,False,False
26398,1.0000,0.0000,False,False,False
26399,0.0000,1.0000,False,False,False
26400,0.0000,1.0000,False,False,False
26401,1.0000,0.0000,False,False,False
26402,0.0000,1.0000,False,False,False
26403,1.0000,0.0000,False,False,False
26404,1.0000,0.0000,False,False,False
26405,1.0000,0.0000,False,False,False
26406,1.0000,0.0000,False,False,False
26407,0.0000,1.0000,False,False,False
26408,1.0000,0.0000,False,False,False
26409,1.0000,0.0000,False,False,False
26410,1.0000,0.0000,False,False,False
26411,1.0000,0.0000,False,False,False
26412,1.0000,0.0000,False,False,False
26413,1.0000,0.0000,False,False,False
26414,1.0000,0.0000,False,False,False
26415,1.0000,0.0000,False,False,False
26416,1.0000,0.0000,False,False,False
26417,0.0000,1.0000,False,False,False
26418,1.0000,0.0000,False,False,False
26419,1.0000,0.0000,False,False,False
26420,1.0000,0.0000,False,False,False
26421,0.0000,1.0000,False,False,False
26422,0.0000,1.0000,False,False,False
26423,0.0000,1.0000,False,False,False
26424,1.0000,0.0000,False,False,False
26425,0.0000,1.0000,False,False,False
26426,1.0000,0.0000,False,False,False
26427,1.0000,0.0000,False,False,False
26428,1.0000,0.0000,False,False,False
26429,1.0000,0.0000,False,False,False
26430,0.0000,1.0000,False,False,False
26431,1.0000,0.0000,False,False,False
26432,0.0000,1.0000,False,False,False
26433,0.0000,1.0000,False,False,False
26434,1.0000,0.0000,False,False,False
26435,1.0000,0.0000,False,False,False
26436,1.0000,0.0000,False,False,False
26437,1.0000,0.0000,False,False,False
26438,1.0000,0.0000,False,False,False
26439,1.0000,0.0000,False,False,False
26440,1.0000,0.0000,False,False,False
26441,0.0000,1.0000,False,False,False
26442,1.0000,0.0000,False,False,False
26443,1.0000,0.0000,False,False,False
26444,1.0000,0.0000,False,False,False
26445,1.0000,0.0000,False,False,False
26446,0.0000,1.0000,False,False,False
26447,1.0000,0.0000,False,False,False
26448,1.0000,0.0000,False,False,False
26449,1.0000,0.0000,False,False,False
26450,0.0000,1.0000,False,False,False
26451,1.0000,0.0000,False,False,False
26452,0.0000,1.0000,False,False,False
26453,1.0000,0.0000,False,False,False
26454,1.0000,0.0000,False,False,False
26455,1.0000,0.0000,False,False,False
26456,1.0000,0.0000,False,False,False
26457,1.0000,0.0000,False,False,False
26458,1.0000,0.0000,False,False,False
26459,1.0000,0.0000,False,False,False
26460,0.0000,1.0000,False,False,False
26461,0.0000,1.0000,False,False,False
26462,0.0000,1.0000,False,False,False
26463,1.0000,0.0000,False,False,False
26464,0.0000,1.0000,False,False,False
26465,1.0000,0.0000,False,False,False
26466,1.0000,0.0000,False,False,False
26467,0.0000,1.0000,False,False,False
26468,0.0000,1.0000,False,False,False
26469,1.0000,0.0000,False,False,False
26470,1.0000,0.0000,False,False,False
26471,0.0000,1.0000,False,False,False
26472,1.0000,0.0000,False,False,False
26473,0.0000,1.0000,False,False,False
26474,1.0000,0.0000,False,False,False
26475,1.0000,0.0000,False,False,False
26476,1.0000,0.0000,False,False,False
26477,0.0000,1.0000,False,False,False
26478,1.0000,0.0000,False,False,False
26479,1.0000,0.0000,False,False,False
26480,1.0000,0.0000,False,False,False
26481,0.0000,1.0000,False,False,False
26482,0.0000,1.0000,False,False,False
26483,1.0000,0.0000,False,False,False
26484,1.0000,0.0000,False,False,False
26485,1.0000,0.0000,False,False,False
26486,1.0000,0.0000,False,False,False
26487,1.0000,0.0000,False,False,False
26488,1.0000,0.0000,False,False,False
26489,1.0000,0.0000,False,False,False
26490,0.0000,1.0000,False,False,False
26491,1.0000,0.0000,False,False,False
26492,1.0000,0.0000,False,False,False
26493,1.0000,0.0000,False,False,False
26494,0.0000,1.0000,False,False,False
26495,1.0000,0.0000,False,False,False
26496,0.0000,1.0000,False,False,False
26497,0.0000,1.0000,False,False,False
26498,1.0000,0.0000,False,False,False
26499,1.0000,0.0000,False,False,False
26500,1.0000,0.0000,False,False,False
26501,1.0000,0.0000,False,False,False
26502,1.0000,0.0000,False,False,False
26503,1.0000,0.0000,False,False,False
26504,0.0000,1.0000,False,False,False
26505,0.0000,1.0000,False,False,False
26506,1.0000,0.0000,False,False,False
26507,1.0000,0.0000,False,False,False
26508,1.0000,0.0000,False,False,False
26509,1.0000,0.0000,False,False,False
26510,1.0000,0.0000,False,False,False
26511,1.0000,0.0000,False,False,False
26512,1.0000,0.0000,False,False,False
26513,0.0000,1.0000,False,False,False
26514,1.0000,0.0000,False,False,False
26515,1.0000,0.0000,False,False,False
26516,1.0000,0.0000,False,False,False
26517,1.0000,0.0000,False,False,False
26518,1.0000,0.0000,False,False,False
26519,1.0000,0.0000,False,False,False
26520,1.0000,0.0000,False,False,False
26521,1.0000,0.0000,False,False,False
26522,1.0000,0.0000,False,False,False
26523,1.0000,0.0000,False,False,False
26524,1.0000,0.0000,False,False,False
26525,1.0000,0.0000,False,False,False
26526,1.0000,0.0000,False,False,False
26527,0.0000,1.0000,False,False,False
26528,1.0000,0.0000,False,False,False
26529,1.0000,0.0000,False,False,False
26530,1.0000,0.0000,False,False,False
26531,1.0000,0.0000,False,False,False
26532,0.0000,1.0000,False,False,False
26533,1.0000,0.0000,False,False,False
26534,1.0000,0.0000,False,False,False
26535,0.0000,1.0000,False,False,False
26536,0.0000,1.0000,False,False,False
26537,1.0000,0.0000,False,False,False
26538,1.0000,0.0000,False,False,False
26539,1.0000,0.0000,False,False,False
26540,1.0000,0.0000,False,False,False
26541,1.0000,0.0000,False,False,False
26542,0.0000,1.0000,False,False,False
26543,0.0000,1.0000,False,False,False
26544,0.0000,1.0000,False,False,False
26545,1.0000,0.0000,False,False,False
26546,0.0000,1.0000,False,False,False
26547,1.0000,0.0000,False,False,False
26548,1.0000,0.0000,False,False,False
26549,1.0000,0.0000,False,False,False
26550,0.0000,1.0000,False,False,False
26551,0.0000,1.0000,False,False,False
26552,1.0000,0.0000,False,False,False
26553,1.0000,0.0000,False,False,False
26554,1.0000,0.0000,False,False,False
26555,1.0000,0.0000,False,False,False
26556,0.0000,1.0000,False,False,False
26557,0.0000,1.0000,False,False,False
26558,1.0000,0.0000,False,False,False
26559,1.0000,0.0000,False,False,False
26560,1.0000,0.0000,False,False,False
26561,1.0000,0.0000,False,False,False
26562,1.0000,0.0000,False,False,False
26563,1.0000,0.0000,False,False,False
26564,1.0000,0.0000,False,False,False
26565,1.0000,0.0000,False,False,False
26566,0.0000,1.0000,False,False,False
26567,1.0000,0.0000,False,False,False
26568,0.0000,1.0000,False,False,False
26569,1.0000,0.0000,False,False,False
26570,1.0000,0.0000,False,False,False
26571,1.0000,0.0000,False,False,False
26572,0.0000,1.0000,False,False,False
26573,1.0000,0.0000,False,False,False
26574,1.0000,0.0000,False,False,False
26575,1.0000,0.0000,False,False,False
26576,1.0000,0.0000,False,False,False
26577,0.0000,1.0000,False,False,False
26578,0.0000,1.0000,False,False,False
26579,0.0000,1.0000,False,False,False
26580,1.0000,0.0000,False,False,False
26581,1.0000,0.0000,False,False,False
26582,1.0000,0.0000,False,False,False
26583,1.0000,0.0000,False,False,False
26584,0.0000,1.0000,False,False,False
26585,1.0000,0.0000,False,False,False
26586,0.0000,1.0000,False,False,False
26587,0.0000,1.0000,False,False,False
26588,0.0000,1.0000,False,False,False
26589,1.0000,0.0000,False,False,False
26590,0.0000,1.0000,False,False,False
26591,1.0000,0.0000,False,False,False
26592,0.0000,1.0000,False,False,False
26593,1.0000,0.0000,False,False,False
26594,1.0000,0.0000,False,False,False
26595,1.0000,0.0000,False,False,False
26596,1.0000,0.0000,False,False,False
26597,0.0000,1.0000,False,False,False
26598,1.0000,0.0000,False,False,False
26599,1.0000,0.0000,False,False,False
26600,1.0000,0.0000,False,False,False
26601,1.0000,0.0000,False,False,False
26602,0.0000,1.0000,False,False,False
26603,1.0000,0.0000,False,False,False
26604,1.0000,0.0000,False,False,False
26605,0.0000,1.0000,False,False,False
26606,0.0000,1.0000,False,False,False
26607,1.0000,0.0000,False,False,False
26608,1.0000,0.0000,False,False,False
26609,1.0000,0.0000,False,False,False
26610,1.0000,0.0000,False,False,False
26611,1.0000,0.0000,False,False,False
26612,1.0000,0.0000,False,False,False
26613,0.0000,1.0000,False,False,False
26614,1.0000,0.0000,False,False,False
26615,1.0000,0.0000,False,False,False
26616,0.0000,1.0000,False,False,False
26617,1.0000,0.0000,False,False,False
26618,0.0000,1.0000,False,False,False
26619,1.0000,0.0000,False,False,False
26620,0.0000,1.0000,False,False,False
26621,1.0000,0.0000,False,False,False
26622,1.0000,0.0000,False,False,False
26623,1.0000,0.0000,False,False,False
26624,1.0000,0.0000,False,False,False
26625,1.0000,0.0000,False,False,False
26626,1.0000,0.0000,False,False,False
26627,1.0000,0.0000,False,False,False
26628,1.0000,0.0000,False,False,False
26629,1.0000,0.0000,False,False,False
26630,1.0000,0.0000,False,False,False
26631,1.0000,0.0000,False,False,False
26632,1.0000,0.0000,False,False,False
26633,1.0000,0.0000,False,False,False
26634,0.0000,1.0000,False,False,False
26635,1.0000,0.0000,False,False,False
26636,1.0000,0.0000,False,False,False
26637,1.0000,0.0000,False,False,False
26638,1.0000,0.0000,False,False,False
26639,1.0000,0.0000,False,False,False
26640,0.0000,1.0000,False,False,False
26641,0.0000,1.0000,False,False,False
26642,1.0000,0.0000,False,False,False
26643,1.0000,0.0000,False,False,False
26644,1.0000,0.0000,False,False,False
26645,0.0000,1.0000,False,False,False
26646,1.0000,0.0000,False,False,False
26647,1.0000,0.0000,False,False,False
26648,1.0000,0.0000,False,False,False
26649,1.0000,0.0000,False,False,False
26650,1.0000,0.0000,False,False,False
26651,1.0000,0.0000,False,False,False
26652,1.0000,0.0000,False,False,False
26653,1.0000,0.0000,False,False,False
26654,1.0000,0.0000,False,False,False
26655,0.0000,1.0000,False,False,False
26656,0.0000,1.0000,False,False,False
26657,1.0000,0.0000,False,False,False
26658,1.0000,0.0000,False,False,False
26659,1.0000,0.0000,False,False,False
26660,1.0000,0.0000,False,False,False
26661,1.0000,0.0000,False,False,False
26662,0.0000,1.0000,False,False,False
26663,0.0000,1.0000,False,False,False
26664,0.0000,1.0000,False,False,False
26665,1.0000,0.0000,False,False,False
26666,0.0000,1.0000,False,False,False
26667,0.0000,1.0000,False,False,False
26668,0.0000,1.0000,False,False,False
26669,0.0000,1.0000,False,False,False
26670,0.0000,1.0000,False,False,False
26671,1.0000,0.0000,False,False,False
26672,0.0000,1.0000,False,False,False
26673,0.0000,1.0000,False,False,False
26674,1.0000,0.0000,False,False,False
26675,1.0000,0.0000,False,False,False
26676,1.0000,0.0000,False,False,False
26677,1.0000,0.0000,False,False,False
26678,0.0000,1.0000,False,False,False
26679,0.0000,1.0000,False,False,False
26680,1.0000,0.0000,False,False,False
26681,1.0000,0.0000,False,False,False
26682,0.0000,1.0000,False,False,False
26683,1.0000,0.0000,False,False,False
26684,0.0000,1.0000,False,False,False
26685,1.0000,0.0000,False,False,False
26686,1.0000,0.0000,False,False,False
26687,1.0000,0.0000,False,False,False
26688,1.0000,0.0000,False,False,False
26689,1.0000,0.0000,False,False,False
26690,1.0000,0.0000,False,False,False
26691,1.0000,0.0000,False,False,False
26692,1.0000,0.0000,False,False,False
26693,0.0000,1.0000,False,False,False
26694,1.0000,0.0000,False,False,False
26695,1.0000,0.0000,False,False,False
26696,1.0000,0.0000,False,False,False
26697,1.0000,0.0000,False,False,False
26698,1.0000,0.0000,False,False,False
26699,1.0000,0.0000,False,False,False
26700,1.0000,0.0000,False,False,False
26701,1.0000,0.0000,False,False,False
26702,1.0000,0.0000,False,False,False
26703,1.0000,0.0000,False,False,False
26704,1.0000,0.0000,False,False,False
26705,0.0000,1.0000,False,False,False
26706,1.0000,0.0000,False,False,False
26707,0.0000,1.0000,False,False,False
26708,1.0000,0.0000,False,False,False
26709,1.0000,0.0000,False,False,False
26710,1.0000,0.0000,False,False,False
26711,0.0000,1.0000,False,False,False
26712,1.0000,0.0000,False,False,False
26713,0.0000,1.0000,False,False,False
26714,0.0000,1.0000,False,False,False
26715,1.0000,0.0000,False,False,False
26716,0.0000,1.0000,False,False,False
26717,1.0000,0.0000,False,False,False
26718,1.0000,0.0000,False,False,False
26719,1.0000,0.0000,False,False,False
26720,1.0000,0.0000,False,False,False
26721,1.0000,0.0000,False,False,False
26722,1.0000,0.0000,False,False,False
26723,0.0000,1.0000,False,False,False
26724,0.0000,1.0000,False,False,False
26725,1.0000,0.0000,False,False,False
26726,1.0000,0.0000,False,False,False
26727,1.0000,0.0000,False,False,False
26728,1.0000,0.0000,False,False,False
26729,1.0000,0.0000,False,False,False
26730,0.0000,1.0000,False,False,False
26731,0.0000,1.0000,False,False,False
26732,1.0000,0.0000,False,False,False
26733,0.0000,1.0000,False,False,False
26734,0.0000,1.0000,False,False,False
26735,0.0000,1.0000,False,False,False
26736,1.0000,0.0000,False,False,False
26737,0.0000,1.0000,False,False,False
26738,1.0000,0.0000,False,False,False
26739,1.0000,0.0000,False,False,False
26740,1.0000,0.0000,False,False,False
26741,1.0000,0.0000,False,False,False
26742,1.0000,0.0000,False,False,False
26743,1.0000,0.0000,False,False,False
26744,0.0000,1.0000,False,False,False
26745,1.0000,0.0000,False,False,False
26746,0.0000,1.0000,False,False,False
26747,1.0000,0.0000,False,False,False
26748,1.0000,0.0000,False,False,False
26749,0.0000,1.0000,False,False,False
26750,0.0000,1.0000,False,False,False
26751,1.0000,0.0000,False,False,False
26752,1.0000,0.0000,False,False,False
26753,1.0000,0.0000,False,False,False
26754,0.0000,1.0000,False,False,False
26755,1.0000,0.0000,False,False,False
26756,1.0000,0.0000,False,False,False
26757,1.0000,0.0000,False,False,False
26758,0.0000,1.0000,False,False,False
26759,1.0000,0.0000,False,False,False
26760,1.0000,0.0000,False,False,False
26761,1.0000,0.0000,False,False,False
26762,1.0000,0.0000,False,False,False
26763,1.0000,0.0000,False,False,False
26764,1.0000,0.0000,False,False,False
26765,1.0000,0.0000,False,False,False
26766,1.0000,0.0000,False,False,False
26767,1.0000,0.0000,False,False,False
26768,1.0000,0.0000,False,False,False
26769,1.0000,0.0000,False,False,False
26770,1.0000,0.0000,False,False,False
26771,1.0000,0.0000,False,False,False
26772,1.0000,0.0000,False,False,False
26773,0.0000,1.0000,False,False,False
26774,1.0000,0.0000,False,False,False
26775,1.0000,0.0000,False,False,False
26776,1.0000,0.0000,False,False,False
26777,1.0000,0.0000,False,False,False
26778,1.0000,0.0000,False,False,False
26779,0.0000,1.0000,False,False,False
26780,1.0000,0.0000,False,False,False
26781,1.0000,0.0000,False,False,False
26782,1.0000,0.0000,False,False,False
26783,1.0000,0.0000,False,False,False
26784,0.0000,1.0000,False,False,False
26785,1.0000,0.0000,False,False,False
26786,1.0000,0.0000,False,False,False
26787,1.0000,0.0000,False,False,False
26788,1.0000,0.0000,False,False,False
26789,1.0000,0.0000,False,False,False
26790,1.0000,0.0000,False,False,False
26791,0.0000,1.0000,False,False,False
26792,0.0000,1.0000,False,False,False
26793,1.0000,0.0000,False,False,False
26794,1.0000,0.0000,False,False,False
26795,1.0000,0.0000,False,False,False
26796,1.0000,0.0000,False,False,False
26797,1.0000,0.0000,False,False,False
26798,1.0000,0.0000,False,False,False
26799,1.0000,0.0000,False,False,False
26800,1.0000,0.0000,False,False,False
26801,0.0000,1.0000,False,False,False
26802,1.0000,0.0000,False,False,False
26803,0.0000,1.0000,False,False,False
26804,1.0000,0.0000,False,False,False
26805,1.0000,0.0000,False,False,False
26806,1.0000,0.0000,False,False,False
26807,0.0000,1.0000,False,False,False
26808,1.0000,0.0000,False,False,False
26809,1.0000,0.0000,False,False,False
26810,1.0000,0.0000,False,False,False
26811,1.0000,0.0000,False,False,False
26812,1.0000,0.0000,False,False,False
26813,0.0000,1.0000,False,False,False
26814,0.0000,1.0000,False,False,False
26815,1.0000,0.0000,False,False,False
26816,1.0000,0.0000,False,False,False
26817,1.0000,0.0000,False,False,False
26818,1.0000,0.0000,False,False,False
26819,1.0000,0.0000,False,False,False
26820,1.0000,0.0000,False,False,False
26821,1.0000,0.0000,False,False,False
26822,1.0000,0.0000,False,False,False
26823,1.0000,0.0000,False,False,False
26824,1.0000,0.0000,False,False,False
26825,0.0000,1.0000,False,False,False
26826,1.0000,0.0000,False,False,False
26827,1.0000,0.0000,False,False,False
26828,1.0000,0.0000,False,False,False
26829,1.0000,0.0000,False,False,False
26830,1.0000,0.0000,False,False,False
26831,1.0000,0.0000,False,False,False
26832,0.0000,1.0000,False,False,False
26833,1.0000,0.0000,False,False,False
26834,1.0000,0.0000,False,False,False
26835,1.0000,0.0000,False,False,False
26836,0.0000,1.0000,False,False,False
26837,1.0000,0.0000,False,False,False
26838,0.0000,1.0000,False,False,False
26839,1.0000,0.0000,False,False,False
26840,1.0000,0.0000,False,False,False
26841,0.0000,1.0000,False,False,False
26842,1.0000,0.0000,False,False,False
26843,1.0000,0.0000,False,False,False
26844,1.0000,0.0000,False,False,False
26845,1.0000,0.0000,False,False,False
26846,0.0000,1.0000,False,False,False
26847,1.0000,0.0000,False,False,False
26848,1.0000,0.0000,False,False,False
26849,0.0000,1.0000,False,False,False
26850,1.0000,0.0000,False,False,False
26851,1.0000,0.0000,False,False,False
26852,1.0000,0.0000,False,False,False
26853,0.0000,1.0000,False,False,False
26854,1.0000,0.0000,False,False,False
26855,0.0000,1.0000,False,False,False
26856,1.0000,0.0000,False,False,False
26857,1.0000,0.0000,False,False,False
26858,1.0000,0.0000,False,False,False
26859,1.0000,0.0000,False,False,False
26860,1.0000,0.0000,False,False,False
26861,1.0000,0.0000,False,False,False
26862,1.0000,0.0000,False,False,False
26863,0.0000,1.0000,False,False,False
26864,1.0000,0.0000,False,False,False
26865,1.0000,0.0000,False,False,False
26866,0.0000,1.0000,False,False,False
26867,0.0000,1.0000,False,False,False
26868,1.0000,0.0000,False,False,False
26869,0.0000,1.0000,False,False,False
26870,1.0000,0.0000,False,False,False
26871,0.0000,1.0000,False,False,False
26872,1.0000,0.0000,False,False,False
26873,1.0000,0.0000,False,False,False
26874,0.0000,1.0000,False,False,False
26875,1.0000,0.0000,False,False,False
26876,1.0000,0.0000,False,False,False
26877,0.0000,1.0000,False,False,False
26878,1.0000,0.0000,False,False,False
26879,1.0000,0.0000,False,False,False
26880,0.0000,1.0000,False,False,False
26881,1.0000,0.0000,False,False,False
26882,0.0000,1.0000,False,False,False
26883,0.0000,1.0000,False,False,False
26884,1.0000,0.0000,False,False,False
26885,0.0000,1.0000,False,False,False
26886,1.0000,0.0000,False,False,False
26887,1.0000,0.0000,False,False,False
26888,1.0000,0.0000,False,False,False
26889,1.0000,0.0000,False,False,False
26890,1.0000,0.0000,False,False,False
26891,0.0000,1.0000,False,False,False
26892,1.0000,0.0000,False,False,False
26893,1.0000,0.0000,False,False,False
26894,1.0000,0.0000,False,False,False
26895,1.0000,0.0000,False,False,False
26896,1.0000,0.0000,False,False,False
26897,1.0000,0.0000,False,False,False
26898,1.0000,0.0000,False,False,False
26899,0.0000,1.0000,False,False,False
26900,1.0000,0.0000,False,False,False
26901,0.0000,1.0000,False,False,False
26902,1.0000,0.0000,False,False,False
26903,0.0000,1.0000,False,False,False
26904,0.0000,1.0000,False,False,False
26905,1.0000,0.0000,False,False,False
26906,1.0000,0.0000,False,False,False
26907,0.0000,1.0000,False,False,False
26908,1.0000,0.0000,False,False,False
26909,1.0000,0.0000,False,False,False
26910,1.0000,0.0000,False,False,False
26911,1.0000,0.0000,False,False,False
26912,0.0000,1.0000,False,False,False
26913,1.0000,0.0000,False,False,False
26914,0.0000,1.0000,False,False,False
26915,1.0000,0.0000,False,False,False
26916,0.0000,1.0000,False,False,False
26917,0.0000,1.0000,False,False,False
26918,1.0000,0.0000,False,False,False
26919,1.0000,0.0000,False,False,False
26920,1.0000,0.0000,False,False,False
26921,1.0000,0.0000,False,False,False
26922,0.0000,1.0000,False,False,False
26923,1.0000,0.0000,False,False,False
26924,1.0000,0.0000,False,False,False
26925,0.0000,1.0000,False,False,False
26926,0.0000,1.0000,False,False,False
26927,1.0000,0.0000,False,False,False
26928,1.0000,0.0000,False,False,False
26929,1.0000,0.0000,False,False,False
26930,1.0000,0.0000,False,False,False
26931,1.0000,0.0000,False,False,False
26932,1.0000,0.0000,False,False,False
26933,1.0000,0.0000,False,False,False
26934,1.0000,0.0000,False,False,False
26935,1.0000,0.0000,False,False,False
26936,0.0000,1.0000,False,False,False
26937,0.0000,1.0000,False,False,False
26938,1.0000,0.0000,False,False,False
26939,1.0000,0.0000,False,False,False
26940,0.0000,1.0000,False,False,False
26941,1.0000,0.0000,False,False,False
26942,1.0000,0.0000,False,False,False
26943,1.0000,0.0000,False,False,False
26944,1.0000,0.0000,False,False,False
26945,0.0000,1.0000,False,False,False
26946,1.0000,0.0000,False,False,False
26947,1.0000,0.0000,False,False,False
26948,0.0000,1.0000,False,False,False
26949,1.0000,0.0000,False,False,False
26950,1.0000,0.0000,False,False,False
26951,1.0000,0.0000,False,False,False
26952,1.0000,0.0000,False,False,False
26953,1.0000,0.0000,False,False,False
26954,1.0000,0.0000,False,False,False
26955,1.0000,0.0000,False,False,False
26956,1.0000,0.0000,False,False,False
26957,1.0000,0.0000,False,False,False
26958,1.0000,0.0000,False,False,False
26959,0.0000,1.0000,False,False,False
26960,0.0000,1.0000,False,False,False
26961,1.0000,0.0000,False,False,False
26962,0.0000,1.0000,False,False,False
26963,1.0000,0.0000,False,False,False
26964,1.0000,0.0000,False,False,False
26965,1.0000,0.0000,False,False,False
26966,1.0000,0.0000,False,False,False
26967,1.0000,0.0000,False,False,False
26968,1.0000,0.0000,False,False,False
26969,1.0000,0.0000,False,False,False
26970,1.0000,0.0000,False,False,False
26971,1.0000,0.0000,False,False,False
26972,1.0000,0.0000,False,False,False
26973,1.0000,0.0000,False,False,False
26974,0.0000,1.0000,False,False,False
26975,1.0000,0.0000,False,False,False
26976,1.0000,0.0000,False,False,False
26977,1.0000,0.0000,False,False,False
26978,0.0000,1.0000,False,False,False
26979,1.0000,0.0000,False,False,False
26980,0.0000,1.0000,False,False,False
26981,1.0000,0.0000,False,False,False
26982,1.0000,0.0000,False,False,False
26983,0.0000,1.0000,False,False,False
26984,1.0000,0.0000,False,False,False
26985,0.0000,1.0000,False,False,False
26986,1.0000,0.0000,False,False,False
26987,0.0000,1.0000,False,False,False
26988,1.0000,0.0000,False,False,False
26989,0.0000,1.0000,False,False,False
26990,1.0000,0.0000,False,False,False
26991,1.0000,0.0000,False,False,False
26992,1.0000,0.0000,False,False,False
26993,1.0000,0.0000,False,False,False
26994,1.0000,0.0000,False,False,False
26995,0.0000,1.0000,False,False,False
26996,1.0000,0.0000,False,False,False
26997,1.0000,0.0000,False,False,False
26998,0.0000,1.0000,False,False,False
26999,1.0000,0.0000,False,False,False
27000,1.0000,0.0000,False,False,False
27001,1.0000,0.0000,False,False,False
27002,0.0000,1.0000,False,False,False
27003,1.0000,0.0000,False,False,False
27004,1.0000,0.0000,False,False,False
27005,0.0000,1.0000,False,False,False
27006,1.0000,0.0000,False,False,False
27007,1.0000,0.0000,False,False,False
27008,1.0000,0.0000,False,False,False
27009,1.0000,0.0000,False,False,False
27010,1.0000,0.0000,False,False,False
27011,0.0000,1.0000,False,False,False
27012,1.0000,0.0000,False,False,False
27013,1.0000,0.0000,False,False,False
27014,1.0000,0.0000,False,False,False
27015,0.0000,1.0000,False,False,False
27016,1.0000,0.0000,False,False,False
27017,0.0000,1.0000,False,False,False
27018,0.0000,1.0000,False,False,False
27019,1.0000,0.0000,False,False,False
27020,1.0000,0.0000,False,False,False
27021,0.0000,1.0000,False,False,False
27022,0.0000,1.0000,False,False,False
27023,1.0000,0.0000,False,False,False
27024,1.0000,0.0000,False,False,False
27025,1.0000,0.0000,False,False,False
27026,0.0000,1.0000,False,False,False
27027,1.0000,0.0000,False,False,False
27028,1.0000,0.0000,False,False,False
27029,1.0000,0.0000,False,False,False
27030,1.0000,0.0000,False,False,False
27031,1.0000,0.0000,False,False,False
27032,1.0000,0.0000,False,False,False
27033,1.0000,0.0000,False,False,False
27034,1.0000,0.0000,False,False,False
27035,1.0000,0.0000,False,False,False
27036,1.0000,0.0000,False,False,False
27037,1.0000,0.0000,False,False,False
27038,1.0000,0.0000,False,False,False
27039,1.0000,0.0000,False,False,False
27040,0.0000,1.0000,False,False,False
27041,0.0000,1.0000,False,False,False
27042,1.0000,0.0000,False,False,False
27043,1.0000,0.0000,False,False,False
27044,1.0000,0.0000,False,False,False
27045,1.0000,0.0000,False,False,False
27046,1.0000,0.0000,False,False,False
27047,1.0000,0.0000,False,False,False
27048,1.0000,0.0000,False,False,False
27049,1.0000,0.0000,False,False,False
27050,1.0000,0.0000,False,False,False
27051,1.0000,0.0000,False,False,False
27052,1.0000,0.0000,False,False,False
27053,1.0000,0.0000,False,False,False
27054,1.0000,0.0000,False,False,False
27055,1.0000,0.0000,False,False,False
27056,0.0000,1.0000,False,False,False
27057,1.0000,0.0000,False,False,False
27058,1.0000,0.0000,False,False,False
27059,1.0000,0.0000,False,False,False
27060,0.0000,1.0000,False,False,False
27061,0.0000,1.0000,False,False,False
27062,0.0000,1.0000,False,False,False
27063,1.0000,0.0000,False,False,False
27064,1.0000,0.0000,False,False,False
27065,1.0000,0.0000,False,False,False
27066,0.0000,1.0000,False,False,False
27067,0.0000,1.0000,False,False,False
27068,0.0000,1.0000,False,False,False
27069,1.0000,0.0000,False,False,False
27070,1.0000,0.0000,False,False,False
27071,1.0000,0.0000,False,False,False
27072,1.0000,0.0000,False,False,False
27073,1.0000,0.0000,False,False,False
27074,0.0000,1.0000,False,False,False
27075,1.0000,0.0000,False,False,False
27076,0.0000,1.0000,False,False,False
27077,0.0000,1.0000,False,False,False
27078,1.0000,0.0000,False,False,False
27079,1.0000,0.0000,False,False,False
27080,1.0000,0.0000,False,False,False
27081,1.0000,0.0000,False,False,False
27082,0.0000,1.0000,False,False,False
27083,0.0000,1.0000,False,False,False
27084,1.0000,0.0000,False,False,False
27085,1.0000,0.0000,False,False,False
27086,1.0000,0.0000,False,False,False
27087,1.0000,0.0000,False,False,False
27088,0.0000,1.0000,False,False,False
27089,1.0000,0.0000,False,False,False
27090,0.0000,1.0000,False,False,False
27091,1.0000,0.0000,False,False,False
27092,1.0000,0.0000,False,False,False
27093,1.0000,0.0000,False,False,False
27094,1.0000,0.0000,False,False,False
27095,1.0000,0.0000,False,False,False
27096,1.0000,0.0000,False,False,False
27097,1.0000,0.0000,False,False,False
27098,1.0000,0.0000,False,False,False
27099,1.0000,0.0000,False,False,False
27100,1.0000,0.0000,False,False,False
27101,1.0000,0.0000,False,False,False
27102,1.0000,0.0000,False,False,False
27103,0.0000,1.0000,False,False,False
27104,1.0000,0.0000,False,False,False
27105,0.0000,1.0000,False,False,False
27106,0.0000,1.0000,False,False,False
27107,0.0000,1.0000,False,False,False
27108,1.0000,0.0000,False,False,False
27109,1.0000,0.0000,False,False,False
27110,1.0000,0.0000,False,False,False
27111,1.0000,0.0000,False,False,False
27112,0.0000,1.0000,False,False,False
27113,1.0000,0.0000,False,False,False
27114,1.0000,0.0000,False,False,False
27115,1.0000,0.0000,False,False,False
27116,1.0000,0.0000,False,False,False
27117,1.0000,0.0000,False,False,False
27118,1.0000,0.0000,False,False,False
27119,1.0000,0.0000,False,False,False
27120,1.0000,0.0000,False,False,False
27121,0.0000,1.0000,False,False,False
27122,0.0000,1.0000,False,False,False
27123,1.0000,0.0000,False,False,False
27124,0.0000,1.0000,False,False,False
27125,1.0000,0.0000,False,False,False
27126,1.0000,0.0000,False,False,False
27127,1.0000,0.0000,False,False,False
27128,0.0000,1.0000,False,False,False
27129,0.0000,1.0000,False,False,False
27130,1.0000,0.0000,False,False,False
27131,1.0000,0.0000,False,False,False
27132,1.0000,0.0000,False,False,False
27133,1.0000,0.0000,False,False,False
27134,1.0000,0.0000,False,False,False
27135,1.0000,0.0000,False,False,False
27136,1.0000,0.0000,False,False,False
27137,1.0000,0.0000,False,False,False
27138,0.0000,1.0000,False,False,False
27139,1.0000,0.0000,False,False,False
27140,0.0000,1.0000,False,False,False
27141,1.0000,0.0000,False,False,False
27142,1.0000,0.0000,False,False,False
27143,1.0000,0.0000,False,False,False
27144,0.0000,1.0000,False,False,False
27145,0.0000,1.0000,False,False,False
27146,1.0000,0.0000,False,False,False
27147,0.0000,1.0000,False,False,False
27148,1.0000,0.0000,False,False,False
27149,0.0000,1.0000,False,False,False
27150,1.0000,0.0000,False,False,False
27151,1.0000,0.0000,False,False,False
27152,1.0000,0.0000,False,False,False
27153,1.0000,0.0000,False,False,False
27154,0.0000,1.0000,False,False,False
27155,1.0000,0.0000,False,False,False
27156,1.0000,0.0000,False,False,False
27157,1.0000,0.0000,False,False,False
27158,1.0000,0.0000,False,False,False
27159,1.0000,0.0000,False,False,False
27160,0.0000,1.0000,False,False,False
27161,0.0000,1.0000,False,False,False
27162,1.0000,0.0000,False,False,False
27163,1.0000,0.0000,False,False,False
27164,1.0000,0.0000,False,False,False
27165,1.0000,0.0000,False,False,False
27166,0.0000,1.0000,False,False,False
27167,0.0000,1.0000,False,False,False
27168,0.0000,1.0000,False,False,False
27169,0.0000,1.0000,False,False,False
27170,0.0000,1.0000,False,False,False
27171,1.0000,0.0000,False,False,False
27172,1.0000,0.0000,False,False,False
27173,1.0000,0.0000,False,False,False
27174,1.0000,0.0000,False,False,False
27175,1.0000,0.0000,False,False,False
27176,1.0000,0.0000,False,False,False
27177,1.0000,0.0000,False,False,False
27178,1.0000,0.0000,False,False,False
27179,1.0000,0.0000,False,False,False
27180,1.0000,0.0000,False,False,False
27181,1.0000,0.0000,False,False,False
27182,1.0000,0.0000,False,False,False
27183,1.0000,0.0000,False,False,False
27184,1.0000,0.0000,False,False,False
27185,0.0000,1.0000,False,False,False
27186,1.0000,0.0000,False,False,False
27187,1.0000,0.0000,False,False,False
27188,1.0000,0.0000,False,False,False
27189,1.0000,0.0000,False,False,False
27190,0.0000,1.0000,False,False,False
27191,0.0000,1.0000,False,False,False
27192,1.0000,0.0000,False,False,False
27193,1.0000,0.0000,False,False,False
27194,1.0000,0.0000,False,False,False
27195,1.0000,0.0000,False,False,False
27196,0.0000,1.0000,False,False,False
27197,1.0000,0.0000,False,False,False
27198,0.0000,1.0000,False,False,False
27199,1.0000,0.0000,False,False,False
27200,1.0000,0.0000,False,False,False
27201,1.0000,0.0000,False,False,False
27202,1.0000,0.0000,False,False,False
27203,1.0000,0.0000,False,False,False
27204,1.0000,0.0000,False,False,False
27205,1.0000,0.0000,False,False,False
27206,0.0000,1.0000,False,False,False
27207,0.0000,1.0000,False,False,False
27208,1.0000,0.0000,False,False,False
27209,0.0000,1.0000,False,False,False
27210,0.0000,1.0000,False,False,False
27211,0.0000,1.0000,False,False,False
27212,0.0000,1.0000,False,False,False
27213,0.0000,1.0000,False,False,False
27214,0.0000,1.0000,False,False,False
27215,1.0000,0.0000,False,False,False
27216,1.0000,0.0000,False,False,False
27217,1.0000,0.0000,False,False,False
27218,1.0000,0.0000,False,False,False
27219,1.0000,0.0000,False,False,False
27220,0.0000,1.0000,False,False,False
27221,0.0000,1.0000,False,False,False
27222,1.0000,0.0000,False,False,False
27223,1.0000,0.0000,False,False,False
27224,1.0000,0.0000,False,False,False
27225,1.0000,0.0000,False,False,False
27226,0.0000,1.0000,False,False,False
27227,0.0000,1.0000,False,False,False
27228,0.0000,1.0000,False,False,False
27229,1.0000,0.0000,False,False,False
27230,1.0000,0.0000,False,False,False
27231,0.0000,1.0000,False,False,False
27232,1.0000,0.0000,False,False,False
27233,1.0000,0.0000,False,False,False
27234,1.0000,0.0000,False,False,False
27235,1.0000,0.0000,False,False,False
27236,1.0000,0.0000,False,False,False
27237,1.0000,0.0000,False,False,False
27238,1.0000,0.0000,False,False,False
27239,0.0000,1.0000,False,False,False
27240,1.0000,0.0000,False,False,False
27241,0.0000,1.0000,False,False,False
27242,1.0000,0.0000,False,False,False
27243,1.0000,0.0000,False,False,False
27244,1.0000,0.0000,False,False,False
27245,0.0000,1.0000,False,False,False
27246,0.0000,1.0000,False,False,False
27247,1.0000,0.0000,False,False,False
27248,0.0000,1.0000,False,False,False
27249,1.0000,0.0000,False,False,False
27250,1.0000,0.0000,False,False,False
27251,1.0000,0.0000,False,False,False
27252,1.0000,0.0000,False,False,False
27253,1.0000,0.0000,False,False,False
27254,1.0000,0.0000,False,False,False
27255,1.0000,0.0000,False,False,False
27256,1.0000,0.0000,False,False,False
27257,1.0000,0.0000,False,False,False
27258,1.0000,0.0000,False,False,False
27259,1.0000,0.0000,False,False,False
27260,0.0000,1.0000,False,False,False
27261,1.0000,0.0000,False,False,False
27262,1.0000,0.0000,False,False,False
27263,0.0000,1.0000,False,False,False
27264,1.0000,0.0000,False,False,False
27265,0.0000,1.0000,False,False,False
27266,1.0000,0.0000,False,False,False
27267,0.0000,1.0000,False,False,False
27268,1.0000,0.0000,False,False,False
27269,0.0000,1.0000,False,False,False
27270,0.0000,1.0000,False,False,False
27271,1.0000,0.0000,False,False,False
27272,1.0000,0.0000,False,False,False
27273,0.0000,1.0000,False,False,False
27274,1.0000,0.0000,False,False,False
27275,1.0000,0.0000,False,False,False
27276,1.0000,0.0000,False,False,False
27277,1.0000,0.0000,False,False,False
27278,0.0000,1.0000,False,False,False
27279,1.0000,0.0000,False,False,False
27280,1.0000,0.0000,False,False,False
27281,1.0000,0.0000,False,False,False
27282,1.0000,0.0000,False,False,False
27283,0.0000,1.0000,False,False,False
27284,1.0000,0.0000,False,False,False
27285,0.0000,1.0000,False,False,False
27286,0.0000,1.0000,False,False,False
27287,1.0000,0.0000,False,False,False
27288,0.0000,1.0000,False,False,False
27289,0.0000,1.0000,False,False,False
27290,0.0000,1.0000,False,False,False
27291,1.0000,0.0000,False,False,False
27292,1.0000,0.0000,False,False,False
27293,0.0000,1.0000,False,False,False
27294,0.0000,1.0000,False,False,False
27295,1.0000,0.0000,False,False,False
27296,1.0000,0.0000,False,False,False
27297,1.0000,0.0000,False,False,False
27298,1.0000,0.0000,False,False,False
27299,1.0000,0.0000,False,False,False
27300,1.0000,0.0000,False,False,False
27301,1.0000,0.0000,False,False,False
27302,1.0000,0.0000,False,False,False
27303,1.0000,0.0000,False,False,False
27304,1.0000,0.0000,False,False,False
27305,1.0000,0.0000,False,False,False
27306,1.0000,0.0000,False,False,False
27307,0.0000,1.0000,False,False,False
27308,1.0000,0.0000,False,False,False
27309,1.0000,0.0000,False,False,False
27310,1.0000,0.0000,False,False,False
27311,0.0000,1.0000,False,False,False
27312,0.0000,1.0000,False,False,False
27313,1.0000,0.0000,False,False,False
27314,1.0000,0.0000,False,False,False
27315,0.0000,1.0000,False,False,False
27316,1.0000,0.0000,False,False,False
27317,1.0000,0.0000,False,False,False
27318,1.0000,0.0000,False,False,False
27319,0.0000,1.0000,False,False,False
27320,1.0000,0.0000,False,False,False
27321,1.0000,0.0000,False,False,False
27322,0.0000,1.0000,False,False,False
27323,0.0000,1.0000,False,False,False
27324,1.0000,0.0000,False,False,False
27325,1.0000,0.0000,False,False,False
27326,1.0000,0.0000,False,False,False
27327,1.0000,0.0000,False,False,False
27328,1.0000,0.0000,False,False,False
27329,0.0000,1.0000,False,False,False
27330,1.0000,0.0000,False,False,False
27331,1.0000,0.0000,False,False,False
27332,1.0000,0.0000,False,False,False
27333,0.0000,1.0000,False,False,False
27334,0.0000,1.0000,False,False,False
27335,0.0000,1.0000,False,False,False
27336,1.0000,0.0000,False,False,False
27337,1.0000,0.0000,False,False,False
27338,1.0000,0.0000,False,False,False
27339,0.0000,1.0000,False,False,False
27340,1.0000,0.0000,False,False,False
27341,1.0000,0.0000,False,False,False
27342,1.0000,0.0000,False,False,False
27343,0.0000,1.0000,False,False,False
27344,0.0000,1.0000,False,False,False
27345,1.0000,0.0000,False,False,False
27346,0.0000,1.0000,False,False,False
27347,1.0000,0.0000,False,False,False
27348,1.0000,0.0000,False,False,False
27349,0.0000,1.0000,False,False,False
27350,0.0000,1.0000,False,False,False
27351,1.0000,0.0000,False,False,False
27352,1.0000,0.0000,False,False,False
27353,0.0000,1.0000,False,False,False
27354,1.0000,0.0000,False,False,False
27355,1.0000,0.0000,False,False,False
27356,1.0000,0.0000,False,False,False
27357,1.0000,0.0000,False,False,False
27358,1.0000,0.0000,False,False,False
27359,0.0000,1.0000,False,False,False
27360,1.0000,0.0000,False,False,False
27361,0.0000,1.0000,False,False,False
27362,1.0000,0.0000,False,False,False
27363,1.0000,0.0000,False,False,False
27364,0.0000,1.0000,False,False,False
27365,0.0000,1.0000,False,False,False
27366,0.0000,1.0000,False,False,False
27367,1.0000,0.0000,False,False,False
27368,1.0000,0.0000,False,False,False
27369,1.0000,0.0000,False,False,False
27370,1.0000,0.0000,False,False,False
27371,1.0000,0.0000,False,False,False
27372,0.0000,1.0000,False,False,False
27373,1.0000,0.0000,False,False,False
27374,0.0000,1.0000,False,False,False
27375,1.0000,0.0000,False,False,False
27376,1.0000,0.0000,False,False,False
27377,1.0000,0.0000,False,False,False
27378,1.0000,0.0000,False,False,False
27379,1.0000,0.0000,False,False,False
27380,1.0000,0.0000,False,False,False
27381,1.0000,0.0000,False,False,False
27382,1.0000,0.0000,False,False,False
27383,1.0000,0.0000,False,False,False
27384,1.0000,0.0000,False,False,False
27385,0.0000,1.0000,False,False,False
27386,1.0000,0.0000,False,False,False
27387,1.0000,0.0000,False,False,False
27388,0.0000,1.0000,False,False,False
27389,1.0000,0.0000,False,False,False
27390,0.0000,1.0000,False,False,False
27391,0.0000,1.0000,False,False,False
27392,1.0000,0.0000,False,False,False
27393,1.0000,0.0000,False,False,False
27394,0.0000,1.0000,False,False,False
27395,1.0000,0.0000,False,False,False
27396,1.0000,0.0000,False,False,False
27397,1.0000,0.0000,False,False,False
27398,1.0000,0.0000,False,False,False
27399,1.0000,0.0000,False,False,False
27400,0.0000,1.0000,False,False,False
27401,1.0000,0.0000,False,False,False
27402,1.0000,0.0000,False,False,False
27403,1.0000,0.0000,False,False,False
27404,1.0000,0.0000,False,False,False
27405,1.0000,0.0000,False,False,False
27406,1.0000,0.0000,False,False,False
27407,1.0000,0.0000,False,False,False
27408,1.0000,0.0000,False,False,False
27409,1.0000,0.0000,False,False,False
27410,1.0000,0.0000,False,False,False
27411,1.0000,0.0000,False,False,False
27412,1.0000,0.0000,False,False,False
27413,1.0000,0.0000,False,False,False
27414,0.0000,1.0000,False,False,False
27415,1.0000,0.0000,False,False,False
27416,0.0000,1.0000,False,False,False
27417,1.0000,0.0000,False,False,False
27418,1.0000,0.0000,False,False,False
27419,1.0000,0.0000,False,False,False
27420,0.0000,1.0000,False,False,False
27421,0.0000,1.0000,False,False,False
27422,1.0000,0.0000,False,False,False
27423,1.0000,0.0000,False,False,False
27424,1.0000,0.0000,False,False,False
27425,1.0000,0.0000,False,False,False
27426,1.0000,0.0000,False,False,False
27427,1.0000,0.0000,False,False,False
27428,1.0000,0.0000,False,False,False
27429,0.0000,1.0000,False,False,False
27430,1.0000,0.0000,False,False,False
27431,1.0000,0.0000,False,False,False
27432,0.0000,1.0000,False,False,False
27433,0.0000,1.0000,False,False,False
27434,0.0000,1.0000,False,False,False
27435,1.0000,0.0000,False,False,False
27436,1.0000,0.0000,False,False,False
27437,1.0000,0.0000,False,False,False
27438,1.0000,0.0000,False,False,False
27439,1.0000,0.0000,False,False,False
27440,1.0000,0.0000,False,False,False
27441,1.0000,0.0000,False,False,False
27442,1.0000,0.0000,False,False,False
27443,1.0000,0.0000,False,False,False
27444,1.0000,0.0000,False,False,False
27445,0.0000,1.0000,False,False,False
27446,0.0000,1.0000,False,False,False
27447,1.0000,0.0000,False,False,False
27448,1.0000,0.0000,False,False,False
27449,0.0000,1.0000,False,False,False
27450,1.0000,0.0000,False,False,False
27451,1.0000,0.0000,False,False,False
27452,1.0000,0.0000,False,False,False
27453,1.0000,0.0000,False,False,False
27454,1.0000,0.0000,False,False,False
27455,0.0000,1.0000,False,False,False
27456,1.0000,0.0000,False,False,False
27457,1.0000,0.0000,False,False,False
27458,1.0000,0.0000,False,False,False
27459,1.0000,0.0000,False,False,False
27460,1.0000,0.0000,False,False,False
27461,0.0000,1.0000,False,False,False
27462,1.0000,0.0000,False,False,False
27463,1.0000,0.0000,False,False,False
27464,1.0000,0.0000,False,False,False
27465,0.0000,1.0000,False,False,False
27466,1.0000,0.0000,False,False,False
27467,0.0000,1.0000,False,False,False
27468,0.0000,1.0000,False,False,False
27469,0.0000,1.0000,False,False,False
27470,1.0000,0.0000,False,False,False
27471,0.0000,1.0000,False,False,False
27472,0.0000,1.0000,False,False,False
27473,1.0000,0.0000,False,False,False
27474,1.0000,0.0000,False,False,False
27475,1.0000,0.0000,False,False,False
27476,0.0000,1.0000,False,False,False
27477,1.0000,0.0000,False,False,False
27478,1.0000,0.0000,False,False,False
27479,1.0000,0.0000,False,False,False
27480,1.0000,0.0000,False,False,False
27481,1.0000,0.0000,False,False,False
27482,1.0000,0.0000,False,False,False
27483,0.0000,1.0000,False,False,False
27484,0.0000,1.0000,False,False,False
27485,1.0000,0.0000,False,False,False
27486,1.0000,0.0000,False,False,False
27487,0.0000,1.0000,False,False,False
27488,1.0000,0.0000,False,False,False
27489,1.0000,0.0000,False,False,False
27490,1.0000,0.0000,False,False,False
27491,1.0000,0.0000,False,False,False
27492,1.0000,0.0000,False,False,False
27493,1.0000,0.0000,False,False,False
27494,1.0000,0.0000,False,False,False
27495,1.0000,0.0000,False,False,False
27496,1.0000,0.0000,False,False,False
27497,1.0000,0.0000,False,False,False
27498,1.0000,0.0000,False,False,False
27499,1.0000,0.0000,False,False,False
27500,1.0000,0.0000,True,True,False
27501,1.0000,0.0000,True,True,False
27502,1.0000,0.0000,True,True,False
27503,1.0000,0.0000,True,True,False
27504,1.0000,0.0000,True,True,False
27505,1.0000,0.0000,True,True,False
27506,0.0000,1.0000,True,True,False
27507,1.0000,0.0000,True,True,False
27508,1.0000,0.0000,True,True,False
27509,1.0000,0.0000,True,True,False
27510,0.0000,1.0000,True,False,True
27511,1.0000,0.0000,False,False,False
27512,1.0000,0.0000,False,False,False
27513,1.0000,0.0000,False,False,False
27514,0.0000,1.0000,False,False,False
27515,1.0000,0.0000,False,False,False
27516,1.0000,0.0000,False,False,False
27517,1.0000,0.0000,False,False,False
27518,1.0000,0.0000,False,False,False
27519,0.0000,1.0000,False,False,False
27520,0.0000,1.0000,False,False,False
27521,0.0000,1.0000,False,False,False
27522,0.0000,1.0000,False,False,False
27523,1.0000,0.0000,False,False,False
27524,1.0000,0.0000,False,False,False
27525,1.0000,0.0000,False,False,False
27526,1.0000,0.0000,False,False,False
27527,1.0000,0.0000,False,False,False
27528,0.0000,1.0000,False,False,False
27529,1.0000,0.0000,False,False,False
27530,1.0000,0.0000,False,False,False
27531,1.0000,0.0000,False,False,False
27532,1.0000,0.0000,False,False,False
27533,1.0000,0.0000,False,False,False
27534,1.0000,0.0000,False,False,False
27535,0.0000,1.0000,False,False,False
27536,1.0000,0.0000,False,False,False
27537,1.0000,0.0000,False,False,False
27538,1.0000,0.0000,False,False,False
27539,0.0000,1.0000,False,False,False
27540,1.0000,0.0000,False,False,False
27541,1.0000,0.0000,False,False,False
27542,1.0000,0.0000,False,False,False
27543,1.0000,0.0000,False,False,False
27544,0.0000,1.0000,False,False,False
27545,1.0000,0.0000,False,False,False
27546,1.0000,0.0000,False,False,False
27547,0.0000,1.0000,False,False,False
27548,1.0000,0.0000,False,False,False
27549,0.0000,1.0000,False,False,False
27550,1.0000,0.0000,False,False,False
27551,1.0000,0.0000,False,False,False
27552,1.0000,0.0000,False,False,False
27553,1.0000,0.0000,False,False,False
27554,1.0000,0.0000,False,False,False
27555,1.0000,0.0000,False,False,False
27556,1.0000,0.0000,False,False,False
27557,1.0000,0.0000,False,False,False
27558,1.0000,0.0000,False,False,False
27559,1.0000,0.0000,False,False,False
27560,0.0000,1.0000,False,False,False
27561,1.0000,0.0000,False,False,False
27562,1.0000,0.0000,False,False,False
27563,1.0000,0.0000,False,False,False
27564,1.0000,0.0000,False,False,False
27565,0.0000,1.0000,False,False,False
27566,0.0000,1.0000,False,False,False
27567,0.0000,1.0000,False,False,False
27568,1.0000,0.0000,False,False,False
27569,1.0000,0.0000,False,False,False
27570,0.0000,1.0000,False,False,False
27571,0.0000,1.0000,False,False,False
27572,1.0000,0.0000,False,False,False
27573,0.0000,1.0000,False,False,False
27574,1.0000,0.0000,False,False,False
27575,1.0000,0.0000,False,False,False
27576,1.0000,0.0000,False,False,False
27577,1.0000,0.0000,False,False,False
27578,1.0000,0.0000,False,False,False
27579,1.0000,0.0000,False,False,False
27580,1.0000,0.0000,False,False,False
27581,0.0000,1.0000,False,False,False
27582,1.0000,0.0000,False,False,False
27583,1.0000,0.0000,False,False,False
27584,0.0000,1.0000,False,False,False
27585,1.0000,0.0000,False,False,False
27586,1.0000,0.0000,False,False,False
27587,0.0000,1.0000,False,False,False
27588,0.0000,1.0000,False,False,False
27589,1.0000,0.0000,False,False,False
27590,1.0000,0.0000,False,False,False
27591,1.0000,0.0000,False,False,False
27592,1.0000,0.0000,False,False,False
27593,1.0000,0.0000,False,False,False
27594,0.0000,1.0000,False,False,False
27595,0.0000,1.0000,False,False,False
27596,1.0000,0.0000,False,False,False
27597,1.0000,0.0000,False,False,False
27598,0.0000,1.0000,False,False,False
27599,0.0000,1.0000,False,False,False
27600,1.0000,0.0000,False,False,False
27601,1.0000,0.0000,False,False,False
27602,0.0000,1.0000,False,False,False
27603,0.0000,1.0000,False,False,False
27604,1.0000,0.0000,False,False,False
27605,1.0000,0.0000,False,False,False
27606,1.0000,0.0000,False,False,False
27607,0.0000,1.0000,False,False,False
27608,0.0000,1.0000,False,False,False
27609,0.0000,1.0000,False,False,False
27610,1.0000,0.0000,False,False,False
27611,1.0000,0.0000,False,False,False
27612,0.0000,1.0000,False,False,False
27613,1.0000,0.0000,False,False,False
27614,0.0000,1.0000,False,False,False
27615,1.0000,0.0000,False,False,False
27616,1.0000,0.0000,False,False,False
27617,0.0000,1.0000,False,False,False
27618,1.0000,0.0000,False,False,False
27619,1.0000,0.0000,False,False,False
27620,0.0000,1.0000,False,False,False
27621,1.0000,0.0000,False,False,False
27622,1.0000,0.0000,False,False,False
27623,0.0000,1.0000,False,False,False
27624,0.0000,1.0000,False,False,False
27625,1.0000,0.0000,False,False,False
27626,1.0000,0.0000,False,False,False
27627,1.0000,0.0000,False,False,False
27628,1.0000,0.0000,False,False,False
27629,1.0000,0.0000,False,False,False
27630,1.0000,0.0000,False,False,False
27631,1.0000,0.0000,False,False,False
27632,1.0000,0.0000,False,False,False
27633,0.0000,1.0000,False,False,False
27634,0.0000,1.0000,False,False,False
27635,1.0000,0.0000,False,False,False
27636,1.0000,0.0000,False,False,False
27637,1.0000,0.0000,False,False,False
27638,0.0000,1.0000,False,False,False
27639,1.0000,0.0000,False,False,False
27640,1.0000,0.0000,False,False,False
27641,1.0000,0.0000,False,False,False
27642,0.0000,1.0000,False,False,False
27643,0.0000,1.0000,False,False,False
27644,0.0000,1.0000,False,False,False
27645,1.0000,0.0000,False,False,False
27646,1.0000,0.0000,False,False,False
27647,1.0000,0.0000,False,False,False
27648,1.0000,0.0000,False,False,False
27649,1.0000,0.0000,False,False,False
27650,1.0000,0.0000,False,False,False
27651,1.0000,0.0000,False,False,False
27652,1.0000,0.0000,False,False,False
27653,1.0000,0.0000,False,False,False
27654,0.0000,1.0000,False,False,False
27655,1.0000,0.0000,False,False,False
27656,1.0000,0.0000,False,False,False
27657,0.0000,1.0000,False,False,False
27658,1.0000,0.0000,False,False,False
27659,0.0000,1.0000,False,False,False
27660,0.0000,1.0000,False,False,False
27661,1.0000,0.0000,False,False,False
27662,1.0000,0.0000,False,False,False
27663,1.0000,0.0000,False,False,False
27664,0.0000,1.0000,False,False,False
27665,1.0000,0.0000,False,False,False
27666,1.0000,0.0000,False,False,False
27667,1.0000,0.0000,False,False,False
27668,0.0000,1.0000,False,False,False
27669,1.0000,0.0000,False,False,False
27670,0.0000,1.0000,False,False,False
27671,0.0000,1.0000,False,False,False
27672,1.0000,0.0000,False,False,False
27673,1.0000,0.0000,False,False,False
27674,1.0000,0.0000,False,False,False
27675,1.0000,0.0000,False,False,False
27676,1.0000,0.0000,False,False,False
27677,1.0000,0.0000,False,False,False
27678,1.0000,0.0000,False,False,False
27679,1.0000,0.0000,False,False,False
27680,1.0000,0.0000,False,False,False
27681,1.0000,0.0000,False,False,False
27682,1.0000,0.0000,False,False,False
27683,1.0000,0.0000,False,False,False
27684,0.0000,1.0000,False,False,False
27685,1.0000,0.0000,False,False,False
27686,1.0000,0.0000,False,False,False
27687,1.0000,0.0000,False,False,False
27688,1.0000,0.0000,False,False,False
27689,0.0000,1.0000,False,False,False
27690,1.0000,0.0000,False,False,False
27691,1.0000,0.0000,False,False,False
27692,1.0000,0.0000,False,False,False
27693,0.0000,1.0000,False,False,False
27694,1.0000,0.0000,False,False,False
27695,1.0000,0.0000,False,False,False
27696,0.0000,1.0000,False,False,False
27697,1.0000,0.0000,False,False,False
27698,1.0000,0.0000,False,False,False
27699,1.0000,0.0000,False,False,False
27700,1.0000,0.0000,False,False,False
27701,0.0000,1.0000,False,False,False
27702,1.0000,0.0000,False,False,False
27703,1.0000,0.0000,False,False,False
27704,1.0000,0.0000,False,False,False
27705,1.0000,0.0000,False,False,False
27706,1.0000,0.0000,False,False,False
27707,1.0000,0.0000,False,False,False
27708,1.0000,0.0000,False,False,False
27709,1.0000,0.0000,False,False,False
27710,1.0000,0.0000,False,False,False
27711,0.0000,1.0000,False,False,False
27712,1.0000,0.0000,False,False,False
27713,0.0000,1.0000,False,False,False
27714,1.0000,0.0000,False,False,False
27715,1.0000,0.0000,False,False,False
27716,0.0000,1.0000,False,False,False
27717,1.0000,0.0000,False,False,False
27718,1.0000,0.0000,False,False,False
27719,0.0000,1.0000,False,False,False
27720,1.0000,0.0000,False,False,False
27721,1.0000,0.0000,False,False,False
27722,0.0000,1.0000,False,False,False
27723,1.0000,0.0000,False,False,False
27724,0.0000,1.0000,False,False,False
27725,1.0000,0.0000,False,False,False
27726,1.0000,0.0000,False,False,False
27727,0.0000,1.0000,False,False,False
27728,1.0000,0.0000,False,False,False
27729,0.0000,1.0000,False,False,False
27730,0.0000,1.0000,False,False,False
27731,0.0000,1.0000,False,False,False
27732,1.0000,0.0000,False,False,False
27733,0.0000,1.0000,False,False,False
27734,1.0000,0.0000,False,False,False
27735,1.0000,0.0000,False,False,False
27736,1.0000,0.0000,False,False,False
27737,0.0000,1.0000,False,False,False
27738,1.0000,0.0000,False,False,False
27739,0.0000,1.0000,False,False,False
27740,1.0000,0.0000,False,False,False
27741,1.0000,0.0000,False,False,False
27742,1.0000,0.0000,False,False,False
27743,1.0000,0.0000,False,False,False
27744,1.0000,0.0000,False,False,False
27745,1.0000,0.0000,False,False,False
27746,1.0000,0.0000,False,False,False
27747,0.0000,1.0000,False,False,False
27748,0.0000,1.0000,False,False,False
27749,1.0000,0.0000,False,False,False
27750,1.0000,0.0000,False,False,False
27751,1.0000,0.0000,False,False,False
27752,1.0000,0.0000,False,False,False
27753,1.0000,0.0000,False,False,False
27754,1.0000,0.0000,False,False,False
27755,1.0000,0.0000,False,False,False
27756,0.0000,1.0000,False,False,False
27757,1.0000,0.0000,False,False,False
27758,1.0000,0.0000,False,False,False
27759,1.0000,0.0000,False,False,False
27760,0.0000,1.0000,False,False,False
27761,1.0000,0.0000,False,False,False
27762,1.0000,0.0000,False,False,False
27763,1.0000,0.0000,False,False,False
27764,1.0000,0.0000,False,False,False
27765,1.0000,0.0000,False,False,False
27766,0.0000,1.0000,False,False,False
27767,0.0000,1.0000,False,False,False
27768,1.0000,0.0000,False,False,False
27769,1.0000,0.0000,False,False,False
27770,1.0000,0.0000,False,False,False
27771,1.0000,0.0000,False,False,False
27772,1.0000,0.0000,False,False,False
27773,1.0000,0.0000,False,False,False
27774,1.0000,0.0000,False,False,False
27775,1.0000,0.0000,False,False,False
27776,1.0000,0.0000,False,False,False
27777,0.0000,1.0000,False,False,False
27778,1.0000,0.0000,False,False,False
27779,1.0000,0.0000,False,False,False
27780,1.0000,0.0000,False,False,False
27781,1.0000,0.0000,False,False,False
27782,1.0000,0.0000,False,False,False
27783,1.0000,0.0000,False,False,False
27784,0.0000,1.0000,False,False,False
27785,1.0000,0.0000,False,False,False
27786,0.0000,1.0000,False,False,False
27787,1.0000,0.0000,False,False,False
27788,0.0000,1.0000,False,False,False
27789,1.0000,0.0000,False,False,False
27790,1.0000,0.0000,False,False,False
27791,1.0000,0.0000,False,False,False
27792,1.0000,0.0000,False,False,False
27793,0.0000,1.0000,False,False,False
27794,0.0000,1.0000,False,False,False
27795,0.0000,1.0000,False,False,False
27796,0.0000,1.0000,False,False,False
27797,1.0000,0.0000,False,False,False
27798,0.0000,1.0000,False,False,False
27799,0.0000,1.0000,False,False,False
27800,0.0000,1.0000,False,False,False
27801,0.0000,1.0000,False,False,False
27802,1.0000,0.0000,False,False,False
27803,0.0000,1.0000,False,False,False
27804,1.0000,0.0000,False,False,False
27805,1.0000,0.0000,False,False,False
27806,1.0000,0.0000,False,False,False
27807,0.0000,1.0000,False,False,False
27808,1.0000,0.0000,False,False,False
27809,0.0000,1.0000,False,False,False
27810,1.0000,0.0000,False,False,False
27811,1.0000,0.0000,False,False,False
27812,0.0000,1.0000,False,False,False
27813,1.0000,0.0000,False,False,False
27814,1.0000,0.0000,False,False,False
27815,1.0000,0.0000,False,False,False
27816,1.0000,0.0000,False,False,False
27817,1.0000,0.0000,False,False,False
27818,1.0000,0.0000,False,False,False
27819,1.0000,0.0000,False,False,False
27820,0.0000,1.0000,False,False,False
27821,1.0000,0.0000,False,False,False
27822,1.0000,0.0000,False,False,False
27823,0.0000,1.0000,False,False,False
27824,0.0000,1.0000,False,False,False
27825,1.0000,0.0000,False,False,False
27826,1.0000,0.0000,False,False,False
27827,1.0000,0.0000,False,False,False
27828,0.0000,1.0000,False,False,False
27829,1.0000,0.0000,False,False,False
27830,0.0000,1.0000,False,False,False
27831,0.0000,1.0000,False,False,False
27832,1.0000,0.0000,False,False,False
27833,1.0000,0.0000,False,False,False
27834,1.0000,0.0000,False,False,False
27835,1.0000,0.0000,False,False,False
27836,1.0000,0.0000,False,False,False
27837,1.0000,0.0000,False,False,False
27838,1.0000,0.0000,False,False,False
27839,0.0000,1.0000,False,False,False
27840,0.0000,1.0000,False,False,False
27841,1.0000,0.0000,False,False,False
27842,1.0000,0.0000,False,False,False
27843,1.0000,0.0000,False,False,False
27844,1.0000,0.0000,False,False,False
27845,1.0000,0.0000,False,False,False
27846,1.0000,0.0000,False,False,False
27847,0.0000,1.0000,False,False,False
27848,0.0000,1.0000,False,False,False
27849,1.0000,0.0000,False,False,False
27850,1.0000,0.0000,False,False,False
27851,1.0000,0.0000,False,False,False
27852,0.0000,1.0000,False,False,False
27853,1.0000,0.0000,False,False,False
27854,1.0000,0.0000,False,False,False
27855,1.0000,0.0000,False,False,False
27856,1.0000,0.0000,False,False,False
27857,1.0000,0.0000,False,False,False
27858,1.0000,0.0000,False,False,False
27859,1.0000,0.0000,False,False,False
27860,1.0000,0.0000,False,False,False
27861,1.0000,0.0000,False,False,False
27862,1.0000,0.0000,False,False,False
27863,1.0000,0.0000,False,False,False
27864,1.0000,0.0000,False,False,False
27865,0.0000,1.0000,False,False,False
27866,1.0000,0.0000,False,False,False
27867,0.0000,1.0000,False,False,False
27868,1.0000,0.0000,False,False,False
27869,1.0000,0.0000,False,False,False
27870,1.0000,0.0000,False,False,False
27871,1.0000,0.0000,False,False,False
27872,1.0000,0.0000,False,False,False
27873,1.0000,0.0000,False,False,False
27874,1.0000,0.0000,False,False,False
27875,1.0000,0.0000,False,False,False
27876,1.0000,0.0000,False,False,False
27877,1.0000,0.0000,False,False,False
27878,0.0000,1.0000,False,False,False
27879,1.0000,0.0000,False,False,False
27880,0.0000,1.0000,False,False,False
27881,0.0000,1.0000,False,False,False
27882,1.0000,0.0000,False,False,False
27883,1.0000,0.0000,False,False,False
27884,1.0000,0.0000,False,False,False
27885,1.0000,0.0000,False,False,False
27886,1.0000,0.0000,False,False,False
27887,1.0000,0.0000,False,False,False
27888,0.0000,1.0000,False,False,False
27889,0.0000,1.0000,False,False,False
27890,0.0000,1.0000,False,False,False
27891,0.0000,1.0000,False,False,False
27892,1.0000,0.0000,False,False,False
27893,1.0000,0.0000,False,False,False
27894,1.0000,0.0000,False,False,False
27895,1.0000,0.0000,False,False,False
27896,1.0000,0.0000,False,False,False
27897,1.0000,0.0000,False,False,False
27898,1.0000,0.0000,False,False,False
27899,1.0000,0.0000,False,False,False
27900,1.0000,0.0000,False,False,False
27901,1.0000,0.0000,False,False,False
27902,1.0000,0.0000,False,False,False
27903,0.0000,1.0000,False,False,False
27904,1.0000,0.0000,False,False,False
27905,1.0000,0.0000,False,False,False
27906,1.0000,0.0000,False,False,False
27907,1.0000,0.0000,False,False,False
27908,1.0000,0.0000,False,False,False
27909,0.0000,1.0000,False,False,False
27910,1.0000,0.0000,False,False,False
27911,0.0000,1.0000,False,False,False
27912,1.0000,0.0000,False,False,False
27913,0.0000,1.0000,False,False,False
27914,0.0000,1.0000,False,False,False
27915,1.0000,0.0000,False,False,False
27916,1.0000,0.0000,False,False,False
27917,1.0000,0.0000,False,False,False
27918,1.0000,0.0000,False,False,False
27919,1.0000,0.0000,False,False,False
27920,1.0000,0.0000,False,False,False
27921,0.0000,1.0000,False,False,False
27922,1.0000,0.0000,False,False,False
27923,0.0000,1.0000,False,False,False
27924,1.0000,0.0000,False,False,False
27925,1.0000,0.0000,False,False,False
27926,1.0000,0.0000,False,False,False
27927,1.0000,0.0000,False,False,False
27928,0.0000,1.0000,False,False,False
27929,0.0000,1.0000,False,False,False
27930,1.0000,0.0000,False,False,False
27931,0.0000,1.0000,False,False,False
27932,1.0000,0.0000,False,False,False
27933,1.0000,0.0000,False,False,False
27934,1.0000,0.0000,False,False,False
27935,1.0000,0.0000,False,False,False
27936,1.0000,0.0000,False,False,False
27937,1.0000,0.0000,False,False,False
27938,1.0000,0.0000,False,False,False
27939,1.0000,0.0000,False,False,False
27940,1.0000,0.0000,False,False,False
27941,1.0000,0.0000,False,False,False
27942,1.0000,0.0000,False,False,False
27943,1.0000,0.0000,False,False,False
27944,1.0000,0.0000,False,False,False
27945,1.0000,0.0000,False,False,False
27946,1.0000,0.0000,False,False,False
27947,0.0000,1.0000,False,False,False
27948,0.0000,1.0000,False,False,False
27949,1.0000,0.0000,False,False,False
27950,1.0000,0.0000,False,False,False
27951,1.0000,0.0000,False,False,False
27952,1.0000,0.0000,False,False,False
27953,1.0000,0.0000,False,False,False
27954,1.0000,0.0000,False,False,False
27955,1.0000,0.0000,False,False,False
27956,1.0000,0.0000,False,False,False
27957,1.0000,0.0000,False,False,False
27958,1.0000,0.0000,False,False,False
27959,1.0000,0.0000,False,False,False
27960,1.0000,0.0000,False,False,False
27961,1.0000,0.0000,False,False,False
27962,1.0000,0.0000,False,False,False
27963,1.0000,0.0000,False,False,False
27964,1.0000,0.0000,False,False,False
27965,0.0000,1.0000,False,False,False
27966,0.0000,1.0000,False,False,False
27967,1.0000,0.0000,False,False,False
27968,1.0000,0.0000,False,False,False
27969,0.0000,1.0000,False,False,False
27970,1.0000,0.0000,False,False,False
27971,0.0000,1.0000,False,False,False
27972,1.0000,0.0000,False,False,False
27973,1.0000,0.0000,False,False,False
27974,1.0000,0.0000,False,False,False
27975,1.0000,0.0000,False,False,False
27976,1.0000,0.0000,False,False,False
27977,1.0000,0.0000,False,False,False
27978,0.0000,1.0000,False,False,False
27979,0.0000,1.0000,False,False,False
27980,0.0000,1.0000,False,False,False
27981,1.0000,0.0000,False,False,False
27982,1.0000,0.0000,False,False,False
27983,1.0000,0.0000,False,False,False
27984,1.0000,0.0000,False,False,False
27985,0.0000,1.0000,False,False,False
27986,1.0000,0.0000,False,False,False
27987,1.0000,0.0000,False,False,False
27988,1.0000,0.0000,False,False,False
27989,1.0000,0.0000,False,False,False
27990,1.0000,0.0000,False,False,False
27991,0.0000,1.0000,False,False,False
27992,1.0000,0.0000,False,False,False
27993,0.0000,1.0000,False,False,False
27994,0.0000,1.0000,False,False,False
27995,1.0000,0.0000,False,False,False
27996,0.0000,1.0000,False,False,False
27997,0.0000,1.0000,False,False,False
27998,0.0000,1.0000,False,False,False
27999,1.0000,0.0000,False,False,False
28000,1.0000,0.0000,False,False,False
28001,0.0000,1.0000,False,False,False
28002,0.0000,1.0000,False,False,False
28003,0.0000,1.0000,False,False,False
28004,0.0000,1.0000,False,False,False
28005,1.0000,0.0000,False,False,False
28006,0.0000,1.0000,False,False,False
28007,1.0000,0.0000,False,False,False
28008,1.0000,0.0000,False,False,False
28009,1.0000,0.0000,False,False,False
28010,0.0000,1.0000,False,False,False
28011,1.0000,0.0000,False,False,False
28012,1.0000,0.0000,False,False,False
28013,1.0000,0.0000,False,False,False
28014,0.0000,1.0000,False,False,False
28015,1.0000,0.0000,False,False,False
28016,0.0000,1.0000,False,False,False
28017,1.0000,0.0000,False,False,False
28018,1.0000,0.0000,False,False,False
28019,1.0000,0.0000,False,False,False
28020,1.0000,0.0000,False,False,False
28021,1.0000,0.0000,False,False,False
28022,1.0000,0.0000,False,False,False
28023,0.0000,1.0000,False,False,False
28024,1.0000,0.0000,False,False,False
28025,0.0000,1.0000,False,False,False
28026,0.0000,1.0000,False,False,False
28027,0.0000,1.0000,False,False,False
28028,1.0000,0.0000,False,False,False
28029,1.0000,0.0000,False,False,False
28030,1.0000,0.0000,False,False,False
28031,0.0000,1.0000,False,False,False
28032,0.0000,1.0000,False,False,False
28033,1.0000,0.0000,False,False,False
28034,1.0000,0.0000,False,False,False
28035,0.0000,1.0000,False,False,False
28036,1.0000,0.0000,False,False,False
28037,0.0000,1.0000,False,False,False
28038,1.0000,0.0000,False,False,False
28039,0.0000,1.0000,False,False,False
28040,1.0000,0.0000,False,False,False
28041,1.0000,0.0000,False,False,False
28042,1.0000,0.0000,False,False,False
28043,1.0000,0.0000,False,False,False
28044,1.0000,0.0000,False,False,False
28045,1.0000,0.0000,False,False,False
28046,0.0000,1.0000,False,False,False
28047,0.0000,1.0000,False,False,False
28048,0.0000,1.0000,False,False,False
28049,1.0000,0.0000,False,False,False
28050,1.0000,0.0000,False,False,False
28051,0.0000,1.0000,False,False,False
28052,1.0000,0.0000,False,False,False
28053,1.0000,0.0000,False,False,False
28054,0.0000,1.0000,False,False,False
28055,1.0000,0.0000,False,False,False
28056,0.0000,1.0000,False,False,False
28057,1.0000,0.0000,False,False,False
28058,1.0000,0.0000,False,False,False
28059,0.0000,1.0000,False,False,False
28060,0.0000,1.0000,False,False,False
28061,1.0000,0.0000,False,False,False
28062,0.0000,1.0000,False,False,False
28063,1.0000,0.0000,False,False,False
28064,1.0000,0.0000,False,False,False
28065,1.0000,0.0000,False,False,False
28066,1.0000,0.0000,False,False,False
28067,0.0000,1.0000,False,False,False
28068,1.0000,0.0000,False,False,False
28069,1.0000,0.0000,False,False,False
28070,0.0000,1.0000,False,False,False
28071,1.0000,0.0000,False,False,False
28072,0.0000,1.0000,False,False,False
28073,1.0000,0.0000,False,False,False
28074,0.0000,1.0000,False,False,False
28075,1.0000,0.0000,False,False,False
28076,1.0000,0.0000,False,False,False
28077,1.0000,0.0000,False,False,False
28078,1.0000,0.0000,False,False,False
28079,0.0000,1.0000,False,False,False
28080,1.0000,0.0000,False,False,False
28081,1.0000,0.0000,False,False,False
28082,1.0000,0.0000,False,False,False
28083,0.0000,1.0000,False,False,False
28084,1.0000,0.0000,False,False,False
28085,1.0000,0.0000,False,False,False
28086,1.0000,0.0000,False,False,False
28087,1.0000,0.0000,False,False,False
28088,0.0000,1.0000,False,False,False
28089,0.0000,1.0000,False,False,False
28090,0.0000,1.0000,False,False,False
28091,1.0000,0.0000,False,False,False
28092,1.0000,0.0000,False,False,False
28093,1.0000,0.0000,False,False,False
28094,0.0000,1.0000,False,False,False
28095,1.0000,0.0000,False,False,False
28096,0.0000,1.0000,False,False,False
28097,0.0000,1.0000,False,False,False
28098,0.0000,1.0000,False,False,False
28099,1.0000,0.0000,False,False,False
28100,1.0000,0.0000,False,False,False
28101,0.0000,1.0000,False,False,False
28102,0.0000,1.0000,False,False,False
28103,1.0000,0.0000,False,False,False
28104,0.0000,1.0000,False,False,False
28105,1.0000,0.0000,False,False,False
28106,1.0000,0.0000,False,False,False
28107,1.0000,0.0000,False,False,False
28108,1.0000,0.0000,False,False,False
28109,1.0000,0.0000,False,False,False
28110,0.0000,1.0000,False,False,False
28111,1.0000,0.0000,False,False,False
28112,1.0000,0.0000,False,False,False
28113,1.0000,0.0000,False,False,False
28114,0.0000,1.0000,False,False,False
28115,1.0000,0.0000,False,False,False
28116,0.0000,1.0000,False,False,False
28117,1.0000,0.0000,False,False,False
28118,1.0000,0.0000,False,False,False
28119,0.0000,1.0000,False,False,False
28120,1.0000,0.0000,False,False,False
28121,1.0000,0.0000,False,False,False
28122,1.0000,0.0000,False,False,False
28123,0.0000,1.0000,False,False,False
28124,1.0000,0.0000,False,False,False
28125,1.0000,0.0000,False,False,False
28126,1.0000,0.0000,False,False,False
28127,0.0000,1.0000,False,False,False
28128,1.0000,0.0000,False,False,False
28129,1.0000,0.0000,False,False,False
28130,1.0000,0.0000,False,False,False
28131,1.0000,0.0000,False,False,False
28132,0.0000,1.0000,False,False,False
28133,0.0000,1.0000,False,False,False
28134,1.0000,0.0000,False,False,False
28135,0.0000,1.0000,False,False,False
28136,0.0000,1.0000,False,False,False
28137,1.0000,0.0000,False,False,False
28138,0.0000,1.0000,False,False,False
28139,1.0000,0.0000,False,False,False
28140,0.0000,1.0000,False,False,False
28141,1.0000,0.0000,False,False,False
28142,0.0000,1.0000,False,False,False
28143,1.0000,0.0000,False,False,False
28144,1.0000,0.0000,False,False,False
28145,1.0000,0.0000,False,False,False
28146,0.0000,1.0000,False,False,False
28147,1.0000,0.0000,False,False,False
28148,0.0000,1.0000,False,False,False
28149,1.0000,0.0000,False,False,False
28150,0.0000,1.0000,False,False,False
28151,0.0000,1.0000,False,False,False
28152,1.0000,0.0000,False,False,False
28153,1.0000,0.0000,False,False,False
28154,1.0000,0.0000,False,False,False
28155,1.0000,0.0000,False,False,False
28156,1.0000,0.0000,False,False,False
28157,1.0000,0.0000,False,False,False
28158,0.0000,1.0000,False,False,False
28159,1.0000,0.0000,False,False,False
28160,0.0000,1.0000,False,False,False
28161,1.0000,0.0000,False,False,False
28162,1.0000,0.0000,False,False,False
28163,1.0000,0.0000,False,False,False
28164,1.0000,0.0000,False,False,False
28165,1.0000,0.0000,False,False,False
28166,1.0000,0.0000,False,False,False
28167,1.0000,0.0000,False,False,False
28168,1.0000,0.0000,False,False,False
28169,0.0000,1.0000,False,False,False
28170,1.0000,0.0000,False,False,False
28171,0.0000,1.0000,False,False,False
28172,0.0000,1.0000,False,False,False
28173,0.0000,1.0000,False,False,False
28174,1.0000,0.0000,False,False,False
28175,1.0000,0.0000,False,False,False
28176,1.0000,0.0000,False,False,False
28177,1.0000,0.0000,False,False,False
28178,1.0000,0.0000,False,False,False
28179,0.0000,1.0000,False,False,False
28180,0.0000,1.0000,False,False,False
28181,1.0000,0.0000,False,False,False
28182,1.0000,0.0000,False,False,False
28183,0.0000,1.0000,False,False,False
28184,1.0000,0.0000,False,False,False
28185,1.0000,0.0000,False,False,False
28186,1.0000,0.0000,False,False,False
28187,0.0000,1.0000,False,False,False
28188,1.0000,0.0000,False,False,False
28189,0.0000,1.0000,False,False,False
28190,0.0000,1.0000,False,False,False
28191,1.0000,0.0000,False,False,False
28192,0.0000,1.0000,False,False,False
28193,0.0000,1.0000,False,False,False
28194,1.0000,0.0000,False,False,False
28195,0.0000,1.0000,False,False,False
28196,0.0000,1.0000,False,False,False
28197,0.0000,1.0000,False,False,False
28198,1.0000,0.0000,False,False,False
28199,1.0000,0.0000,False,False,False
28200,0.0000,1.0000,False,False,False
28201,1.0000,0.0000,False,False,False
28202,1.0000,0.0000,False,False,False
28203,0.0000,1.0000,False,False,False
28204,1.0000,0.0000,False,False,False
28205,0.0000,1.0000,False,False,False
28206,1.0000,0.0000,False,False,False
28207,1.0000,0.0000,False,False,False
28208,1.0000,0.0000,False,False,False
28209,0.0000,1.0000,False,False,False
28210,1.0000,0.0000,False,False,False
28211,1.0000,0.0000,False,False,False
28212,1.0000,0.0000,False,False,False
28213,1.0000,0.0000,False,False,False
28214,1.0000,0.0000,False,False,False
28215,0.0000,1.0000,False,False,False
28216,1.0000,0.0000,False,False,False
28217,1.0000,0.0000,False,False,False
28218,1.0000,0.0000,False,False,False
28219,1.0000,0.0000,False,False,False
28220,1.0000,0.0000,False,False,False
28221,0.0000,1.0000,False,False,False
28222,1.0000,0.0000,False,False,False
28223,0.0000,1.0000,False,False,False
28224,1.0000,0.0000,False,False,False
28225,1.0000,0.0000,False,False,False
28226,1.0000,0.0000,False,False,False
28227,1.0000,0.0000,False,False,False
28228,0.0000,1.0000,False,False,False
28229,1.0000,0.0000,False,False,False
28230,0.0000,1.0000,False,False,False
28231,1.0000,0.0000,False,False,False
28232,0.0000,1.0000,False,False,False
28233,1.0000,0.0000,False,False,False
28234,0.0000,1.0000,False,False,False
28235,0.0000,1.0000,False,False,False
28236,1.0000,0.0000,False,False,False
28237,0.0000,1.0000,False,False,False
28238,0.0000,1.0000,False,False,False
28239,0.0000,1.0000,False,False,False
28240,1.0000,0.0000,False,False,False
28241,0.0000,1.0000,False,False,False
28242,1.0000,0.0000,False,False,False
28243,0.0000,1.0000,False,False,False
28244,1.0000,0.0000,False,False,False
28245,0.0000,1.0000,False,False,False
28246,0.0000,1.0000,False,False,False
28247,1.0000,0.0000,False,False,False
28248,1.0000,0.0000,False,False,False
28249,1.0000,0.0000,False,False,False
28250,0.0000,1.0000,False,False,False
28251,1.0000,0.0000,False,False,False
28252,1.0000,0.0000,False,False,False
28253,1.0000,0.0000,False,False,False
28254,1.0000,0.0000,False,False,False
28255,1.0000,0.0000,False,False,False
28256,1.0000,0.0000,False,False,False
28257,1.0000,0.0000,False,False,False
28258,1.0000,0.0000,False,False,False
28259,0.0000,1.0000,False,False,False
28260,1.0000,0.0000,False,False,False
28261,1.0000,0.0000,False,False,False
28262,0.0000,1.0000,False,False,False
28263,1.0000,0.0000,False,False,False
28264,1.0000,0.0000,False,False,False
28265,1.0000,0.0000,False,False,False
28266,1.0000,0.0000,False,False,False
28267,1.0000,0.0000,False,False,False
28268,0.0000,1.0000,False,False,False
28269,1.0000,0.0000,False,False,False
28270,0.0000,1.0000,False,False,False
28271,0.0000,1.0000,False,False,False
28272,0.0000,1.0000,False,False,False
28273,0.0000,1.0000,False,False,False
28274,1.0000,0.0000,False,False,False
28275,0.0000,1.0000,False,False,False
28276,0.0000,1.0000,False,False,False
28277,0.0000,1.0000,False,False,False
28278,0.0000,1.0000,False,False,False
28279,1.0000,0.0000,False,False,False
28280,1.0000,0.0000,False,False,False
28281,0.0000,1.0000,False,False,False
28282,0.0000,1.0000,False,False,False
28283,1.0000,0.0000,False,False,False
28284,1.0000,0.0000,False,False,False
28285,1.0000,0.0000,False,False,False
28286,1.0000,0.0000,False,False,False
28287,1.0000,0.0000,False,False,False
28288,1.0000,0.0000,False,False,False
28289,1.0000,0.0000,False,False,False
28290,1.0000,0.0000,False,False,False
28291,1.0000,0.0000,False,False,False
28292,0.0000,1.0000,False,False,False
28293,1.0000,0.0000,False,False,False
28294,1.0000,0.0000,False,False,False
28295,1.0000,0.0000,False,False,False
28296,1.0000,0.0000,False,False,False
28297,1.0000,0.0000,False,False,False
28298,0.0000,1.0000,False,False,False
28299,0.0000,1.0000,False,False,False
28300,1.0000,0.0000,False,False,False
28301,0.0000,1.0000,False,False,False
28302,1.0000,0.0000,False,False,False
28303,1.0000,0.0000,False,False,False
28304,0.0000,1.0000,False,False,False
28305,1.0000,0.0000,False,False,False
28306,1.0000,0.0000,False,False,False
28307,0.0000,1.0000,False,False,False
28308,1.0000,0.0000,False,False,False
28309,1.0000,0.0000,False,False,False
28310,1.0000,0.0000,False,False,False
28311,1.0000,0.0000,False,False,False
28312,1.0000,0.0000,False,False,False
28313,1.0000,0.0000,False,False,False
28314,1.0000,0.0000,False,False,False
28315,0.0000,1.0000,False,False,False
28316,1.0000,0.0000,False,False,False
28317,1.0000,0.0000,False,False,False
28318,0.0000,1.0000,False,False,False
28319,0.0000,1.0000,False,False,False
28320,1.0000,0.0000,False,False,False
28321,0.0000,1.0000,False,False,False
28322,1.0000,0.0000,False,False,False
28323,0.0000,1.0000,False,False,False
28324,1.0000,0.0000,False,False,False
28325,1.0000,0.0000,False,False,False
28326,0.0000,1.0000,False,False,False
28327,1.0000,0.0000,False,False,False
28328,1.0000,0.0000,False,False,False
28329,1.0000,0.0000,False,False,False
28330,0.0000,1.0000,False,False,False
28331,0.0000,1.0000,False,False,False
28332,1.0000,0.0000,False,False,False
28333,1.0000,0.0000,False,False,False
28334,0.0000,1.0000,False,False,False
28335,1.0000,0.0000,False,False,False
28336,1.0000,0.0000,False,False,False
28337,0.0000,1.0000,False,False,False
28338,1.0000,0.0000,False,False,False
28339,1.0000,0.0000,False,False,False
28340,0.0000,1.0000,False,False,False
28341,1.0000,0.0000,False,False,False
28342,0.0000,1.0000,False,False,False
28343,0.0000,1.0000,False,False,False
28344,0.0000,1.0000,False,False,False
28345,1.0000,0.0000,False,False,False
28346,1.0000,0.0000,False,False,False
28347,1.0000,0.0000,False,False,False
28348,0.0000,1.0000,False,False,False
28349,1.0000,0.0000,False,False,False
28350,1.0000,0.0000,False,False,False
28351,1.0000,0.0000,False,False,False
28352,0.0000,1.0000,False,False,False
28353,0.0000,1.0000,False,False,False
28354,1.0000,0.0000,False,False,False
28355,0.0000,1.0000,False,False,False
28356,0.0000,1.0000,False,False,False
28357,0.0000,1.0000,False,False,False
28358,1.0000,0.0000,False,False,False
28359,1.0000,0.0000,False,False,False
28360,1.0000,0.0000,False,False,False
28361,1.0000,0.0000,False,False,False
28362,0.0000,1.0000,False,False,False
28363,1.0000,0.0000,False,False,False
28364,1.0000,0.0000,False,False,False
28365,1.0000,0.0000,False,False,False
28366,1.0000,0.0000,False,False,False
28367,0.0000,1.0000,False,False,False
28368,1.0000,0.0000,False,False,False
28369,0.0000,1.0000,False,False,False
28370,0.0000,1.0000,False,False,False
28371,1.0000,0.0000,False,False,False
28372,1.0000,0.0000,False,False,False
28373,0.0000,1.0000,False,False,False
28374,1.0000,0.0000,False,False,False
28375,1.0000,0.0000,False,False,False
28376,1.0000,0.0000,False,False,False
28377,1.0000,0.0000,False,False,False
28378,1.0000,0.0000,False,False,False
28379,1.0000,0.0000,False,False,False
28380,0.0000,1.0000,False,False,False
28381,1.0000,0.0000,False,False,False
28382,1.0000,0.0000,False,False,False
28383,0.0000,1.0000,False,False,False
28384,0.0000,1.0000,False,False,False
28385,1.0000,0.0000,False,False,False
28386,0.0000,1.0000,False,False,False
28387,0.0000,1.0000,False,False,False
28388,1.0000,0.0000,False,False,False
28389,1.0000,0.0000,False,False,False
28390,1.0000,0.0000,False,False,False
28391,0.0000,1.0000,False,False,False
28392,0.0000,1.0000,False,False,False
28393,1.0000,0.0000,False,False,False
28394,1.0000,0.0000,False,False,False
28395,1.0000,0.0000,False,False,False
28396,0.0000,1.0000,False,False,False
28397,1.0000,0.0000,False,False,False
28398,1.0000,0.0000,False,False,False
28399,1.0000,0.0000,False,False,False
28400,1.0000,0.0000,False,False,False
28401,1.0000,0.0000,False,False,False
28402,0.0000,1.0000,False,False,False
28403,1.0000,0.0000,False,False,False
28404,1.0000,0.0000,False,False,False
28405,1.0000,0.0000,False,False,False
28406,1.0000,0.0000,False,False,False
28407,1.0000,0.0000,False,False,False
28408,1.0000,0.0000,False,False,False
28409,0.0000,1.0000,False,False,False
28410,1.0000,0.0000,False,False,False
28411,1.0000,0.0000,False,False,False
28412,1.0000,0.0000,False,False,False
28413,1.0000,0.0000,False,False,False
28414,1.0000,0.0000,False,False,False
28415,1.0000,0.0000,False,False,False
28416,0.0000,1.0000,False,False,False
28417,1.0000,0.0000,False,False,False
28418,1.0000,0.0000,False,False,False
28419,0.0000,1.0000,False,False,False
28420,1.0000,0.0000,False,False,False
28421,1.0000,0.0000,False,False,False
28422,1.0000,0.0000,False,False,False
28423,1.0000,0.0000,False,False,False
28424,1.0000,0.0000,False,False,False
28425,1.0000,0.0000,False,False,False
28426,0.0000,1.0000,False,False,False
28427,1.0000,0.0000,False,False,False
28428,1.0000,0.0000,False,False,False
28429,1.0000,0.0000,False,False,False
28430,0.0000,1.0000,False,False,False
28431,1.0000,0.0000,False,False,False
28432,0.0000,1.0000,False,False,False
28433,1.0000,0.0000,False,False,False
28434,1.0000,0.0000,False,False,False
28435,0.0000,1.0000,False,False,False
28436,1.0000,0.0000,False,False,False
28437,1.0000,0.0000,False,False,False
28438,1.0000,0.0000,False,False,False
28439,1.0000,0.0000,False,False,False
28440,1.0000,0.0000,False,False,False
28441,1.0000,0.0000,False,False,False
28442,1.0000,0.0000,False,False,False
28443,1.0000,0.0000,False,False,False
28444,1.0000,0.0000,False,False,False
28445,0.0000,1.0000,False,False,False
28446,1.0000,0.0000,False,False,False
28447,1.0000,0.0000,False,False,False
28448,0.0000,1.0000,False,False,False
28449,1.0000,0.0000,False,False,False
28450,1.0000,0.0000,False,False,False
28451,0.0000,1.0000,False,False,False
28452,1.0000,0.0000,False,False,False
28453,1.0000,0.0000,False,False,False
28454,1.0000,0.0000,False,False,False
28455,1.0000,0.0000,False,False,False
28456,1.0000,0.0000,False,False,False
28457,1.0000,0.0000,False,False,False
28458,0.0000,1.0000,False,False,False
28459,1.0000,0.0000,False,False,False
28460,0.0000,1.0000,False,False,False
28461,1.0000,0.0000,False,False,False
28462,1.0000,0.0000,False,False,False
28463,0.0000,1.0000,False,False,False
28464,1.0000,0.0000,False,False,False
28465,1.0000,0.0000,False,False,False
28466,0.0000,1.0000,False,False,False
28467,1.0000,0.0000,False,False,False
28468,1.0000,0.0000,False,False,False
28469,1.0000,0.0000,False,False,False
28470,1.0000,0.0000,False,False,False
28471,1.0000,0.0000,False,False,False
28472,1.0000,0.0000,False,False,False
28473,1.0000,0.0000,False,False,False
28474,0.0000,1.0000,False,False,False
28475,1.0000,0.0000,False,False,False
28476,0.0000,1.0000,False,False,False
28477,1.0000,0.0000,False,False,False
28478,1.0000,0.0000,False,False,False
28479,1.0000,0.0000,False,False,False
28480,1.0000,0.0000,False,False,False
28481,0.0000,1.0000,False,False,False
28482,1.0000,0.0000,False,False,False
28483,1.0000,0.0000,False,False,False
28484,1.0000,0.0000,False,False,False
28485,1.0000,0.0000,False,False,False
28486,1.0000,0.0000,False,False,False
28487,0.0000,1.0000,False,False,False
28488,1.0000,0.0000,False,False,False
28489,1.0000,0.0000,False,False,False
28490,0.0000,1.0000,False,False,False
28491,0.0000,1.0000,False,False,False
28492,1.0000,0.0000,False,False,False
28493,0.0000,1.0000,False,False,False
28494,1.0000,0.0000,False,False,False
28495,0.0000,1.0000,False,False,False
28496,1.0000,0.0000,False,False,False
28497,1.0000,0.0000,False,False,False
28498,0.0000,1.0000,False,False,False
28499,0.0000,1.0000,False,False,False
28500,1.0000,0.0000,False,False,False
28501,0.0000,1.0000,False,False,False
28502,1.0000,0.0000,False,False,False
28503,0.0000,1.0000,False,False,False
28504,1.0000,0.0000,False,False,False
28505,1.0000,0.0000,False,False,False
28506,0.0000,1.0000,False,False,False
28507,0.0000,1.0000,False,False,False
28508,1.0000,0.0000,False,False,False
28509,1.0000,0.0000,False,False,False
28510,1.0000,0.0000,False,False,False
28511,1.0000,0.0000,False,False,False
28512,1.0000,0.0000,False,False,False
28513,1.0000,0.0000,False,False,False
28514,0.0000,1.0000,False,False,False
28515,1.0000,0.0000,False,False,False
28516,0.0000,1.0000,False,False,False
28517,1.0000,0.0000,False,False,False
28518,0.0000,1.0000,False,False,False
28519,1.0000,0.0000,False,False,False
28520,0.0000,1.0000,False,False,False
28521,0.0000,1.0000,False,False,False
28522,1.0000,0.0000,False,False,False
28523,0.0000,1.0000,False,False,False
28524,0.0000,1.0000,False,False,False
28525,1.0000,0.0000,False,False,False
28526,1.0000,0.0000,False,False,False
28527,0.0000,1.0000,False,False,False
28528,1.0000,0.0000,False,False,False
28529,1.0000,0.0000,False,False,False
28530,1.0000,0.0000,False,False,False
28531,1.0000,0.0000,False,False,False
28532,0.0000,1.0000,False,False,False
28533,1.0000,0.0000,False,False,False
28534,1.0000,0.0000,False,False,False
28535,1.0000,0.0000,False,False,False
28536,1.0000,0.0000,False,False,False
28537,1.0000,0.0000,False,False,False
28538,0.0000,1.0000,False,False,False
28539,1.0000,0.0000,False,False,False
28540,0.0000,1.0000,False,False,False
28541,0.0000,1.0000,False,False,False
28542,0.0000,1.0000,False,False,False
28543,1.0000,0.0000,False,False,False
28544,0.0000,1.0000,False,False,False
28545,1.0000,0.0000,False,False,False
28546,1.0000,0.0000,False,False,False
28547,1.0000,0.0000,False,False,False
28548,0.0000,1.0000,False,False,False
28549,1.0000,0.0000,False,False,False
28550,1.0000,0.0000,False,False,False
28551,1.0000,0.0000,False,False,False
28552,0.0000,1.0000,False,False,False
28553,1.0000,0.0000,False,False,False
28554,1.0000,0.0000,False,False,False
28555,1.0000,0.0000,False,False,False
28556,1.0000,0.0000,False,False,False
28557,1.0000,0.0000,False,False,False
28558,0.0000,1.0000,False,False,False
28559,0.0000,1.0000,False,False,False
28560,0.0000,1.0000,False,False,False
28561,1.0000,0.0000,False,False,False
28562,0.0000,1.0000,False,False,False
28563,0.0000,1.0000,False,False,False
28564,0.0000,1.0000,False,False,False
28565,1.0000,0.0000,False,False,False
28566,0.0000,1.0000,False,False,False
28567,1.0000,0.0000,False,False,False
28568,1.0000,0.0000,False,False,False
28569,1.0000,0.0000,False,False,False
28570,1.0000,0.0000,False,False,False
28571,1.0000,0.0000,False,False,False
28572,1.0000,0.0000,False,False,False
28573,1.0000,0.0000,False,False,False
28574,1.0000,0.0000,False,False,False
28575,1.0000,0.0000,False,False,False
28576,1.0000,0.0000,False,False,False
28577,1.0000,0.0000,False,False,False
28578,1.0000,0.0000,False,False,False
28579,1.0000,0.0000,False,False,False
28580,0.0000,1.0000,False,False,False
28581,0.0000,1.0000,False,False,False
28582,1.0000,0.0000,False,False,False
28583,1.0000,0.0000,False,False,False
28584,0.0000,1.0000,False,False,False
28585,1.0000,0.0000,False,False,False
28586,1.0000,0.0000,False,False,False
28587,1.0000,0.0000,False,False,False
28588,1.0000,0.0000,False,False,False
28589,1.0000,0.0000,False,False,False
28590,1.0000,0.0000,False,False,False
28591,1.0000,0.0000,False,False,False
28592,1.0000,0.0000,False,False,False
28593,1.0000,0.0000,False,False,False
28594,0.0000,1.0000,False,False,False
28595,1.0000,0.0000,False,False,False
28596,0.0000,1.0000,False,False,False
28597,0.0000,1.0000,False,False,False
28598,1.0000,0.0000,False,False,False
28599,0.0000,1.0000,False,False,False
28600,1.0000,0.0000,False,False,False
28601,0.0000,1.0000,False,False,False
28602,0.0000,1.0000,False,False,False
28603,1.0000,0.0000,False,False,False
28604,0.0000,1.0000,False,False,False
28605,0.0000,1.0000,False,False,False
28606,1.0000,0.0000,False,False,False
28607,1.0000,0.0000,False,False,False
28608,1.0000,0.0000,False,False,False
28609,1.0000,0.0000,False,False,False
28610,1.0000,0.0000,False,False,False
28611,0.0000,1.0000,False,False,False
28612,0.0000,1.0000,False,False,False
28613,0.0000,1.0000,False,False,False
28614,0.0000,1.0000,False,False,False
28615,0.0000,1.0000,False,False,False
28616,1.0000,0.0000,False,False,False
28617,1.0000,0.0000,False,False,False
28618,1.0000,0.0000,False,False,False
28619,1.0000,0.0000,False,False,False
28620,1.0000,0.0000,False,False,False
28621,0.0000,1.0000,False,False,False
28622,1.0000,0.0000,False,False,False
28623,0.0000,1.0000,False,False,False
28624,0.0000,1.0000,False,False,False
28625,0.0000,1.0000,False,False,False
28626,0.0000,1.0000,False,False,False
28627,1.0000,0.0000,False,False,False
28628,1.0000,0.0000,False,False,False
28629,1.0000,0.0000,False,False,False
28630,0.0000,1.0000,False,False,False
28631,1.0000,0.0000,False,False,False
28632,1.0000,0.0000,False,False,False
28633,0.0000,1.0000,False,False,False
28634,0.0000,1.0000,False,False,False
28635,0.0000,1.0000,False,False,False
28636,0.0000,1.0000,False,False,False
28637,0.0000,1.0000,False,False,False
28638,1.0000,0.0000,False,False,False
28639,1.0000,0.0000,False,False,False
28640,1.0000,0.0000,False,False,False
28641,1.0000,0.0000,False,False,False
28642,0.0000,1.0000,False,False,False
28643,1.0000,0.0000,False,False,False
28644,1.0000,0.0000,False,False,False
28645,1.0000,0.0000,False,False,False
28646,1.0000,0.0000,False,False,False
28647,1.0000,0.0000,False,False,False
28648,1.0000,0.0000,False,False,False
28649,0.0000,1.0000,False,False,False
28650,1.0000,0.0000,False,False,False
28651,1.0000,0.0000,False,False,False
28652,1.0000,0.0000,False,False,False
28653,1.0000,0.0000,False,False,False
28654,0.0000,1.0000,False,False,False
28655,0.0000,1.0000,False,False,False
28656,1.0000,0.0000,False,False,False
28657,0.0000,1.0000,False,False,False
28658,1.0000,0.0000,False,False,False
28659,1.0000,0.0000,False,False,False
28660,1.0000,0.0000,False,False,False
28661,1.0000,0.0000,False,False,False
28662,1.0000,0.0000,False,False,False
28663,0.0000,1.0000,False,False,False
28664,1.0000,0.0000,False,False,False
28665,0.0000,1.0000,False,False,False
28666,0.0000,1.0000,False,False,False
28667,0.0000,1.0000,False,False,False
28668,1.0000,0.0000,False,False,False
28669,1.0000,0.0000,False,False,False
28670,1.0000,0.0000,False,False,False
28671,1.0000,0.0000,False,False,False
28672,0.0000,1.0000,False,False,False
28673,1.0000,0.0000,False,False,False
28674,1.0000,0.0000,False,False,False
28675,1.0000,0.0000,False,False,False
28676,1.0000,0.0000,False,False,False
28677,0.0000,1.0000,False,False,False
28678,1.0000,0.0000,False,False,False
28679,1.0000,0.0000,False,False,False
28680,1.0000,0.0000,False,False,False
28681,1.0000,0.0000,False,False,False
28682,1.0000,0.0000,False,False,False
28683,1.0000,0.0000,False,False,False
28684,0.0000,1.0000,False,False,False
28685,0.0000,1.0000,False,False,False
28686,0.0000,1.0000,False,False,False
28687,1.0000,0.0000,False,False,False
28688,1.0000,0.0000,False,False,False
28689,0.0000,1.0000,False,False,False
28690,1.0000,0.0000,False,False,False
28691,0.0000,1.0000,False,False,False
28692,0.0000,1.0000,False,False,False
28693,0.0000,1.0000,False,False,False
28694,0.0000,1.0000,False,False,False
28695,0.0000,1.0000,False,False,False
28696,1.0000,0.0000,False,False,False
28697,1.0000,0.0000,False,False,False
28698,0.0000,1.0000,False,False,False
28699,0.0000,1.0000,False,False,False
28700,0.0000,1.0000,False,False,False
28701,1.0000,0.0000,False,False,False
28702,1.0000,0.0000,False,False,False
28703,1.0000,0.0000,False,False,False
28704,0.0000,1.0000,False,False,False
28705,0.0000,1.0000,False,False,False
28706,1.0000,0.0000,False,False,False
28707,1.0000,0.0000,False,False,False
28708,0.0000,1.0000,False,False,False
28709,1.0000,0.0000,False,False,False
28710,0.0000,1.0000,False,False,False
28711,1.0000,0.0000,False,False,False
28712,1.0000,0.0000,False,False,False
28713,0.0000,1.0000,False,False,False
28714,1.0000,0.0000,False,False,False
28715,1.0000,0.0000,False,False,False
28716,1.0000,0.0000,False,False,False
28717,0.0000,1.0000,False,False,False
28718,1.0000,0.0000,False,False,False
28719,0.0000,1.0000,False,False,False
28720,0.0000,1.0000,False,False,False
28721,1.0000,0.0000,False,False,False
28722,1.0000,0.0000,False,False,False
28723,0.0000,1.0000,False,False,False
28724,1.0000,0.0000,False,False,False
28725,1.0000,0.0000,False,False,False
28726,1.0000,0.0000,False,False,False
28727,1.0000,0.0000,False,False,False
28728,1.0000,0.0000,False,False,False
28729,1.0000,0.0000,False,False,False
28730,1.0000,0.0000,False,False,False
28731,1.0000,0.0000,False,False,False
28732,1.0000,0.0000,False,False,False
28733,1.0000,0.0000,False,False,False
28734,1.0000,0.0000,False,False,False
28735,1.0000,0.0000,False,False,False
28736,0.0000,1.0000,False,False,False
28737,1.0000,0.0000,False,False,False
28738,1.0000,0.0000,False,False,False
28739,1.0000,0.0000,False,False,False
28740,1.0000,0.0000,False,False,False
28741,1.0000,0.0000,False,False,False
28742,1.0000,0.0000,False,False,False
28743,1.0000,0.0000,False,False,False
28744,1.0000,0.0000,False,False,False
28745,1.0000,0.0000,False,False,False
28746,0.0000,1.0000,False,False,False
28747,1.0000,0.0000,False,False,False
28748,0.0000,1.0000,False,False,False
28749,0.0000,1.0000,False,False,False
28750,1.0000,0.0000,False,False,False
28751,1.0000,0.0000,False,False,False
28752,1.0000,0.0000,False,False,False
28753,1.0000,0.0000,False,False,False
28754,1.0000,0.0000,False,False,False
28755,1.0000,0.0000,False,False,False
28756,0.0000,1.0000,False,False,False
28757,0.0000,1.0000,False,False,False
28758,1.0000,0.0000,False,False,False
28759,1.0000,0.0000,False,False,False
28760,0.0000,1.0000,False,False,False
28761,1.0000,0.0000,False,False,False
28762,1.0000,0.0000,False,False,False
28763,0.0000,1.0000,False,False,False
28764,1.0000,0.0000,False,False,False
28765,1.0000,0.0000,False,False,False
28766,1.0000,0.0000,False,False,False
28767,1.0000,0.0000,False,False,False
28768,1.0000,0.0000,False,False,False
28769,1.0000,0.0000,False,False,False
28770,1.0000,0.0000,False,False,False
28771,0.0000,1.0000,False,False,False
28772,1.0000,0.0000,False,False,False
28773,0.0000,1.0000,False,False,False
28774,1.0000,0.0000,False,False,False
28775,1.0000,0.0000,False,False,False
28776,1.0000,0.0000,False,False,False
28777,0.0000,1.0000,False,False,False
28778,1.0000,0.0000,False,False,False
28779,0.0000,1.0000,False,False,False
28780,0.0000,1.0000,False,False,False
28781,0.0000,1.0000,False,False,False
28782,1.0000,0.0000,False,False,False
28783,1.0000,0.0000,False,False,False
28784,1.0000,0.0000,False,False,False
28785,0.0000,1.0000,False,False,False
28786,1.0000,0.0000,False,False,False
28787,1.0000,0.0000,False,False,False
28788,1.0000,0.0000,False,False,False
28789,0.0000,1.0000,False,False,False
28790,1.0000,0.0000,False,False,False
28791,1.0000,0.0000,False,False,False
28792,1.0000,0.0000,False,False,False
28793,0.0000,1.0000,False,False,False
28794,0.0000,1.0000,False,False,False
28795,1.0000,0.0000,False,False,False
28796,0.0000,1.0000,False,False,False
28797,1.0000,0.0000,False,False,False
28798,1.0000,0.0000,False,False,False
28799,0.0000,1.0000,False,False,False
28800,1.0000,0.0000,False,False,False
28801,0.0000,1.0000,False,False,False
28802,1.0000,0.0000,False,False,False
28803,1.0000,0.0000,False,False,False
28804,1.0000,0.0000,False,False,False
28805,0.0000,1.0000,False,False,False
28806,1.0000,0.0000,False,False,False
28807,0.0000,1.0000,False,False,False
28808,1.0000,0.0000,False,False,False
28809,0.0000,1.0000,False,False,False
28810,1.0000,0.0000,False,False,False
28811,0.0000,1.0000,False,False,False
28812,1.0000,0.0000,False,False,False
28813,0.0000,1.0000,False,False,False
28814,1.0000,0.0000,False,False,False
28815,0.0000,1.0000,False,False,False
28816,1.0000,0.0000,False,False,False
28817,0.0000,1.0000,False,False,False
28818,0.0000,1.0000,False,False,False
28819,1.0000,0.0000,False,False,False
28820,1.0000,0.0000,False,False,False
28821,1.0000,0.0000,False,False,False
28822,1.0000,0.0000,False,False,False
28823,1.0000,0.0000,False,False,False
28824,0.0000,1.0000,False,False,False
28825,0.0000,1.0000,False,False,False
28826,1.0000,0.0000,False,False,False
28827,1.0000,0.0000,False,False,False
28828,1.0000,0.0000,False,False,False
28829,0.0000,1.0000,False,False,False
28830,1.0000,0.0000,False,False,False
28831,0.0000,1.0000,False,False,False
28832,1.0000,0.0000,False,False,False
28833,1.0000,0.0000,False,False,False
28834,1.0000,0.0000,False,False,False
28835,1.0000,0.0000,False,False,False
28836,1.0000,0.0000,False,False,False
28837,1.0000,0.0000,False,False,False
28838,1.0000,0.0000,False,False,False
28839,1.0000,0.0000,False,False,False
28840,1.0000,0.0000,False,False,False
28841,1.0000,0.0000,False,False,False
28842,1.0000,0.0000,False,False,False
28843,1.0000,0.0000,False,False,False
28844,0.0000,1.0000,False,False,False
28845,1.0000,0.0000,False,False,False
28846,1.0000,0.0000,False,False,False
28847,0.0000,1.0000,False,False,False
28848,0.0000,1.0000,False,False,False
28849,1.0000,0.0000,False,False,False
28850,0.0000,1.0000,False,False,False
28851,1.0000,0.0000,False,False,False
28852,1.0000,0.0000,False,False,False
28853,1.0000,0.0000,False,False,False
28854,1.0000,0.0000,False,False,False
28855,1.0000,0.0000,False,False,False
28856,0.0000,1.0000,False,False,False
28857,1.0000,0.0000,False,False,False
28858,0.0000,1.0000,False,False,False
28859,1.0000,0.0000,False,False,False
28860,1.0000,0.0000,False,False,False
28861,1.0000,0.0000,False,False,False
28862,1.0000,0.0000,False,False,False
28863,1.0000,0.0000,False,False,False
28864,0.0000,1.0000,False,False,False
28865,1.0000,0.0000,False,False,False
28866,1.0000,0.0000,False,False,False
28867,1.0000,0.0000,False,False,False
28868,0.0000,1.0000,False,False,False
28869,1.0000,0.0000,False,False,False
28870,0.0000,1.0000,False,False,False
28871,1.0000,0.0000,False,False,False
28872,0.0000,1.0000,False,False,False
28873,0.0000,1.0000,False,False,False
28874,1.0000,0.0000,False,False,False
28875,1.0000,0.0000,False,False,False
28876,1.0000,0.0000,False,False,False
28877,1.0000,0.0000,False,False,False
28878,1.0000,0.0000,False,False,False
28879,1.0000,0.0000,False,False,False
28880,0.0000,1.0000,False,False,False
28881,0.0000,1.0000,False,False,False
28882,1.0000,0.0000,False,False,False
28883,1.0000,0.0000,False,False,False
28884,1.0000,0.0000,False,False,False
28885,1.0000,0.0000,False,False,False
28886,0.0000,1.0000,False,False,False
28887,1.0000,0.0000,False,False,False
28888,1.0000,0.0000,False,False,False
28889,1.0000,0.0000,False,False,False
28890,1.0000,0.0000,False,False,False
28891,0.0000,1.0000,False,False,False
28892,0.0000,1.0000,False,False,False
28893,1.0000,0.0000,False,False,False
28894,1.0000,0.0000,False,False,False
28895,1.0000,0.0000,False,False,False
28896,0.0000,1.0000,False,False,False
28897,1.0000,0.0000,False,False,False
28898,1.0000,0.0000,False,False,False
28899,1.0000,0.0000,False,False,False
28900,1.0000,0.0000,False,False,False
28901,0.0000,1.0000,False,False,False
28902,1.0000,0.0000,False,False,False
28903,1.0000,0.0000,False,False,False
28904,1.0000,0.0000,False,False,False
28905,1.0000,0.0000,False,False,False
28906,1.0000,0.0000,False,False,False
28907,1.0000,0.0000,False,False,False
28908,1.0000,0.0000,False,False,False
28909,1.0000,0.0000,False,False,False
28910,1.0000,0.0000,False,False,False
28911,1.0000,0.0000,False,False,False
28912,0.0000,1.0000,False,False,False
28913,1.0000,0.0000,False,False,False
28914,1.0000,0.0000,False,False,False
28915,0.0000,1.0000,False,False,False
28916,1.0000,0.0000,False,False,False
28917,0.0000,1.0000,False,False,False
28918,1.0000,0.0000,False,False,False
28919,1.0000,0.0000,False,False,False
28920,1.0000,0.0000,False,False,False
28921,1.0000,0.0000,False,False,False
28922,1.0000,0.0000,False,False,False
28923,1.0000,0.0000,False,False,False
28924,0.0000,1.0000,False,False,False
28925,1.0000,0.0000,False,False,False
28926,0.0000,1.0000,False,False,False
28927,1.0000,0.0000,False,False,False
28928,1.0000,0.0000,False,False,False
28929,1.0000,0.0000,False,False,False
28930,1.0000,0.0000,False,False,False
28931,1.0000,0.0000,False,False,False
28932,1.0000,0.0000,False,False,False
28933,1.0000,0.0000,False,False,False
28934,0.0000,1.0000,False,False,False
28935,0.0000,1.0000,False,False,False
28936,0.0000,1.0000,False,False,False
28937,1.0000,0.0000,False,False,False
28938,1.0000,0.0000,False,False,False
28939,1.0000,0.0000,False,False,False
28940,0.0000,1.0000,False,False,False
28941,1.0000,0.0000,False,False,False
28942,1.0000,0.0000,False,False,False
28943,1.0000,0.0000,False,False,False
28944,1.0000,0.0000,False,False,False
28945,0.0000,1.0000,False,False,False
28946,1.0000,0.0000,False,False,False
28947,1.0000,0.0000,False,False,False
28948,0.0000,1.0000,False,False,False
28949,0.0000,1.0000,False,False,False
28950,1.0000,0.0000,False,False,False
28951,0.0000,1.0000,False,False,False
28952,0.0000,1.0000,False,False,False
28953,1.0000,0.0000,False,False,False
28954,1.0000,0.0000,False,False,False
28955,1.0000,0.0000,False,False,False
28956,1.0000,0.0000,False,False,False
28957,1.0000,0.0000,False,False,False
28958,1.0000,0.0000,False,False,False
28959,0.0000,1.0000,False,False,False
28960,1.0000,0.0000,False,False,False
28961,1.0000,0.0000,False,False,False
28962,1.0000,0.0000,False,False,False
28963,1.0000,0.0000,False,False,False
28964,1.0000,0.0000,False,False,False
28965,0.0000,1.0000,False,False,False
28966,0.0000,1.0000,False,False,False
28967,1.0000,0.0000,False,False,False
28968,1.0000,0.0000,False,False,False
28969,0.0000,1.0000,False,False,False
28970,0.0000,1.0000,False,False,False
28971,1.0000,0.0000,False,False,False
28972,1.0000,0.0000,False,False,False
28973,0.0000,1.0000,False,False,False
28974,1.0000,0.0000,False,False,False
28975,0.0000,1.0000,False,False,False
28976,1.0000,0.0000,False,False,False
28977,1.0000,0.0000,False,False,False
28978,1.0000,0.0000,False,False,False
28979,1.0000,0.0000,False,False,False
28980,1.0000,0.0000,False,False,False
28981,1.0000,0.0000,False,False,False
28982,1.0000,0.0000,False,False,False
28983,1.0000,0.0000,False,False,False
28984,0.0000,1.0000,False,False,False
28985,1.0000,0.0000,False,False,False
28986,1.0000,0.0000,False,False,False
28987,1.0000,0.0000,False,False,False
28988,1.0000,0.0000,False,False,False
28989,0.0000,1.0000,False,False,False
28990,1.0000,0.0000,False,False,False
28991,1.0000,0.0000,False,False,False
28992,1.0000,0.0000,False,False,False
28993,1.0000,0.0000,False,False,False
28994,0.0000,1.0000,False,False,False
28995,0.0000,1.0000,False,False,False
28996,1.0000,0.0000,False,False,False
28997,1.0000,0.0000,False,False,False
28998,1.0000,0.0000,False,False,False
28999,1.0000,0.0000,False,False,False
29000,1.0000,0.0000,False,False,False
29001,0.0000,1.0000,False,False,False
29002,1.0000,0.0000,False,False,False
29003,1.0000,0.0000,False,False,False
29004,0.0000,1.0000,False,False,False
29005,1.0000,0.0000,False,False,False
29006,0.0000,1.0000,False,False,False
29007,1.0000,0.0000,False,False,False
29008,0.0000,1.0000,False,False,False
29009,0.0000,1.0000,False,False,False
29010,1.0000,0.0000,False,False,False
29011,1.0000,0.0000,False,False,False
29012,1.0000,0.0000,False,False,False
29013,1.0000,0.0000,False,False,False
29014,0.0000,1.0000,False,False,False
29015,1.0000,0.0000,False,False,False
29016,1.0000,0.0000,False,False,False
29017,0.0000,1.0000,False,False,False
29018,1.0000,0.0000,False,False,False
29019,1.0000,0.0000,False,False,False
29020,1.0000,0.0000,False,False,False
29021,0.0000,1.0000,False,False,False
29022,0.0000,1.0000,False,False,False
29023,0.0000,1.0000,False,False,False
29024,0.0000,1.0000,False,False,False
29025,1.0000,0.0000,False,False,False
29026,0.0000,1.0000,False,False,False
29027,1.0000,0.0000,False,False,False
29028,1.0000,0.0000,False,False,False
29029,0.0000,1.0000,False,False,False
29030,0.0000,1.0000,False,False,False
29031,0.0000,1.0000,False,False,False
29032,1.0000,0.0000,False,False,False
29033,0.0000,1.0000,False,False,False
29034,1.0000,0.0000,False,False,False
29035,0.0000,1.0000,False,False,False
29036,1.0000,0.0000,False,False,False
29037,1.0000,0.0000,False,False,False
29038,1.0000,0.0000,False,False,False
29039,0.0000,1.0000,False,False,False
29040,1.0000,0.0000,False,False,False
29041,0.0000,1.0000,False,False,False
29042,1.0000,0.0000,False,False,False
29043,0.0000,1.0000,False,False,False
29044,0.0000,1.0000,False,False,False
29045,0.0000,1.0000,False,False,False
29046,1.0000,0.0000,False,False,False
29047,1.0000,0.0000,False,False,False
29048,1.0000,0.0000,False,False,False
29049,0.0000,1.0000,False,False,False
29050,1.0000,0.0000,False,False,False
29051,0.0000,1.0000,False,False,False
29052,1.0000,0.0000,False,False,False
29053,0.0000,1.0000,False,False,False
29054,1.0000,0.0000,False,False,False
29055,1.0000,0.0000,False,False,False
29056,1.0000,0.0000,False,False,False
29057,0.0000,1.0000,False,False,False
29058,1.0000,0.0000,False,False,False
29059,1.0000,0.0000,False,False,False
29060,1.0000,0.0000,False,False,False
29061,1.0000,0.0000,False,False,False
29062,0.0000,1.0000,False,False,False
29063,1.0000,0.0000,False,False,False
29064,0.0000,1.0000,False,False,False
29065,1.0000,0.0000,False,False,False
29066,1.0000,0.0000,False,False,False
29067,1.0000,0.0000,False,False,False
29068,1.0000,0.0000,False,False,False
29069,1.0000,0.0000,False,False,False
29070,1.0000,0.0000,False,False,False
29071,1.0000,0.0000,False,False,False
29072,0.0000,1.0000,False,False,False
29073,0.0000,1.0000,False,False,False
29074,1.0000,0.0000,False,False,False
29075,1.0000,0.0000,False,False,False
29076,1.0000,0.0000,False,False,False
29077,0.0000,1.0000,False,False,False
29078,1.0000,0.0000,False,False,False
29079,1.0000,0.0000,False,False,False
29080,1.0000,0.0000,False,False,False
29081,1.0000,0.0000,False,False,False
29082,1.0000,0.0000,False,False,False
29083,1.0000,0.0000,False,False,False
29084,1.0000,0.0000,False,False,False
29085,1.0000,0.0000,False,False,False
29086,1.0000,0.0000,False,False,False
29087,0.0000,1.0000,False,False,False
29088,1.0000,0.0000,False,False,False
29089,1.0000,0.0000,False,False,False
29090,1.0000,0.0000,False,False,False
29091,1.0000,0.0000,False,False,False
29092,0.0000,1.0000,False,False,False
29093,1.0000,0.0000,False,False,False
29094,1.0000,0.0000,False,False,False
29095,1.0000,0.0000,False,False,False
29096,0.0000,1.0000,False,False,False
29097,0.0000,1.0000,False,False,False
29098,1.0000,0.0000,False,False,False
29099,0.0000,1.0000,False,False,False
29100,1.0000,0.0000,False,False,False
29101,0.0000,1.0000,False,False,False
29102,1.0000,0.0000,False,False,False
29103,1.0000,0.0000,False,False,False
29104,1.0000,0.0000,False,False,False
29105,0.0000,1.0000,False,False,False
29106,0.0000,1.0000,False,False,False
29107,1.0000,0.0000,False,False,False
29108,1.0000,0.0000,False,False,False
29109,0.0000,1.0000,False,False,False
29110,0.0000,1.0000,False,False,False
29111,0.0000,1.0000,False,False,False
29112,0.0000,1.0000,False,False,False
29113,1.0000,0.0000,False,False,False
29114,0.0000,1.0000,False,False,False
29115,1.0000,0.0000,False,False,False
29116,1.0000,0.0000,False,False,False
29117,1.0000,0.0000,False,False,False
29118,1.0000,0.0000,False,False,False
29119,0.0000,1.0000,False,False,False
29120,1.0000,0.0000,False,False,False
29121,0.0000,1.0000,False,False,False
29122,0.0000,1.0000,False,False,False
29123,1.0000,0.0000,False,False,False
29124,1.0000,0.0000,False,False,False
29125,1.0000,0.0000,False,False,False
29126,1.0000,0.0000,False,False,False
29127,1.0000,0.0000,False,False,False
29128,1.0000,0.0000,False,False,False
29129,1.0000,0.0000,False,False,False
29130,1.0000,0.0000,False,False,False
29131,1.0000,0.0000,False,False,False
29132,1.0000,0.0000,False,False,False
29133,1.0000,0.0000,False,False,False
29134,1.0000,0.0000,False,False,False
29135,0.0000,1.0000,False,False,False
29136,0.0000,1.0000,False,False,False
29137,1.0000,0.0000,False,False,False
29138,0.0000,1.0000,False,False,False
29139,1.0000,0.0000,False,False,False
29140,1.0000,0.0000,False,False,False
29141,0.0000,1.0000,False,False,False
29142,1.0000,0.0000,False,False,False
29143,0.0000,1.0000,False,False,False
29144,1.0000,0.0000,False,False,False
29145,1.0000,0.0000,False,False,False
29146,1.0000,0.0000,False,False,False
29147,0.0000,1.0000,False,False,False
29148,1.0000,0.0000,False,False,False
29149,1.0000,0.0000,False,False,False
29150,1.0000,0.0000,False,False,False
29151,0.0000,1.0000,False,False,False
29152,0.0000,1.0000,False,False,False
29153,0.0000,1.0000,False,False,False
29154,0.0000,1.0000,False,False,False
29155,1.0000,0.0000,False,False,False
29156,1.0000,0.0000,False,False,False
29157,1.0000,0.0000,False,False,False
29158,1.0000,0.0000,False,False,False
29159,1.0000,0.0000,False,False,False
29160,1.0000,0.0000,False,False,False
29161,1.0000,0.0000,False,False,False
29162,0.0000,1.0000,False,False,False
29163,1.0000,0.0000,False,False,False
29164,1.0000,0.0000,False,False,False
29165,1.0000,0.0000,False,False,False
29166,0.0000,1.0000,False,False,False
29167,0.0000,1.0000,False,False,False
29168,1.0000,0.0000,False,False,False
29169,0.0000,1.0000,False,False,False
29170,0.0000,1.0000,False,False,False
29171,1.0000,0.0000,False,False,False
29172,1.0000,0.0000,False,False,False
29173,1.0000,0.0000,False,False,False
29174,1.0000,0.0000,False,False,False
29175,1.0000,0.0000,False,False,False
29176,1.0000,0.0000,False,False,False
29177,0.0000,1.0000,False,False,False
29178,1.0000,0.0000,False,False,False
29179,1.0000,0.0000,False,False,False
29180,1.0000,0.0000,False,False,False
29181,1.0000,0.0000,False,False,False
29182,0.0000,1.0000,False,False,False
29183,1.0000,0.0000,False,False,False
29184,1.0000,0.0000,False,False,False
29185,1.0000,0.0000,False,False,False
29186,1.0000,0.0000,False,False,False
29187,1.0000,0.0000,False,False,False
29188,0.0000,1.0000,False,False,False
29189,1.0000,0.0000,False,False,False
29190,1.0000,0.0000,False,False,False
29191,1.0000,0.0000,False,False,False
29192,1.0000,0.0000,False,False,False
29193,0.0000,1.0000,False,False,False
29194,0.0000,1.0000,False,False,False
29195,1.0000,0.0000,False,False,False
29196,1.0000,0.0000,False,False,False
29197,1.0000,0.0000,False,False,False
29198,0.0000,1.0000,False,False,False
29199,1.0000,0.0000,False,False,False
29200,0.0000,1.0000,False,False,False
29201,1.0000,0.0000,False,False,False
29202,1.0000,0.0000,False,False,False
29203,1.0000,0.0000,False,False,False
29204,1.0000,0.0000,False,False,False
29205,0.0000,1.0000,False,False,False
29206,1.0000,0.0000,False,False,False
29207,0.0000,1.0000,False,False,False
29208,1.0000,0.0000,False,False,False
29209,1.0000,0.0000,False,False,False
29210,1.0000,0.0000,False,False,False
29211,0.0000,1.0000,False,False,False
29212,1.0000,0.0000,False,False,False
29213,0.0000,1.0000,False,False,False
29214,1.0000,0.0000,False,False,False
29215,1.0000,0.0000,False,False,False
29216,1.0000,0.0000,False,False,False
29217,0.0000,1.0000,False,False,False
29218,1.0000,0.0000,False,False,False
29219,1.0000,0.0000,False,False,False
29220,1.0000,0.0000,False,False,False
29221,1.0000,0.0000,False,False,False
29222,1.0000,0.0000,False,False,False
29223,0.0000,1.0000,False,False,False
29224,1.0000,0.0000,False,False,False
29225,1.0000,0.0000,False,False,False
29226,1.0000,0.0000,False,False,False
29227,1.0000,0.0000,False,False,False
29228,0.0000,1.0000,False,False,False
29229,1.0000,0.0000,False,False,False
29230,1.0000,0.0000,False,False,False
29231,1.0000,0.0000,False,False,False
29232,1.0000,0.0000,False,False,False
29233,1.0000,0.0000,False,False,False
29234,1.0000,0.0000,False,False,False
29235,1.0000,0.0000,False,False,False
29236,1.0000,0.0000,False,False,False
29237,0.0000,1.0000,False,False,False
29238,1.0000,0.0000,False,False,False
29239,1.0000,0.0000,False,False,False
29240,1.0000,0.0000,False,False,False
29241,0.0000,1.0000,False,False,False
29242,1.0000,0.0000,False,False,False
29243,1.0000,0.0000,False,False,False
29244,1.0000,0.0000,False,False,False
29245,0.0000,1.0000,False,False,False
29246,1.0000,0.0000,False,False,False
29247,1.0000,0.0000,False,False,False
29248,0.0000,1.0000,False,False,False
29249,1.0000,0.0000,False,False,False
29250,1.0000,0.0000,False,False,False
29251,1.0000,0.0000,False,False,False
29252,0.0000,1.0000,False,False,False
29253,1.0000,0.0000,False,False,False
29254,1.0000,0.0000,False,False,False
29255,1.0000,0.0000,False,False,False
29256,0.0000,1.0000,False,False,False
29257,1.0000,0.0000,False,False,False
29258,1.0000,0.0000,False,False,False
29259,0.0000,1.0000,False,False,False
29260,1.0000,0.0000,False,False,False
29261,1.0000,0.0000,False,False,False
29262,0.0000,1.0000,False,False,False
29263,1.0000,0.0000,False,False,False
29264,1.0000,0.0000,False,False,False
29265,0.0000,1.0000,False,False,False
29266,0.0000,1.0000,False,False,False
29267,0.0000,1.0000,False,False,False
29268,1.0000,0.0000,False,False,False
29269,1.0000,0.0000,False,False,False
29270,0.0000,1.0000,False,False,False
29271,1.0000,0.0000,False,False,False
29272,1.0000,0.0000,False,False,False
29273,1.0000,0.0000,False,False,False
29274,1.0000,0.0000,False,False,False
29275,1.0000,0.0000,False,False,False
29276,1.0000,0.0000,False,False,False
29277,1.0000,0.0000,False,False,False
29278,1.0000,0.0000,False,False,False
29279,0.0000,1.0000,False,False,False
29280,1.0000,0.0000,False,False,False
29281,1.0000,0.0000,False,False,False
29282,1.0000,0.0000,False,False,False
29283,1.0000,0.0000,False,False,False
29284,1.0000,0.0000,False,False,False
29285,0.0000,1.0000,False,False,False
29286,1.0000,0.0000,False,False,False
29287,1.0000,0.0000,False,False,False
29288,1.0000,0.0000,False,False,False
29289,1.0000,0.0000,False,False,False
29290,1.0000,0.0000,False,False,False
29291,0.0000,1.0000,False,False,False
29292,1.0000,0.0000,False,False,False
29293,0.0000,1.0000,False,False,False
29294,1.0000,0.0000,False,False,False
29295,1.0000,0.0000,False,False,False
29296,1.0000,0.0000,False,False,False
29297,1.0000,0.0000,False,False,False
29298,1.0000,0.0000,False,False,False
29299,1.0000,0.0000,False,False,False
29300,1.0000,0.0000,False,False,False
29301,1.0000,0.0000,False,False,False
29302,1.0000,0.0000,False,False,False
29303,1.0000,0.0000,False,False,False
29304,1.0000,0.0000,False,False,False
29305,1.0000,0.0000,False,False,False
29306,1.0000,0.0000,False,False,False
29307,1.0000,0.0000,False,False,False
29308,1.0000,0.0000,False,False,False
29309,1.0000,0.0000,False,False,False
29310,1.0000,0.0000,False,False,False
29311,0.0000,1.0000,False,False,False
29312,1.0000,0.0000,False,False,False
29313,1.0000,0.0000,False,False,False
29314,0.0000,1.0000,False,False,False
29315,1.0000,0.0000,False,False,False
29316,0.0000,1.0000,False,False,False
29317,0.0000,1.0000,False,False,False
29318,1.0000,0.0000,False,False,False
29319,1.0000,0.0000,False,False,False
29320,1.0000,0.0000,False,False,False
29321,1.0000,0.0000,False,False,False
29322,0.0000,1.0000,False,False,False
29323,1.0000,0.0000,False,False,False
29324,0.0000,1.0000,False,False,False
29325,1.0000,0.0000,False,False,False
29326,1.0000,0.0000,False,False,False
29327,1.0000,0.0000,False,False,False
29328,1.0000,0.0000,False,False,False
29329,1.0000,0.0000,False,False,False
29330,1.0000,0.0000,False,False,False
29331,0.0000,1.0000,False,False,False
29332,1.0000,0.0000,False,False,False
29333,1.0000,0.0000,False,False,False
29334,0.0000,1.0000,False,False,False
29335,1.0000,0.0000,False,False,False
29336,1.0000,0.0000,False,False,False
29337,1.0000,0.0000,False,False,False
29338,1.0000,0.0000,False,False,False
29339,1.0000,0.0000,False,False,False
29340,0.0000,1.0000,False,False,False
29341,1.0000,0.0000,False,False,False
29342,1.0000,0.0000,False,False,False
29343,1.0000,0.0000,False,False,False
29344,1.0000,0.0000,False,False,False
29345,1.0000,0.0000,False,False,False
29346,0.0000,1.0000,False,False,False
29347,0.0000,1.0000,False,False,False
29348,1.0000,0.0000,False,False,False
29349,0.0000,1.0000,False,False,False
29350,1.0000,0.0000,False,False,False
29351,1.0000,0.0000,False,False,False
29352,1.0000,0.0000,False,False,False
29353,1.0000,0.0000,False,False,False
29354,1.0000,0.0000,False,False,False
29355,1.0000,0.0000,False,False,False
29356,1.0000,0.0000,False,False,False
29357,1.0000,0.0000,False,False,False
29358,0.0000,1.0000,False,False,False
29359,1.0000,0.0000,False,False,False
29360,1.0000,0.0000,False,False,False
29361,1.0000,0.0000,False,False,False
29362,1.0000,0.0000,False,False,False
29363,1.0000,0.0000,False,False,False
29364,1.0000,0.0000,False,False,False
29365,0.0000,1.0000,False,False,False
29366,1.0000,0.0000,False,False,False
29367,0.0000,1.0000,False,False,False
29368,0.0000,1.0000,False,False,False
29369,1.0000,0.0000,False,False,False
29370,1.0000,0.0000,False,False,False
29371,1.0000,0.0000,False,False,False
29372,1.0000,0.0000,False,False,False
29373,1.0000,0.0000,False,False,False
29374,0.0000,1.0000,False,False,False
29375,1.0000,0.0000,False,False,False
29376,1.0000,0.0000,False,False,False
29377,1.0000,0.0000,False,False,False
29378,1.0000,0.0000,False,False,False
29379,0.0000,1.0000,False,False,False
29380,1.0000,0.0000,False,False,False
29381,0.0000,1.0000,False,False,False
29382,0.0000,1.0000,False,False,False
29383,1.0000,0.0000,False,False,False
29384,1.0000,0.0000,False,False,False
29385,1.0000,0.0000,False,False,False
29386,1.0000,0.0000,False,False,False
29387,1.0000,0.0000,False,False,False
29388,0.0000,1.0000,False,False,False
29389,1.0000,0.0000,False,False,False
29390,0.0000,1.0000,False,False,False
29391,1.0000,0.0000,False,False,False
29392,1.0000,0.0000,False,False,False
29393,1.0000,0.0000,False,False,False
29394,0.0000,1.0000,False,False,False
29395,1.0000,0.0000,False,False,False
29396,1.0000,0.0000,False,False,False
29397,1.0000,0.0000,False,False,False
29398,1.0000,0.0000,False,False,False
29399,1.0000,0.0000,False,False,False
29400,0.0000,1.0000,False,False,False
29401,1.0000,0.0000,False,False,False
29402,1.0000,0.0000,False,False,False
29403,1.0000,0.0000,False,False,False
29404,1.0000,0.0000,False,False,False
29405,1.0000,0.0000,False,False,False
29406,1.0000,0.0000,False,False,False
29407,1.0000,0.0000,False,False,False
29408,1.0000,0.0000,False,False,False
29409,0.0000,1.0000,False,False,False
29410,0.0000,1.0000,False,False,False
29411,1.0000,0.0000,False,False,False
29412,1.0000,0.0000,False,False,False
29413,1.0000,0.0000,False,False,False
29414,1.0000,0.0000,False,False,False
29415,1.0000,0.0000,False,False,False
29416,1.0000,0.0000,False,False,False
29417,1.0000,0.0000,False,False,False
29418,0.0000,1.0000,False,False,False
29419,1.0000,0.0000,False,False,False
29420,1.0000,0.0000,False,False,False
29421,0.0000,1.0000,False,False,False
29422,1.0000,0.0000,False,False,False
29423,0.0000,1.0000,False,False,False
29424,1.0000,0.0000,False,False,False
29425,1.0000,0.0000,False,False,False
29426,1.0000,0.0000,False,False,False
29427,1.0000,0.0000,False,False,False
29428,1.0000,0.0000,False,False,False
29429,0.0000,1.0000,False,False,False
29430,1.0000,0.0000,False,False,False
29431,0.0000,1.0000,False,False,False
29432,1.0000,0.0000,False,False,False
29433,1.0000,0.0000,False,False,False
29434,0.0000,1.0000,False,False,False
29435,1.0000,0.0000,False,False,False
29436,1.0000,0.0000,False,False,False
29437,0.0000,1.0000,False,False,False
29438,1.0000,0.0000,False,False,False
29439,1.0000,0.0000,False,False,False
29440,1.0000,0.0000,False,False,False
29441,1.0000,0.0000,False,False,False
29442,1.0000,0.0000,False,False,False
29443,1.0000,0.0000,False,False,False
29444,1.0000,0.0000,False,False,False
29445,0.0000,1.0000,False,False,False
29446,0.0000,1.0000,False,False,False
29447,0.0000,1.0000,False,False,False
29448,0.0000,1.0000,False,False,False
29449,1.0000,0.0000,False,False,False
29450,1.0000,0.0000,False,False,False
29451,1.0000,0.0000,False,False,False
29452,1.0000,0.0000,False,False,False
29453,0.0000,1.0000,False,False,False
29454,1.0000,0.0000,False,False,False
29455,0.0000,1.0000,False,False,False
29456,1.0000,0.0000,False,False,False
29457,1.0000,0.0000,False,False,False
29458,1.0000,0.0000,False,False,False
29459,1.0000,0.0000,False,False,False
29460,1.0000,0.0000,False,False,False
29461,0.0000,1.0000,False,False,False
29462,1.0000,0.0000,False,False,False
29463,0.0000,1.0000,False,False,False
29464,1.0000,0.0000,False,False,False
29465,1.0000,0.0000,False,False,False
29466,0.0000,1.0000,False,False,False
29467,0.0000,1.0000,False,False,False
29468,0.0000,1.0000,False,False,False
29469,1.0000,0.0000,False,False,False
29470,0.0000,1.0000,False,False,False
29471,1.0000,0.0000,False,False,False
29472,1.0000,0.0000,False,False,False
29473,0.0000,1.0000,False,False,False
29474,1.0000,0.0000,False,False,False
29475,1.0000,0.0000,False,False,False
29476,0.0000,1.0000,False,False,False
29477,1.0000,0.0000,False,False,False
29478,1.0000,0.0000,False,False,False
29479,0.0000,1.0000,False,False,False
29480,0.0000,1.0000,False,False,False
29481,1.0000,0.0000,False,False,False
29482,0.0000,1.0000,False,False,False
29483,0.0000,1.0000,False,False,False
29484,1.0000,0.0000,False,False,False
29485,1.0000,0.0000,False,False,False
29486,1.0000,0.0000,False,False,False
29487,1.0000,0.0000,False,False,False
29488,1.0000,0.0000,False,False,False
29489,1.0000,0.0000,False,False,False
29490,1.0000,0.0000,False,False,False
29491,0.0000,1.0000,False,False,False
29492,1.0000,0.0000,False,False,False
29493,1.0000,0.0000,False,False,False
29494,0.0000,1.0000,False,False,False
29495,1.0000,0.0000,False,False,False
29496,0.0000,1.0000,False,False,False
29497,1.0000,0.0000,False,False,False
29498,1.0000,0.0000,False,False,False
29499,1.0000,0.0000,False,False,False
29500,1.0000,0.0000,False,False,False
29501,0.0000,1.0000,False,False,False
29502,1.0000,0.0000,False,False,False
29503,1.0000,0.0000,False,False,False
29504,1.0000,0.0000,False,False,False
29505,1.0000,0.0000,False,False,False
29506,1.0000,0.0000,False,False,False
29507,1.0000,0.0000,False,False,False
29508,1.0000,0.0000,False,False,False
29509,1.0000,0.0000,False,False,False
29510,0.0000,1.0000,False,False,False
29511,1.0000,0.0000,False,False,False
29512,1.0000,0.0000,False,False,False
29513,0.0000,1.0000,False,False,False
29514,1.0000,0.0000,False,False,False
29515,0.0000,1.0000,False,False,False
29516,1.0000,0.0000,False,False,False
29517,0.0000,1.0000,False,False,False
29518,0.0000,1.0000,False,False,False
29519,1.0000,0.0000,False,False,False
29520,1.0000,0.0000,False,False,False
29521,1.0000,0.0000,False,False,False
29522,0.0000,1.0000,False,False,False
29523,1.0000,0.0000,False,False,False
29524,1.0000,0.0000,False,False,False
29525,1.0000,0.0000,False,False,False
29526,1.0000,0.0000,False,False,False
29527,0.0000,1.0000,False,False,False
29528,1.0000,0.0000,False,False,False
29529,1.0000,0.0000,False,False,False
29530,1.0000,0.0000,False,False,False
29531,1.0000,0.0000,False,False,False
29532,1.0000,0.0000,False,False,False
29533,1.0000,0.0000,False,False,False
29534,0.0000,1.0000,False,False,False
29535,1.0000,0.0000,False,False,False
29536,1.0000,0.0000,False,False,False
29537,0.0000,1.0000,False,False,False
29538,1.0000,0.0000,False,False,False
29539,1.0000,0.0000,False,False,False
29540,1.0000,0.0000,False,False,False
29541,1.0000,0.0000,False,False,False
29542,1.0000,0.0000,False,False,False
29543,0.0000,1.0000,False,False,False
29544,0.0000,1.0000,False,False,False
29545,1.0000,0.0000,False,False,False
29546,1.0000,0.0000,False,False,False
29547,1.0000,0.0000,False,False,False
29548,1.0000,0.0000,False,False,False
29549,1.0000,0.0000,False,False,False
29550,1.0000,0.0000,False,False,False
29551,1.0000,0.0000,False,False,False
29552,1.0000,0.0000,False,False,False
29553,0.0000,1.0000,False,False,False
29554,0.0000,1.0000,False,False,False
29555,1.0000,0.0000,False,False,False
29556,1.0000,0.0000,False,False,False
29557,1.0000,0.0000,False,False,False
29558,1.0000,0.0000,False,False,False
29559,1.0000,0.0000,False,False,False
29560,1.0000,0.0000,False,False,False
29561,0.0000,1.0000,False,False,False
29562,1.0000,0.0000,False,False,False
29563,1.0000,0.0000,False,False,False
29564,1.0000,0.0000,False,False,False
29565,1.0000,0.0000,False,False,False
29566,1.0000,0.0000,False,False,False
29567,0.0000,1.0000,False,False,False
29568,1.0000,0.0000,False,False,False
29569,1.0000,0.0000,False,False,False
29570,1.0000,0.0000,False,False,False
29571,0.0000,1.0000,False,False,False
29572,1.0000,0.0000,False,False,False
29573,1.0000,0.0000,False,False,False
29574,1.0000,0.0000,False,False,False
29575,1.0000,0.0000,False,False,False
29576,1.0000,0.0000,False,False,False
29577,0.0000,1.0000,False,False,False
29578,1.0000,0.0000,False,False,False
29579,0.0000,1.0000,False,False,False
29580,1.0000,0.0000,False,False,False
29581,1.0000,0.0000,False,False,False
29582,1.0000,0.0000,False,False,False
29583,1.0000,0.0000,False,False,False
29584,1.0000,0.0000,False,False,False
29585,0.0000,1.0000,False,False,False
29586,0.0000,1.0000,False,False,False
29587,1.0000,0.0000,False,False,False
29588,1.0000,0.0000,False,False,False
29589,0.0000,1.0000,False,False,False
29590,1.0000,0.0000,False,False,False
29591,1.0000,0.0000,False,False,False
29592,1.0000,0.0000,False,False,False
29593,1.0000,0.0000,False,False,False
29594,1.0000,0.0000,False,False,False
29595,1.0000,0.0000,False,False,False
29596,1.0000,0.0000,False,False,False
29597,1.0000,0.0000,False,False,False
29598,0.0000,1.0000,False,False,False
29599,0.0000,1.0000,False,False,False
29600,1.0000,0.0000,False,False,False
29601,1.0000,0.0000,False,False,False
29602,0.0000,1.0000,False,False,False
29603,0.0000,1.0000,False,False,False
29604,1.0000,0.0000,False,False,False
29605,1.0000,0.0000,False,False,False
29606,1.0000,0.0000,False,False,False
29607,1.0000,0.0000,False,False,False
29608,0.0000,1.0000,False,False,False
29609,1.0000,0.0000,False,False,False
29610,1.0000,0.0000,False,False,False
29611,1.0000,0.0000,False,False,False
29612,1.0000,0.0000,False,False,False
29613,1.0000,0.0000,False,False,False
29614,0.0000,1.0000,False,False,False
29615,1.0000,0.0000,False,False,False
29616,1.0000,0.0000,False,False,False
29617,0.0000,1.0000,False,False,False
29618,0.0000,1.0000,False,False,False
29619,1.0000,0.0000,False,False,False
29620,1.0000,0.0000,False,False,False
29621,0.0000,1.0000,False,False,False
29622,1.0000,0.0000,False,False,False
29623,1.0000,0.0000,False,False,False
29624,1.0000,0.0000,False,False,False
29625,1.0000,0.0000,False,False,False
29626,0.0000,1.0000,False,False,False
29627,1.0000,0.0000,False,False,False
29628,1.0000,0.0000,False,False,False
29629,0.0000,1.0000,False,False,False
29630,1.0000,0.0000,False,False,False
29631,1.0000,0.0000,False,False,False
29632,1.0000,0.0000,False,False,False
29633,0.0000,1.0000,False,False,False
29634,0.0000,1.0000,False,False,False
29635,1.0000,0.0000,False,False,False
29636,1.0000,0.0000,False,False,False
29637,1.0000,0.0000,False,False,False
29638,1.0000,0.0000,False,False,False
29639,0.0000,1.0000,False,False,False
29640,0.0000,1.0000,False,False,False
29641,0.0000,1.0000,False,False,False
29642,1.0000,0.0000,False,False,False
29643,1.0000,0.0000,False,False,False
29644,1.0000,0.0000,False,False,False
29645,0.0000,1.0000,False,False,False
29646,1.0000,0.0000,False,False,False
29647,1.0000,0.0000,False,False,False
29648,1.0000,0.0000,False,False,False
29649,1.0000,0.0000,False,False,False
29650,1.0000,0.0000,False,False,False
29651,1.0000,0.0000,False,False,False
29652,0.0000,1.0000,False,False,False
29653,0.0000,1.0000,False,False,False
29654,1.0000,0.0000,False,False,False
29655,1.0000,0.0000,False,False,False
29656,1.0000,0.0000,False,False,False
29657,0.0000,1.0000,False,False,False
29658,0.0000,1.0000,False,False,False
29659,1.0000,0.0000,False,False,False
29660,1.0000,0.0000,False,False,False
29661,1.0000,0.0000,False,False,False
29662,0.0000,1.0000,False,False,False
29663,1.0000,0.0000,False,False,False
29664,0.0000,1.0000,False,False,False
29665,1.0000,0.0000,False,False,False
29666,0.0000,1.0000,False,False,False
29667,1.0000,0.0000,False,False,False
29668,0.0000,1.0000,False,False,False
29669,1.0000,0.0000,False,False,False
29670,1.0000,0.0000,False,False,False
29671,1.0000,0.0000,False,False,False
29672,1.0000,0.0000,False,False,False
29673,1.0000,0.0000,False,False,False
29674,1.0000,0.0000,False,False,False
29675,1.0000,0.0000,False,False,False
29676,1.0000,0.0000,False,False,False
29677,1.0000,0.0000,False,False,False
29678,1.0000,0.0000,False,False,False
29679,0.0000,1.0000,False,False,False
29680,1.0000,0.0000,False,False,False
29681,1.0000,0.0000,False,False,False
29682,1.0000,0.0000,False,False,False
29683,1.0000,0.0000,False,False,False
29684,1.0000,0.0000,False,False,False
29685,1.0000,0.0000,False,False,False
29686,0.0000,1.0000,False,False,False
29687,1.0000,0.0000,False,False,False
29688,1.0000,0.0000,False,False,False
29689,0.0000,1.0000,False,False,False
29690,0.0000,1.0000,False,False,False
29691,0.0000,1.0000,False,False,False
29692,1.0000,0.0000,False,False,False
29693,0.0000,1.0000,False,False,False
29694,1.0000,0.0000,False,False,False
29695,1.0000,0.0000,False,False,False
29696,1.0000,0.0000,False,False,False
29697,1.0000,0.0000,False,False,False
29698,1.0000,0.0000,False,False,False
29699,1.0000,0.0000,False,False,False
29700,0.0000,1.0000,False,False,False
29701,1.0000,0.0000,False,False,False
29702,1.0000,0.0000,False,False,False
29703,1.0000,0.0000,False,False,False
29704,1.0000,0.0000,False,False,False
29705,0.0000,1.0000,False,False,False
29706,1.0000,0.0000,False,False,False
29707,0.0000,1.0000,False,False,False
29708,1.0000,0.0000,False,False,False
29709,1.0000,0.0000,False,False,False
29710,0.0000,1.0000,False,False,False
29711,1.0000,0.0000,False,False,False
29712,1.0000,0.0000,False,False,False
29713,0.0000,1.0000,False,False,False
29714,1.0000,0.0000,False,False,False
29715,1.0000,0.0000,False,False,False
29716,0.0000,1.0000,False,False,False
29717,1.0000,0.0000,False,False,False
29718,1.0000,0.0000,False,False,False
29719,1.0000,0.0000,False,False,False
29720,1.0000,0.0000,False,False,False
29721,1.0000,0.0000,False,False,False
29722,1.0000,0.0000,False,False,False
29723,1.0000,0.0000,False,False,False
29724,1.0000,0.0000,False,False,False
29725,1.0000,0.0000,False,False,False
29726,0.0000,1.0000,False,False,False
29727,1.0000,0.0000,False,False,False
29728,1.0000,0.0000,False,False,False
29729,1.0000,0.0000,False,False,False
29730,1.0000,0.0000,False,False,False
29731,0.0000,1.0000,False,False,False
29732,0.0000,1.0000,False,False,False
29733,1.0000,0.0000,False,False,False
29734,0.0000,1.0000,False,False,False
29735,1.0000,0.0000,False,False,False
29736,1.0000,0.0000,False,False,False
29737,1.0000,0.0000,False,False,False
29738,0.0000,1.0000,False,False,False
29739,1.0000,0.0000,False,False,False
29740,0.0000,1.0000,False,False,False
29741,1.0000,0.0000,False,False,False
29742,0.0000,1.0000,False,False,False
29743,0.0000,1.0000,False,False,False
29744,1.0000,0.0000,False,False,False
29745,0.0000,1.0000,False,False,False
29746,1.0000,0.0000,False,False,False
29747,1.0000,0.0000,False,False,False
29748,0.0000,1.0000,False,False,False
29749,1.0000,0.0000,False,False,False
29750,1.0000,0.0000,False,False,False
29751,1.0000,0.0000,False,False,False
29752,0.0000,1.0000,False,False,False
29753,1.0000,0.0000,False,False,False
29754,1.0000,0.0000,False,False,False
29755,0.0000,1.0000,False,False,False
29756,0.0000,1.0000,False,False,False
29757,1.0000,0.0000,False,False,False
29758,1.0000,0.0000,False,False,False
29759,1.0000,0.0000,False,False,False
29760,1.0000,0.0000,False,False,False
29761,1.0000,0.0000,False,False,False
29762,1.0000,0.0000,False,False,False
29763,1.0000,0.0000,False,False,False
29764,1.0000,0.0000,False,False,False
29765,1.0000,0.0000,False,False,False
29766,0.0000,1.0000,False,False,False
29767,0.0000,1.0000,False,False,False
29768,1.0000,0.0000,False,False,False
29769,1.0000,0.0000,False,False,False
29770,1.0000,0.0000,False,False,False
29771,1.0000,0.0000,False,False,False
29772,1.0000,0.0000,False,False,False
29773,1.0000,0.0000,False,False,False
29774,1.0000,0.0000,False,False,False
29775,1.0000,0.0000,False,False,False
29776,0.0000,1.0000,False,False,False
29777,0.0000,1.0000,False,False,False
29778,1.0000,0.0000,False,False,False
29779,1.0000,0.0000,False,False,False
29780,0.0000,1.0000,False,False,False
29781,1.0000,0.0000,False,False,False
29782,1.0000,0.0000,False,False,False
29783,1.0000,0.0000,False,False,False
29784,1.0000,0.0000,False,False,False
29785,1.0000,0.0000,False,False,False
29786,1.0000,0.0000,False,False,False
29787,1.0000,0.0000,False,False,False
29788,1.0000,0.0000,False,False,False
29789,0.0000,1.0000,False,False,False
29790,1.0000,0.0000,False,False,False
29791,0.0000,1.0000,False,False,False
29792,1.0000,0.0000,False,False,False
29793,1.0000,0.0000,False,False,False
29794,1.0000,0.0000,False,False,False
29795,1.0000,0.0000,False,False,False
29796,1.0000,0.0000,False,False,False
29797,0.0000,1.0000,False,False,False
29798,0.0000,1.0000,False,False,False
29799,1.0000,0.0000,False,False,False
29800,1.0000,0.0000,False,False,False
29801,1.0000,0.0000,False,False,False
29802,1.0000,0.0000,False,False,False
29803,1.0000,0.0000,False,False,False
29804,1.0000,0.0000,False,False,False
29805,1.0000,0.0000,False,False,False
29806,1.0000,0.0000,False,False,False
29807,1.0000,0.0000,False,False,False
29808,1.0000,0.0000,False,False,False
29809,1.0000,0.0000,False,False,False
29810,1.0000,0.0000,False,False,False
29811,0.0000,1.0000,False,False,False
29812,1.0000,0.0000,False,False,False
29813,0.0000,1.0000,False,False,False
29814,1.0000,0.0000,False,False,False
29815,1.0000,0.0000,False,False,False
29816,1.0000,0.0000,False,False,False
29817,1.0000,0.0000,False,False,False
29818,0.0000,1.0000,False,False,False
29819,0.0000,1.0000,False,False,False
29820,0.0000,1.0000,False,False,False
29821,1.0000,0.0000,False,False,False
29822,1.0000,0.0000,False,False,False
29823,0.0000,1.0000,False,False,False
29824,1.0000,0.0000,False,False,False
29825,1.0000,0.0000,False,False,False
29826,1.0000,0.0000,False,False,False
29827,0.0000,1.0000,False,False,False
29828,1.0000,0.0000,False,False,False
29829,0.0000,1.0000,False,False,False
29830,0.0000,1.0000,False,False,False
29831,1.0000,0.0000,False,False,False
29832,1.0000,0.0000,False,False,False
29833,1.0000,0.0000,False,False,False
29834,1.0000,0.0000,False,False,False
29835,1.0000,0.0000,False,False,False
29836,1.0000,0.0000,False,False,False
29837,1.0000,0.0000,False,False,False
29838,1.0000,0.0000,False,False,False
29839,1.0000,0.0000,False,False,False
29840,1.0000,0.0000,False,False,False
29841,0.0000,1.0000,False,False,False
29842,1.0000,0.0000,False,False,False
29843,0.0000,1.0000,False,False,False
29844,1.0000,0.0000,False,False,False
29845,1.0000,0.0000,False,False,False
29846,1.0000,0.0000,False,False,False
29847,1.0000,0.0000,False,False,False
29848,1.0000,0.0000,False,False,False
29849,0.0000,1.0000,False,False,False
29850,0.0000,1.0000,False,False,False
29851,0.0000,1.0000,False,False,False
29852,1.0000,0.0000,False,False,False
29853,1.0000,0.0000,False,False,False
29854,1.0000,0.0000,False,False,False
29855,0.0000,1.0000,False,False,False
29856,1.0000,0.0000,False,False,False
29857,1.0000,0.0000,False,False,False
29858,1.0000,0.0000,False,False,False
29859,0.0000,1.0000,False,False,False
29860,1.0000,0.0000,False,False,False
29861,0.0000,1.0000,False,False,False
29862,1.0000,0.0000,False,False,False
29863,1.0000,0.0000,False,False,False
29864,0.0000,1.0000,False,False,False
29865,0.0000,1.0000,False,False,False
29866,0.0000,1.0000,False,False,False
29867,1.0000,0.0000,False,False,False
29868,1.0000,0.0000,False,False,False
29869,1.0000,0.0000,False,False,False
29870,1.0000,0.0000,False,False,False
29871,1.0000,0.0000,False,False,False
29872,1.0000,0.0000,False,False,False
29873,0.0000,1.0000,False,False,False
29874,1.0000,0.0000,False,False,False
29875,1.0000,0.0000,False,False,False
29876,1.0000,0.0000,False,False,False
29877,0.0000,1.0000,False,False,False
29878,1.0000,0.0000,False,False,False
29879,1.0000,0.0000,False,False,False
29880,1.0000,0.0000,False,False,False
29881,1.0000,0.0000,False,False,False
29882,1.0000,0.0000,False,False,False
29883,1.0000,0.0000,False,False,False
29884,1.0000,0.0000,False,False,False
29885,0.0000,1.0000,False,False,False
29886,1.0000,0.0000,False,False,False
29887,1.0000,0.0000,False,False,False
29888,0.0000,1.0000,False,False,False
29889,1.0000,0.0000,False,False,False
29890,0.0000,1.0000,False,False,False
29891,1.0000,0.0000,False,False,False
29892,1.0000,0.0000,False,False,False
29893,1.0000,0.0000,False,False,False
29894,1.0000,0.0000,False,False,False
29895,1.0000,0.0000,False,False,False
29896,1.0000,0.0000,False,False,False
29897,0.0000,1.0000,False,False,False
29898,1.0000,0.0000,False,False,False
29899,0.0000,1.0000,False,False,False
29900,1.0000,0.0000,False,False,False
29901,0.0000,1.0000,False,False,False
29902,1.0000,0.0000,False,False,False
29903,1.0000,0.0000,False,False,False
29904,0.0000,1.0000,False,False,False
29905,1.0000,0.0000,False,False,False
29906,1.0000,0.0000,False,False,False
29907,1.0000,0.0000,False,False,False
29908,1.0000,0.0000,False,False,False
29909,1.0000,0.0000,False,False,False
29910,0.0000,1.0000,False,False,False
29911,1.0000,0.0000,False,False,False
29912,1.0000,0.0000,False,False,False
29913,1.0000,0.0000,False,False,False
29914,1.0000,0.0000,False,False,False
29915,1.0000,0.0000,False,False,False
29916,1.0000,0.0000,False,False,False
29917,0.0000,1.0000,False,False,False
29918,1.0000,0.0000,False,False,False
29919,1.0000,0.0000,False,False,False
29920,1.0000,0.0000,False,False,False
29921,1.0000,0.0000,False,False,False
29922,1.0000,0.0000,False,False,False
29923,0.0000,1.0000,False,False,False
29924,1.0000,0.0000,False,False,False
29925,0.0000,1.0000,False,False,False
29926,1.0000,0.0000,False,False,False
29927,0.0000,1.0000,False,False,False
29928,0.0000,1.0000,False,False,False
29929,1.0000,0.0000,False,False,False
29930,1.0000,0.0000,False,False,False
29931,0.0000,1.0000,False,False,False
29932,1.0000,0.0000,False,False,False
29933,1.0000,0.0000,False,False,False
29934,1.0000,0.0000,False,False,False
29935,0.0000,1.0000,False,False,False
29936,0.0000,1.0000,False,False,False
29937,1.0000,0.0000,False,False,False
29938,1.0000,0.0000,False,False,False
29939,1.0000,0.0000,False,False,False
29940,0.0000,1.0000,False,False,False
29941,0.0000,1.0000,False,False,False
29942,1.0000,0.0000,False,False,False
29943,1.0000,0.0000,False,False,False
29944,1.0000,0.0000,False,False,False
29945,1.0000,0.0000,False,False,False
29946,1.0000,0.0000,False,False,False
29947,1.0000,0.0000,False,False,False
29948,1.0000,0.0000,False,False,False
29949,1.0000,0.0000,False,False,False
29950,1.0000,0.0000,False,False,False
29951,1.0000,0.0000,False,False,False
29952,1.0000,0.0000,False,False,False
29953,1.0000,0.0000,False,False,False
29954,0.0000,1.0000,False,False,False
29955,1.0000,0.0000,False,False,False
29956,0.0000,1.0000,False,False,False
29957,1.0000,0.0000,False,False,False
29958,0.0000,1.0000,False,False,False
29959,0.0000,1.0000,False,False,False
29960,1.0000,0.0000,False,False,False
29961,1.0000,0.0000,False,False,False
29962,1.0000,0.0000,False,False,False
29963,0.0000,1.0000,False,False,False
29964,1.0000,0.0000,False,False,False
29965,1.0000,0.0000,False,False,False
29966,1.0000,0.0000,False,False,False
29967,0.0000,1.0000,False,False,False
29968,0.0000,1.0000,False,False,False
29969,1.0000,0.0000,False,False,False
29970,1.0000,0.0000,False,False,False
29971,0.0000,1.0000,False,False,False
29972,1.0000,0.0000,False,False,False
29973,1.0000,0.0000,False,False,False
29974,0.0000,1.0000,False,False,False
29975,1.0000,0.0000,False,False,False
29976,1.0000,0.0000,False,False,False
29977,1.0000,0.0000,False,False,False
29978,1.0000,0.0000,False,False,False
29979,1.0000,0.0000,False,False,False
29980,0.0000,1.0000,False,False,False
29981,1.0000,0.0000,False,False,False
29982,1.0000,0.0000,False,False,False
29983,1.0000,0.0000,False,False,False
29984,1.0000,0.0000,False,False,False
29985,0.0000,1.0000,False,False,False
29986,1.0000,0.0000,False,False,False
29987,1.0000,0.0000,False,False,False
29988,1.0000,0.0000,False,False,False
29989,0.0000,1.0000,False,False,False
29990,0.0000,1.0000,False,False,False
29991,1.0000,0.0000,False,False,False
29992,1.0000,0.0000,False,False,False
29993,1.0000,0.0000,False,False,False
29994,0.0000,1.0000,False,False,False
29995,1.0000,0.0000,False,False,False
29996,1.0000,0.0000,False,False,False
29997,0.0000,1.0000,False,False,False
29998,1.0000,0.0000,False,False,False
29999,1.0000,0.0000,False,False,False
30000,0.0000,1.0000,True,True,False
30001,1.0000,0.0000,True,True,False
30002,0.0000,1.0000,True,True,False
30003,0.0000,1.0000,True,True,False
30004,1.0000,0.0000,True,True,False
30005,1.0000,0.0000,True,True,False
30006,1.0000,0.0000,True,True,False
30007,1.0000,0.0000,True,True,False
30008,0.0000,1.0000,True,True,False
30009,1.0000,0.0000,True,True,False
30010,0.0000,1.0000,True,False,True
30011,1.0000,0.0000,False,False,False
30012,1.0000,0.0000,False,False,False
30013,0.0000,1.0000,False,False,False
30014,1.0000,0.0000,False,False,False
30015,1.0000,0.0000,False,False,False
30016,1.0000,0.0000,False,False,False
30017,1.0000,0.0000,False,False,False
30018,1.0000,0.0000,False,False,False
30019,1.0000,0.0000,False,False,False
30020,1.0000,0.0000,False,False,False
30021,1.0000,0.0000,False,False,False
30022,0.0000,1.0000,False,False,False
30023,0.0000,1.0000,False,False,False
30024,1.0000,0.0000,False,False,False
30025,0.0000,1.0000,False,False,False
30026,0.0000,1.0000,False,False,False
30027,0.0000,1.0000,False,False,False
30028,1.0000,0.0000,False,False,False
30029,1.0000,0.0000,False,False,False
30030,1.0000,0.0000,False,False,False
30031,1.0000,0.0000,False,False,False
30032,1.0000,0.0000,False,False,False
30033,0.0000,1.0000,False,False,False
30034,0.0000,1.0000,False,False,False
30035,0.0000,1.0000,False,False,False
30036,0.0000,1.0000,False,False,False
30037,1.0000,0.0000,False,False,False
30038,1.0000,0.0000,False,False,False
30039,1.0000,0.0000,False,False,False
30040,0.0000,1.0000,False,False,False
30041,1.0000,0.0000,False,False,False
30042,1.0000,0.0000,False,False,False
30043,0.0000,1.0000,False,False,False
30044,1.0000,0.0000,False,False,False
30045,1.0000,0.0000,False,False,False
30046,0.0000,1.0000,False,False,False
30047,0.0000,1.0000,False,False,False
30048,1.0000,0.0000,False,False,False
30049,1.0000,0.0000,False,False,False
30050,1.0000,0.0000,False,False,False
30051,1.0000,0.0000,False,False,False
30052,0.0000,1.0000,False,False,False
30053,1.0000,0.0000,False,False,False
30054,0.0000,1.0000,False,False,False
30055,1.0000,0.0000,False,False,False
30056,0.0000,1.0000,False,False,False
30057,1.0000,0.0000,False,False,False
30058,1.0000,0.0000,False,False,False
30059,0.0000,1.0000,False,False,False
30060,0.0000,1.0000,False,False,False
30061,1.0000,0.0000,False,False,False
30062,1.0000,0.0000,False,False,False
30063,1.0000,0.0000,False,False,False
30064,0.0000,1.0000,False,False,False
30065,1.0000,0.0000,False,False,False
30066,0.0000,1.0000,False,False,False
30067,1.0000,0.0000,False,False,False
30068,1.0000,0.0000,False,False,False
30069,0.0000,1.0000,False,False,False
30070,1.0000,0.0000,False,False,False
30071,0.0000,1.0000,False,False,False
30072,1.0000,0.0000,False,False,False
30073,0.0000,1.0000,False,False,False
30074,1.0000,0.0000,False,False,False
30075,0.0000,1.0000,False,False,False
30076,1.0000,0.0000,False,False,False
30077,0.0000,1.0000,False,False,False
30078,1.0000,0.0000,False,False,False
30079,1.0000,0.0000,False,False,False
30080,1.0000,0.0000,False,False,False
30081,0.0000,1.0000,False,False,False
30082,1.0000,0.0000,False,False,False
30083,0.0000,1.0000,False,False,False
30084,1.0000,0.0000,False,False,False
30085,1.0000,0.0000,False,False,False
30086,1.0000,0.0000,False,False,False
30087,1.0000,0.0000,False,False,False
30088,0.0000,1.0000,False,False,False
30089,1.0000,0.0000,False,False,False
30090,1.0000,0.0000,False,False,False
30091,0.0000,1.0000,False,False,False
30092,0.0000,1.0000,False,False,False
30093,1.0000,0.0000,False,False,False
30094,1.0000,0.0000,False,False,False
30095,1.0000,0.0000,False,False,False
30096,1.0000,0.0000,False,False,False
30097,1.0000,0.0000,False,False,False
30098,0.0000,1.0000,False,False,False
30099,1.0000,0.0000,False,False,False
30100,1.0000,0.0000,False,False,False
30101,1.0000,0.0000,False,False,False
30102,1.0000,0.0000,False,False,False
30103,1.0000,0.0000,False,False,False
30104,1.0000,0.0000,False,False,False
30105,1.0000,0.0000,False,False,False
30106,1.0000,0.0000,False,False,False
30107,1.0000,0.0000,False,False,False
30108,1.0000,0.0000,False,False,False
30109,1.0000,0.0000,False,False,False
30110,0.0000,1.0000,False,False,False
30111,1.0000,0.0000,False,False,False
30112,1.0000,0.0000,False,False,False
30113,1.0000,0.0000,False,False,False
30114,1.0000,0.0000,False,False,False
30115,0.0000,1.0000,False,False,False
30116,1.0000,0.0000,False,False,False
30117,1.0000,0.0000,False,False,False
30118,1.0000,0.0000,False,False,False
30119,1.0000,0.0000,False,False,False
30120,1.0000,0.0000,False,False,False
30121,1.0000,0.0000,False,False,False
30122,1.0000,0.0000,False,False,False
30123,0.0000,1.0000,False,False,False
30124,0.0000,1.0000,False,False,False
30125,1.0000,0.0000,False,False,False
30126,0.0000,1.0000,False,False,False
30127,1.0000,0.0000,False,False,False
30128,1.0000,0.0000,False,False,False
30129,0.0000,1.0000,False,False,False
30130,1.0000,0.0000,False,False,False
30131,1.0000,0.0000,False,False,False
30132,1.0000,0.0000,False,False,False
30133,1.0000,0.0000,False,False,False
30134,1.0000,0.0000,False,False,False
30135,1.0000,0.0000,False,False,False
30136,0.0000,1.0000,False,False,False
30137,1.0000,0.0000,False,False,False
30138,1.0000,0.0000,False,False,False
30139,0.0000,1.0000,False,False,False
30140,0.0000,1.0000,False,False,False
30141,1.0000,0.0000,False,False,False
30142,1.0000,0.0000,False,False,False
30143,1.0000,0.0000,False,False,False
30144,1.0000,0.0000,False,False,False
30145,1.0000,0.0000,False,False,False
30146,1.0000,0.0000,False,False,False
30147,1.0000,0.0000,False,False,False
30148,1.0000,0.0000,False,False,False
30149,1.0000,0.0000,False,False,False
30150,1.0000,0.0000,False,False,False
30151,1.0000,0.0000,False,False,False
30152,1.0000,0.0000,False,False,False
30153,1.0000,0.0000,False,False,False
30154,1.0000,0.0000,False,False,False
30155,1.0000,0.0000,False,False,False
30156,1.0000,0.0000,False,False,False
30157,1.0000,0.0000,False,False,False
30158,1.0000,0.0000,False,False,False
30159,0.0000,1.0000,False,False,False
30160,1.0000,0.0000,False,False,False
30161,0.0000,1.0000,False,False,False
30162,0.0000,1.0000,False,False,False
30163,0.0000,1.0000,False,False,False
30164,1.0000,0.0000,False,False,False
30165,0.0000,1.0000,False,False,False
30166,1.0000,0.0000,False,False,False
30167,1.0000,0.0000,False,False,False
30168,0.0000,1.0000,False,False,False
30169,1.0000,0.0000,False,False,False
30170,1.0000,0.0000,False,False,False
30171,1.0000,0.0000,False,False,False
30172,0.0000,1.0000,False,False,False
30173,0.0000,1.0000,False,False,False
30174,1.0000,0.0000,False,False,False
30175,1.0000,0.0000,False,False,False
30176,1.0000,0.0000,False,False,False
30177,0.0000,1.0000,False,False,False
30178,1.0000,0.0000,False,False,False
30179,0.0000,1.0000,False,False,False
30180,1.0000,0.0000,False,False,False
30181,1.0000,0.0000,False,False,False
30182,1.0000,0.0000,False,False,False
30183,0.0000,1.0000,False,False,False
30184,1.0000,0.0000,False,False,False
30185,0.0000,1.0000,False,False,False
30186,1.0000,0.0000,False,False,False
30187,0.0000,1.0000,False,False,False
30188,0.0000,1.0000,False,False,False
30189,1.0000,0.0000,False,False,False
30190,0.0000,1.0000,False,False,False
30191,1.0000,0.0000,False,False,False
30192,1.0000,0.0000,False,False,False
30193,1.0000,0.0000,False,False,False
30194,1.0000,0.0000,False,False,False
30195,1.0000,0.0000,False,False,False
30196,1.0000,0.0000,False,False,False
30197,1.0000,0.0000,False,False,False
30198,1.0000,0.0000,False,False,False
30199,1.0000,0.0000,False,False,False
30200,1.0000,0.0000,False,False,False
30201,0.0000,1.0000,False,False,False
30202,1.0000,0.0000,False,False,False
30203,1.0000,0.0000,False,False,False
30204,1.0000,0.0000,False,False,False
30205,1.0000,0.0000,False,False,False
30206,1.0000,0.0000,False,False,False
30207,1.0000,0.0000,False,False,False
30208,1.0000,0.0000,False,False,False
30209,1.0000,0.0000,False,False,False
30210,1.0000,0.0000,False,False,False
30211,1.0000,0.0000,False,False,False
30212,1.0000,0.0000,False,False,False
30213,1.0000,0.0000,False,False,False
30214,1.0000,0.0000,False,False,False
30215,1.0000,0.0000,False,False,False
30216,1.0000,0.0000,False,False,False
30217,1.0000,0.0000,False,False,False
30218,0.0000,1.0000,False,False,False
30219,1.0000,0.0000,False,False,False
30220,1.0000,0.0000,False,False,False
30221,1.0000,0.0000,False,False,False
30222,1.0000,0.0000,False,False,False
30223,1.0000,0.0000,False,False,False
30224,1.0000,0.0000,False,False,False
30225,1.0000,0.0000,False,False,False
30226,0.0000,1.0000,False,False,False
30227,1.0000,0.0000,False,False,False
30228,1.0000,0.0000,False,False,False
30229,1.0000,0.0000,False,False,False
30230,0.0000,1.0000,False,False,False
30231,1.0000,0.0000,False,False,False
30232,1.0000,0.0000,False,False,False
30233,1.0000,0.0000,False,False,False
30234,1.0000,0.0000,False,False,False
30235,1.0000,0.0000,False,False,False
30236,1.0000,0.0000,False,False,False
30237,1.0000,0.0000,False,False,False
30238,1.0000,0.0000,False,False,False
30239,1.0000,0.0000,False,False,False
30240,1.0000,0.0000,False,False,False
30241,1.0000,0.0000,False,False,False
30242,1.0000,0.0000,False,False,False
30243,0.0000,1.0000,False,False,False
30244,1.0000,0.0000,False,False,False
30245,1.0000,0.0000,False,False,False
30246,1.0000,0.0000,False,False,False
30247,1.0000,0.0000,False,False,False
30248,1.0000,0.0000,False,False,False
30249,1.0000,0.0000,False,False,False
30250,1.0000,0.0000,False,False,False
30251,1.0000,0.0000,False,False,False
30252,0.0000,1.0000,False,False,False
30253,1.0000,0.0000,False,False,False
30254,0.0000,1.0000,False,False,False
30255,1.0000,0.0000,False,False,False
30256,1.0000,0.0000,False,False,False
30257,1.0000,0.0000,False,False,False
30258,0.0000,1.0000,False,False,False
30259,1.0000,0.0000,False,False,False
30260,1.0000,0.0000,False,False,False
30261,1.0000,0.0000,False,False,False
30262,1.0000,0.0000,False,False,False
30263,1.0000,0.0000,False,False,False
30264,1.0000,0.0000,False,False,False
30265,1.0000,0.0000,False,False,False
30266,0.0000,1.0000,False,False,False
30267,1.0000,0.0000,False,False,False
30268,0.0000,1.0000,False,False,False
30269,1.0000,0.0000,False,False,False
30270,1.0000,0.0000,False,False,False
30271,0.0000,1.0000,False,False,False
30272,1.0000,0.0000,False,False,False
30273,1.0000,0.0000,False,False,False
30274,1.0000,0.0000,False,False,False
30275,0.0000,1.0000,False,False,False
30276,0.0000,1.0000,False,False,False
30277,1.0000,0.0000,False,False,False
30278,1.0000,0.0000,False,False,False
30279,0.0000,1.0000,False,False,False
30280,1.0000,0.0000,False,False,False
30281,1.0000,0.0000,False,False,False
30282,1.0000,0.0000,False,False,False
30283,1.0000,0.0000,False,False,False
30284,1.0000,0.0000,False,False,False
30285,1.0000,0.0000,False,False,False
30286,1.0000,0.0000,False,False,False
30287,1.0000,0.0000,False,False,False
30288,1.0000,0.0000,False,False,False
30289,0.0000,1.0000,False,False,False
30290,1.0000,0.0000,False,False,False
30291,1.0000,0.0000,False,False,False
30292,1.0000,0.0000,False,False,False
30293,0.0000,1.0000,False,False,False
30294,0.0000,1.0000,False,False,False
30295,1.0000,0.0000,False,False,False
30296,1.0000,0.0000,False,False,False
30297,0.0000,1.0000,False,False,False
30298,1.0000,0.0000,False,False,False
30299,1.0000,0.0000,False,False,False
30300,1.0000,0.0000,False,False,False
30301,1.0000,0.0000,False,False,False
30302,0.0000,1.0000,False,False,False
30303,1.0000,0.0000,False,False,False
30304,1.0000,0.0000,False,False,False
30305,1.0000,0.0000,False,False,False
30306,1.0000,0.0000,False,False,False
30307,1.0000,0.0000,False,False,False
30308,1.0000,0.0000,False,False,False
30309,1.0000,0.0000,False,False,False
30310,1.0000,0.0000,False,False,False
30311,0.0000,1.0000,False,False,False
30312,0.0000,1.0000,False,False,False
30313,1.0000,0.0000,False,False,False
30314,1.0000,0.0000,False,False,False
30315,1.0000,0.0000,False,False,False
30316,1.0000,0.0000,False,False,False
30317,1.0000,0.0000,False,False,False
30318,1.0000,0.0000,False,False,False
30319,1.0000,0.0000,False,False,False
30320,1.0000,0.0000,False,False,False
30321,0.0000,1.0000,False,False,False
30322,1.0000,0.0000,False,False,False
30323,1.0000,0.0000,False,False,False
30324,1.0000,0.0000,False,False,False
30325,1.0000,0.0000,False,False,False
30326,1.0000,0.0000,False,False,False
30327,0.0000,1.0000,False,False,False
30328,1.0000,0.0000,False,False,False
30329,1.0000,0.0000,False,False,False
30330,1.0000,0.0000,False,False,False
30331,0.0000,1.0000,False,False,False
30332,0.0000,1.0000,False,False,False
30333,0.0000,1.0000,False,False,False
30334,1.0000,0.0000,False,False,False
30335,0.0000,1.0000,False,False,False
30336,1.0000,0.0000,False,False,False
30337,1.0000,0.0000,False,False,False
30338,1.0000,0.0000,False,False,False
30339,0.0000,1.0000,False,False,False
30340,1.0000,0.0000,False,False,False
30341,1.0000,0.0000,False,False,False
30342,1.0000,0.0000,False,False,False
30343,0.0000,1.0000,False,False,False
30344,1.0000,0.0000,False,False,False
30345,1.0000,0.0000,False,False,False
30346,1.0000,0.0000,False,False,False
30347,1.0000,0.0000,False,False,False
30348,1.0000,0.0000,False,False,False
30349,1.0000,0.0000,False,False,False
30350,1.0000,0.0000,False,False,False
30351,1.0000,0.0000,False,False,False
30352,0.0000,1.0000,False,False,False
30353,0.0000,1.0000,False,False,False
30354,0.0000,1.0000,False,False,False
30355,0.0000,1.0000,False,False,False
30356,1.0000,0.0000,False,False,False
30357,1.0000,0.0000,False,False,False
30358,1.0000,0.0000,False,False,False
30359,1.0000,0.0000,False,False,False
30360,1.0000,0.0000,False,False,False
30361,1.0000,0.0000,False,False,False
30362,1.0000,0.0000,False,False,False
30363,1.0000,0.0000,False,False,False
30364,1.0000,0.0000,False,False,False
30365,0.0000,1.0000,False,False,False
30366,1.0000,0.0000,False,False,False
30367,1.0000,0.0000,False,False,False
30368,1.0000,0.0000,False,False,False
30369,1.0000,0.0000,False,False,False
30370,1.0000,0.0000,False,False,False
30371,1.0000,0.0000,False,False,False
30372,1.0000,0.0000,False,False,False
30373,1.0000,0.0000,False,False,False
30374,1.0000,0.0000,False,False,False
30375,1.0000,0.0000,False,False,False
30376,0.0000,1.0000,False,False,False
30377,0.0000,1.0000,False,False,False
30378,1.0000,0.0000,False,False,False
30379,1.0000,0.0000,False,False,False
30380,0.0000,1.0000,False,False,False
30381,1.0000,0.0000,False,False,False
30382,0.0000,1.0000,False,False,False
30383,1.0000,0.0000,False,False,False
30384,1.0000,0.0000,False,False,False
30385,1.0000,0.0000,False,False,False
30386,0.0000,1.0000,False,False,False
30387,1.0000,0.0000,False,False,False
30388,1.0000,0.0000,False,False,False
30389,1.0000,0.0000,False,False,False
30390,1.0000,0.0000,False,False,False
30391,0.0000,1.0000,False,False,False
30392,1.0000,0.0000,False,False,False
30393,0.0000,1.0000,False,False,False
30394,0.0000,1.0000,False,False,False
30395,1.0000,0.0000,False,False,False
30396,1.0000,0.0000,False,False,False
30397,0.0000,1.0000,False,False,False
30398,1.0000,0.0000,False,False,False
30399,1.0000,0.0000,False,False,False
30400,0.0000,1.0000,False,False,False
30401,1.0000,0.0000,False,False,False
30402,1.0000,0.0000,False,False,False
30403,1.0000,0.0000,False,False,False
30404,1.0000,0.0000,False,False,False
30405,0.0000,1.0000,False,False,False
30406,1.0000,0.0000,False,False,False
30407,0.0000,1.0000,False,False,False
30408,1.0000,0.0000,False,False,False
30409,1.0000,0.0000,False,False,False
30410,1.0000,0.0000,False,False,False
30411,1.0000,0.0000,False,False,False
30412,1.0000,0.0000,False,False,False
30413,1.0000,0.0000,False,False,False
30414,0.0000,1.0000,False,False,False
30415,1.0000,0.0000,False,False,False
30416,1.0000,0.0000,False,False,False
30417,0.0000,1.0000,False,False,False
30418,1.0000,0.0000,False,False,False
30419,1.0000,0.0000,False,False,False
30420,1.0000,0.0000,False,False,False
30421,1.0000,0.0000,False,False,False
30422,1.0000,0.0000,False,False,False
30423,1.0000,0.0000,False,False,False
30424,1.0000,0.0000,False,False,False
30425,1.0000,0.0000,False,False,False
30426,1.0000,0.0000,False,False,False
30427,0.0000,1.0000,False,False,False
30428,1.0000,0.0000,False,False,False
30429,0.0000,1.0000,False,False,False
30430,1.0000,0.0000,False,False,False
30431,1.0000,0.0000,False,False,False
30432,1.0000,0.0000,False,False,False
30433,1.0000,0.0000,False,False,False
30434,1.0000,0.0000,False,False,False
30435,1.0000,0.0000,False,False,False
30436,1.0000,0.0000,False,False,False
30437,0.0000,1.0000,False,False,False
30438,1.0000,0.0000,False,False,False
30439,1.0000,0.0000,False,False,False
30440,1.0000,0.0000,False,False,False
30441,1.0000,0.0000,False,False,False
30442,1.0000,0.0000,False,False,False
30443,0.0000,1.0000,False,False,False
30444,1.0000,0.0000,False,False,False
30445,0.0000,1.0000,False,False,False
30446,0.0000,1.0000,False,False,False
30447,1.0000,0.0000,False,False,False
30448,1.0000,0.0000,False,False,False
30449,1.0000,0.0000,False,False,False
30450,1.0000,0.0000,False,False,False
30451,1.0000,0.0000,False,False,False
30452,0.0000,1.0000,False,False,False
30453,0.0000,1.0000,False,False,False
30454,0.0000,1.0000,False,False,False
30455,0.0000,1.0000,False,False,False
30456,0.0000,1.0000,False,False,False
30457,1.0000,0.0000,False,False,False
30458,0.0000,1.0000,False,False,False
30459,1.0000,0.0000,False,False,False
30460,0.0000,1.0000,False,False,False
30461,1.0000,0.0000,False,False,False
30462,0.0000,1.0000,False,False,False
30463,1.0000,0.0000,False,False,False
30464,1.0000,0.0000,False,False,False
30465,0.0000,1.0000,False,False,False
30466,1.0000,0.0000,False,False,False
30467,1.0000,0.0000,False,False,False
30468,1.0000,0.0000,False,False,False
30469,1.0000,0.0000,False,False,False
30470,1.0000,0.0000,False,False,False
30471,1.0000,0.0000,False,False,False
30472,1.0000,0.0000,False,False,False
30473,1.0000,0.0000,False,False,False
30474,0.0000,1.0000,False,False,False
30475,1.0000,0.0000,False,False,False
30476,1.0000,0.0000,False,False,False
30477,0.0000,1.0000,False,False,False
30478,0.0000,1.0000,False,False,False
30479,1.0000,0.0000,False,False,False
30480,0.0000,1.0000,False,False,False
30481,0.0000,1.0000,False,False,False
30482,1.0000,0.0000,False,False,False
30483,1.0000,0.0000,False,False,False
30484,1.0000,0.0000,False,False,False
30485,1.0000,0.0000,False,False,False
30486,1.0000,0.0000,False,False,False
30487,1.0000,0.0000,False,False,False
30488,0.0000,1.0000,False,False,False
30489,0.0000,1.0000,False,False,False
30490,1.0000,0.0000,False,False,False
30491,1.0000,0.0000,False,False,False
30492,1.0000,0.0000,False,False,False
30493,1.0000,0.0000,False,False,False
30494,1.0000,0.0000,False,False,False
30495,1.0000,0.0000,False,False,False
30496,1.0000,0.0000,False,False,False
30497,0.0000,1.0000,False,False,False
30498,1.0000,0.0000,False,False,False
30499,0.0000,1.0000,False,False,False
30500,1.0000,0.0000,False,False,False
30501,0.0000,1.0000,False,False,False
30502,0.0000,1.0000,False,False,False
30503,0.0000,1.0000,False,False,False
30504,0.0000,1.0000,False,False,False
30505,1.0000,0.0000,False,False,False
30506,1.0000,0.0000,False,False,False
30507,1.0000,0.0000,False,False,False
30508,1.0000,0.0000,False,False,False
30509,1.0000,0.0000,False,False,False
30510,0.0000,1.0000,False,False,False
30511,0.0000,1.0000,False,False,False
30512,1.0000,0.0000,False,False,False
30513,0.0000,1.0000,False,False,False
30514,1.0000,0.0000,False,False,False
30515,1.0000,0.0000,False,False,False
30516,1.0000,0.0000,False,False,False
30517,1.0000,0.0000,False,False,False
30518,1.0000,0.0000,False,False,False
30519,1.0000,0.0000,False,False,False
30520,1.0000,0.0000,False,False,False
30521,0.0000,1.0000,False,False,False
30522,1.0000,0.0000,False,False,False
30523,1.0000,0.0000,False,False,False
30524,1.0000,0.0000,False,False,False
30525,1.0000,0.0000,False,False,False
30526,1.0000,0.0000,False,False,False
30527,1.0000,0.0000,False,False,False
30528,0.0000,1.0000,False,False,False
30529,1.0000,0.0000,False,False,False
30530,0.0000,1.0000,False,False,False
30531,1.0000,0.0000,False,False,False
30532,1.0000,0.0000,False,False,False
30533,1.0000,0.0000,False,False,False
30534,1.0000,0.0000,False,False,False
30535,1.0000,0.0000,False,False,False
30536,0.0000,1.0000,False,False,False
30537,0.0000,1.0000,False,False,False
30538,1.0000,0.0000,False,False,False
30539,1.0000,0.0000,False,False,False
30540,1.0000,0.0000,False,False,False
30541,0.0000,1.0000,False,False,False
30542,1.0000,0.0000,False,False,False
30543,1.0000,0.0000,False,False,False
30544,1.0000,0.0000,False,False,False
30545,0.0000,1.0000,False,False,False
30546,1.0000,0.0000,False,False,False
30547,1.0000,0.0000,False,False,False
30548,1.0000,0.0000,False,False,False
30549,1.0000,0.0000,False,False,False
30550,0.0000,1.0000,False,False,False
30551,1.0000,0.0000,False,False,False
30552,1.0000,0.0000,False,False,False
30553,0.0000,1.0000,False,False,False
30554,1.0000,0.0000,False,False,False
30555,1.0000,0.0000,False,False,False
30556,1.0000,0.0000,False,False,False
30557,0.0000,1.0000,False,False,False
30558,1.0000,0.0000,False,False,False
30559,1.0000,0.0000,False,False,False
30560,1.0000,0.0000,False,False,False
30561,1.0000,0.0000,False,False,False
30562,1.0000,0.0000,False,False,False
30563,1.0000,0.0000,False,False,False
30564,1.0000,0.0000,False,False,False
30565,0.0000,1.0000,False,False,False
30566,1.0000,0.0000,False,False,False
30567,1.0000,0.0000,False,False,False
30568,1.0000,0.0000,False,False,False
30569,1.0000,0.0000,False,False,False
30570,1.0000,0.0000,False,False,False
30571,1.0000,0.0000,False,False,False
30572,1.0000,0.0000,False,False,False
30573,0.0000,1.0000,False,False,False
30574,1.0000,0.0000,False,False,False
30575,0.0000,1.0000,False,False,False
30576,1.0000,0.0000,False,False,False
30577,1.0000,0.0000,False,False,False
30578,1.0000,0.0000,False,False,False
30579,1.0000,0.0000,False,False,False
30580,0.0000,1.0000,False,False,False
30581,1.0000,0.0000,False,False,False
30582,1.0000,0.0000,False,False,False
30583,1.0000,0.0000,False,False,False
30584,0.0000,1.0000,False,False,False
30585,1.0000,0.0000,False,False,False
30586,1.0000,0.0000,False,False,False
30587,1.0000,0.0000,False,False,False
30588,1.0000,0.0000,False,False,False
30589,1.0000,0.0000,False,False,False
30590,1.0000,0.0000,False,False,False
30591,1.0000,0.0000,False,False,False
30592,1.0000,0.0000,False,False,False
30593,0.0000,1.0000,False,False,False
30594,1.0000,0.0000,False,False,False
30595,1.0000,0.0000,False,False,False
30596,1.0000,0.0000,False,False,False
30597,1.0000,0.0000,False,False,False
30598,1.0000,0.0000,False,False,False
30599,1.0000,0.0000,False,False,False
30600,1.0000,0.0000,False,False,False
30601,1.0000,0.0000,False,False,False
30602,0.0000,1.0000,False,False,False
30603,1.0000,0.0000,False,False,False
30604,1.0000,0.0000,False,False,False
30605,0.0000,1.0000,False,False,False
30606,1.0000,0.0000,False,False,False
30607,1.0000,0.0000,False,False,False
30608,1.0000,0.0000,False,False,False
30609,1.0000,0.0000,False,False,False
30610,1.0000,0.0000,False,False,False
30611,1.0000,0.0000,False,False,False
30612,0.0000,1.0000,False,False,False
30613,1.0000,0.0000,False,False,False
30614,1.0000,0.0000,False,False,False
30615,1.0000,0.0000,False,False,False
30616,0.0000,1.0000,False,False,False
30617,1.0000,0.0000,False,False,False
30618,1.0000,0.0000,False,False,False
30619,1.0000,0.0000,False,False,False
30620,1.0000,0.0000,False,False,False
30621,1.0000,0.0000,False,False,False
30622,1.0000,0.0000,False,False,False
30623,0.0000,1.0000,False,False,False
30624,1.0000,0.0000,False,False,False
30625,1.0000,0.0000,False,False,False
30626,1.0000,0.0000,False,False,False
30627,1.0000,0.0000,False,False,False
30628,1.0000,0.0000,False,False,False
30629,1.0000,0.0000,False,False,False
30630,0.0000,1.0000,False,False,False
30631,0.0000,1.0000,False,False,False
30632,1.0000,0.0000,False,False,False
30633,0.0000,1.0000,False,False,False
30634,1.0000,0.0000,False,False,False
30635,0.0000,1.0000,False,False,False
30636,1.0000,0.0000,False,False,False
30637,1.0000,0.0000,False,False,False
30638,0.0000,1.0000,False,False,False
30639,1.0000,0.0000,False,False,False
30640,1.0000,0.0000,False,False,False
30641,0.0000,1.0000,False,False,False
30642,0.0000,1.0000,False,False,False
30643,0.0000,1.0000,False,False,False
30644,1.0000,0.0000,False,False,False
30645,0.0000,1.0000,False,False,False
30646,1.0000,0.0000,False,False,False
30647,1.0000,0.0000,False,False,False
30648,1.0000,0.0000,False,False,False
30649,1.0000,0.0000,False,False,False
30650,1.0000,0.0000,False,False,False
30651,1.0000,0.0000,False,False,False
30652,1.0000,0.0000,False,False,False
30653,1.0000,0.0000,False,False,False
30654,0.0000,1.0000,False,False,False
30655,1.0000,0.0000,False,False,False
30656,1.0000,0.0000,False,False,False
30657,1.0000,0.0000,False,False,False
30658,0.0000,1.0000,False,False,False
30659,1.0000,0.0000,False,False,False
30660,1.0000,0.0000,False,False,False
30661,1.0000,0.0000,False,False,False
30662,1.0000,0.0000,False,False,False
30663,1.0000,0.0000,False,False,False
30664,1.0000,0.0000,False,False,False
30665,0.0000,1.0000,False,False,False
30666,0.0000,1.0000,False,False,False
30667,1.0000,0.0000,False,False,False
30668,0.0000,1.0000,False,False,False
30669,1.0000,0.0000,False,False,False
30670,1.0000,0.0000,False,False,False
30671,0.0000,1.0000,False,False,False
30672,0.0000,1.0000,False,False,False
30673,0.0000,1.0000,False,False,False
30674,0.0000,1.0000,False,False,False
30675,1.0000,0.0000,False,False,False
30676,1.0000,0.0000,False,False,False
30677,1.0000,0.0000,False,False,False
30678,1.0000,0.0000,False,False,False
30679,0.0000,1.0000,False,False,False
30680,1.0000,0.0000,False,False,False
30681,0.0000,1.0000,False,False,False
30682,1.0000,0.0000,False,False,False
30683,1.0000,0.0000,False,False,False
30684,1.0000,0.0000,False,False,False
30685,0.0000,1.0000,False,False,False
30686,1.0000,0.0000,False,False,False
30687,0.0000,1.0000,False,False,False
30688,1.0000,0.0000,False,False,False
30689,1.0000,0.0000,False,False,False
30690,1.0000,0.0000,False,False,False
30691,0.0000,1.0000,False,False,False
30692,0.0000,1.0000,False,False,False
30693,0.0000,1.0000,False,False,False
30694,1.0000,0.0000,False,False,False
30695,1.0000,0.0000,False,False,False
30696,1.0000,0.0000,False,False,False
30697,1.0000,0.0000,False,False,False
30698,1.0000,0.0000,False,False,False
30699,1.0000,0.0000,False,False,False
30700,1.0000,0.0000,False,False,False
30701,1.0000,0.0000,False,False,False
30702,1.0000,0.0000,False,False,False
30703,0.0000,1.0000,False,False,False
30704,1.0000,0.0000,False,False,False
30705,1.0000,0.0000,False,False,False
30706,1.0000,0.0000,False,False,False
30707,1.0000,0.0000,False,False,False
30708,1.0000,0.0000,False,False,False
30709,0.0000,1.0000,False,False,False
30710,1.0000,0.0000,False,False,False
30711,1.0000,0.0000,False,False,False
30712,1.0000,0.0000,False,False,False
30713,1.0000,0.0000,False,False,False
30714,1.0000,0.0000,False,False,False
30715,0.0000,1.0000,False,False,False
30716,0.0000,1.0000,False,False,False
30717,1.0000,0.0000,False,False,False
30718,1.0000,0.0000,False,False,False
30719,1.0000,0.0000,False,False,False
30720,1.0000,0.0000,False,False,False
30721,1.0000,0.0000,False,False,False
30722,1.0000,0.0000,False,False,False
30723,0.0000,1.0000,False,False,False
30724,0.0000,1.0000,False,False,False
30725,1.0000,0.0000,False,False,False
30726,1.0000,0.0000,False,False,False
30727,1.0000,0.0000,False,False,False
30728,1.0000,0.0000,False,False,False
30729,1.0000,0.0000,False,False,False
30730,1.0000,0.0000,False,False,False
30731,0.0000,1.0000,False,False,False
30732,1.0000,0.0000,False,False,False
30733,1.0000,0.0000,False,False,False
30734,1.0000,0.0000,False,False,False
30735,1.0000,0.0000,False,False,False
30736,1.0000,0.0000,False,False,False
30737,1.0000,0.0000,False,False,False
30738,0.0000,1.0000,False,False,False
30739,1.0000,0.0000,False,False,False
30740,1.0000,0.0000,False,False,False
30741,1.0000,0.0000,False,False,False
30742,1.0000,0.0000,False,False,False
30743,1.0000,0.0000,False,False,False
30744,1.0000,0.0000,False,False,False
30745,1.0000,0.0000,False,False,False
30746,1.0000,0.0000,False,False,False
30747,0.0000,1.0000,False,False,False
30748,1.0000,0.0000,False,False,False
30749,1.0000,0.0000,False,False,False
30750,1.0000,0.0000,False,False,False
30751,1.0000,0.0000,False,False,False
30752,1.0000,0.0000,False,False,False
30753,1.0000,0.0000,False,False,False
30754,1.0000,0.0000,False,False,False
30755,1.0000,0.0000,False,False,False
30756,0.0000,1.0000,False,False,False
30757,1.0000,0.0000,False,False,False
30758,1.0000,0.0000,False,False,False
30759,1.0000,0.0000,False,False,False
30760,1.0000,0.0000,False,False,False
30761,0.0000,1.0000,False,False,False
30762,1.0000,0.0000,False,False,False
30763,1.0000,0.0000,False,False,False
30764,1.0000,0.0000,False,False,False
30765,0.0000,1.0000,False,False,False
30766,1.0000,0.0000,False,False,False
30767,1.0000,0.0000,False,False,False
30768,1.0000,0.0000,False,False,False
30769,1.0000,0.0000,False,False,False
30770,1.0000,0.0000,False,False,False
30771,1.0000,0.0000,False,False,False
30772,1.0000,0.0000,False,False,False
30773,0.0000,1.0000,False,False,False
30774,1.0000,0.0000,False,False,False
30775,1.0000,0.0000,False,False,False
30776,1.0000,0.0000,False,False,False
30777,0.0000,1.0000,False,False,False
30778,0.0000,1.0000,False,False,False
30779,1.0000,0.0000,False,False,False
30780,0.0000,1.0000,False,False,False
30781,1.0000,0.0000,False,False,False
30782,1.0000,0.0000,False,False,False
30783,1.0000,0.0000,False,False,False
30784,1.0000,0.0000,False,False,False
30785,1.0000,0.0000,False,False,False
30786,1.0000,0.0000,False,False,False
30787,1.0000,0.0000,False,False,False
30788,1.0000,0.0000,False,False,False
30789,1.0000,0.0000,False,False,False
30790,1.0000,0.0000,False,False,False
30791,1.0000,0.0000,False,False,False
30792,1.0000,0.0000,False,False,False
30793,1.0000,0.0000,False,False,False
30794,1.0000,0.0000,False,False,False
30795,1.0000,0.0000,False,False,False
30796,1.0000,0.0000,False,False,False
30797,1.0000,0.0000,False,False,False
30798,1.0000,0.0000,False,False,False
30799,1.0000,0.0000,False,False,False
30800,0.0000,1.0000,False,False,False
30801,1.0000,0.0000,False,False,False
30802,1.0000,0.0000,False,False,False
30803,1.0000,0.0000,False,False,False
30804,0.0000,1.0000,False,False,False
30805,0.0000,1.0000,False,False,False
30806,1.0000,0.0000,False,False,False
30807,1.0000,0.0000,False,False,False
30808,0.0000,1.0000,False,False,False
30809,0.0000,1.0000,False,False,False
30810,1.0000,0.0000,False,False,False
30811,1.0000,0.0000,False,False,False
30812,1.0000,0.0000,False,False,False
30813,1.0000,0.0000,False,False,False
30814,0.0000,1.0000,False,False,False
30815,1.0000,0.0000,False,False,False
30816,1.0000,0.0000,False,False,False
30817,1.0000,0.0000,False,False,False
30818,1.0000,0.0000,False,False,False
30819,1.0000,0.0000,False,False,False
30820,1.0000,0.0000,False,False,False
30821,1.0000,0.0000,False,False,False
30822,0.0000,1.0000,False,False,False
30823,0.0000,1.0000,False,False,False
30824,1.0000,0.0000,False,False,False
30825,0.0000,1.0000,False,False,False
30826,1.0000,0.0000,False,False,False
30827,0.0000,1.0000,False,False,False
30828,0.0000,1.0000,False,False,False
30829,1.0000,0.0000,False,False,False
30830,0.0000,1.0000,False,False,False
30831,1.0000,0.0000,False,False,False
30832,0.0000,1.0000,False,False,False
30833,1.0000,0.0000,False,False,False
30834,1.0000,0.0000,False,False,False
30835,1.0000,0.0000,False,False,False
30836,1.0000,0.0000,False,False,False
30837,1.0000,0.0000,False,False,False
30838,0.0000,1.0000,False,False,False
30839,1.0000,0.0000,False,False,False
30840,1.0000,0.0000,False,False,False
30841,1.0000,0.0000,False,False,False
30842,0.0000,1.0000,False,False,False
30843,0.0000,1.0000,False,False,False
30844,0.0000,1.0000,False,False,False
30845,0.0000,1.0000,False,False,False
30846,1.0000,0.0000,False,False,False
30847,1.0000,0.0000,False,False,False
30848,0.0000,1.0000,False,False,False
30849,1.0000,0.0000,False,False,False
30850,1.0000,0.0000,False,False,False
30851,0.0000,1.0000,False,False,False
30852,1.0000,0.0000,False,False,False
30853,0.0000,1.0000,False,False,False
30854,1.0000,0.0000,False,False,False
30855,0.0000,1.0000,False,False,False
30856,1.0000,0.0000,False,False,False
30857,1.0000,0.0000,False,False,False
30858,1.0000,0.0000,False,False,False
30859,1.0000,0.0000,False,False,False
30860,0.0000,1.0000,False,False,False
30861,1.0000,0.0000,False,False,False
30862,1.0000,0.0000,False,False,False
30863,1.0000,0.0000,False,False,False
30864,1.0000,0.0000,False,False,False
30865,1.0000,0.0000,False,False,False
30866,1.0000,0.0000,False,False,False
30867,1.0000,0.0000,False,False,False
30868,0.0000,1.0000,False,False,False
30869,0.0000,1.0000,False,False,False
30870,1.0000,0.0000,False,False,False
30871,1.0000,0.0000,False,False,False
30872,0.0000,1.0000,False,False,False
30873,1.0000,0.0000,False,False,False
30874,1.0000,0.0000,False,False,False
30875,1.0000,0.0000,False,False,False
30876,1.0000,0.0000,False,False,False
30877,0.0000,1.0000,False,False,False
30878,0.0000,1.0000,False,False,False
30879,1.0000,0.0000,False,False,False
30880,1.0000,0.0000,False,False,False
30881,1.0000,0.0000,False,False,False
30882,1.0000,0.0000,False,False,False
30883,0.0000,1.0000,False,False,False
30884,1.0000,0.0000,False,False,False
30885,1.0000,0.0000,False,False,False
30886,1.0000,0.0000,False,False,False
30887,1.0000,0.0000,False,False,False
30888,0.0000,1.0000,False,False,False
30889,1.0000,0.0000,False,False,False
30890,1.0000,0.0000,False,False,False
30891,1.0000,0.0000,False,False,False
30892,0.0000,1.0000,False,False,False
30893,1.0000,0.0000,False,False,False
30894,1.0000,0.0000,False,False,False
30895,1.0000,0.0000,False,False,False
30896,0.0000,1.0000,False,False,False
30897,1.0000,0.0000,False,False,False
30898,1.0000,0.0000,False,False,False
30899,1.0000,0.0000,False,False,False
30900,1.0000,0.0000,False,False,False
30901,1.0000,0.0000,False,False,False
30902,1.0000,0.0000,False,False,False
30903,1.0000,0.0000,False,False,False
30904,1.0000,0.0000,False,False,False
30905,1.0000,0.0000,False,False,False
30906,1.0000,0.0000,False,False,False
30907,1.0000,0.0000,False,False,False
30908,1.0000,0.0000,False,False,False
30909,0.0000,1.0000,False,False,False
30910,1.0000,0.0000,False,False,False
30911,1.0000,0.0000,False,False,False
30912,1.0000,0.0000,False,False,False
30913,1.0000,0.0000,False,False,False
30914,0.0000,1.0000,False,False,False
30915,1.0000,0.0000,False,False,False
30916,0.0000,1.0000,False,False,False
30917,0.0000,1.0000,False,False,False
30918,0.0000,1.0000,False,False,False
30919,1.0000,0.0000,False,False,False
30920,1.0000,0.0000,False,False,False
30921,1.0000,0.0000,False,False,False
30922,0.0000,1.0000,False,False,False
30923,1.0000,0.0000,False,False,False
30924,1.0000,0.0000,False,False,False
30925,1.0000,0.0000,False,False,False
30926,1.0000,0.0000,False,False,False
30927,1.0000,0.0000,False,False,False
30928,1.0000,0.0000,False,False,False
30929,1.0000,0.0000,False,False,False
30930,1.0000,0.0000,False,False,False
30931,0.0000,1.0000,False,False,False
30932,0.0000,1.0000,False,False,False
30933,0.0000,1.0000,False,False,False
30934,1.0000,0.0000,False,False,False
30935,1.0000,0.0000,False,False,False
30936,1.0000,0.0000,False,False,False
30937,1.0000,0.0000,False,False,False
30938,1.0000,0.0000,False,False,False
30939,1.0000,0.0000,False,False,False
30940,0.0000,1.0000,False,False,False
30941,1.0000,0.0000,False,False,False
30942,1.0000,0.0000,False,False,False
30943,0.0000,1.0000,False,False,False
30944,1.0000,0.0000,False,False,False
30945,0.0000,1.0000,False,False,False
30946,1.0000,0.0000,False,False,False
30947,1.0000,0.0000,False,False,False
30948,0.0000,1.0000,False,False,False
30949,1.0000,0.0000,False,False,False
30950,1.0000,0.0000,False,False,False
30951,1.0000,0.0000,False,False,False
30952,1.0000,0.0000,False,False,False
30953,0.0000,1.0000,False,False,False
30954,1.0000,0.0000,False,False,False
30955,1.0000,0.0000,False,False,False
30956,1.0000,0.0000,False,False,False
30957,1.0000,0.0000,False,False,False
30958,1.0000,0.0000,False,False,False
30959,1.0000,0.0000,False,False,False
30960,1.0000,0.0000,False,False,False
30961,1.0000,0.0000,False,False,False
30962,1.0000,0.0000,False,False,False
30963,1.0000,0.0000,False,False,False
30964,1.0000,0.0000,False,False,False
30965,1.0000,0.0000,False,False,False
30966,0.0000,1.0000,False,False,False
30967,1.0000,0.0000,False,False,False
30968,1.0000,0.0000,False,False,False
30969,1.0000,0.0000,False,False,False
30970,0.0000,1.0000,False,False,False
30971,1.0000,0.0000,False,False,False
30972,1.0000,0.0000,False,False,False
30973,1.0000,0.0000,False,False,False
30974,0.0000,1.0000,False,False,False
30975,0.0000,1.0000,False,False,False
30976,1.0000,0.0000,False,False,False
30977,1.0000,0.0000,False,False,False
30978,0.0000,1.0000,False,False,False
30979,1.0000,0.0000,False,False,False
30980,1.0000,0.0000,False,False,False
30981,1.0000,0.0000,False,False,False
30982,1.0000,0.0000,False,False,False
30983,1.0000,0.0000,False,False,False
30984,1.0000,0.0000,False,False,False
30985,1.0000,0.0000,False,False,False
30986,1.0000,0.0000,False,False,False
30987,1.0000,0.0000,False,False,False
30988,0.0000,1.0000,False,False,False
30989,0.0000,1.0000,False,False,False
30990,1.0000,0.0000,False,False,False
30991,1.0000,0.0000,False,False,False
30992,1.0000,0.0000,False,False,False
30993,1.0000,0.0000,False,False,False
30994,1.0000,0.0000,False,False,False
30995,1.0000,0.0000,False,False,False
30996,0.0000,1.0000,False,False,False
30997,1.0000,0.0000,False,False,False
30998,1.0000,0.0000,False,False,False
30999,0.0000,1.0000,False,False,False
31000,1.0000,0.0000,False,False,False
31001,1.0000,0.0000,False,False,False
31002,1.0000,0.0000,False,False,False
31003,1.0000,0.0000,False,False,False
31004,0.0000,1.0000,False,False,False
31005,1.0000,0.0000,False,False,False
31006,1.0000,0.0000,False,False,False
31007,0.0000,1.0000,False,False,False
31008,0.0000,1.0000,False,False,False
31009,0.0000,1.0000,False,False,False
31010,1.0000,0.0000,False,False,False
31011,0.0000,1.0000,False,False,False
31012,1.0000,0.0000,False,False,False
31013,1.0000,0.0000,False,False,False
31014,1.0000,0.0000,False,False,False
31015,1.0000,0.0000,False,False,False
31016,1.0000,0.0000,False,False,False
31017,1.0000,0.0000,False,False,False
31018,1.0000,0.0000,False,False,False
31019,1.0000,0.0000,False,False,False
31020,1.0000,0.0000,False,False,False
31021,0.0000,1.0000,False,False,False
31022,0.0000,1.0000,False,False,False
31023,0.0000,1.0000,False,False,False
31024,1.0000,0.0000,False,False,False
31025,0.0000,1.0000,False,False,False
31026,0.0000,1.0000,False,False,False
31027,1.0000,0.0000,False,False,False
31028,1.0000,0.0000,False,False,False
31029,0.0000,1.0000,False,False,False
31030,0.0000,1.0000,False,False,False
31031,1.0000,0.0000,False,False,False
31032,1.0000,0.0000,False,False,False
31033,1.0000,0.0000,False,False,False
31034,0.0000,1.0000,False,False,False
31035,1.0000,0.0000,False,False,False
31036,1.0000,0.0000,False,False,False
31037,0.0000,1.0000,False,False,False
31038,1.0000,0.0000,False,False,False
31039,1.0000,0.0000,False,False,False
31040,1.0000,0.0000,False,False,False
31041,0.0000,1.0000,False,False,False
31042,1.0000,0.0000,False,False,False
31043,0.0000,1.0000,False,False,False
31044,1.0000,0.0000,False,False,False
31045,1.0000,0.0000,False,False,False
31046,1.0000,0.0000,False,False,False
31047,1.0000,0.0000,False,False,False
31048,1.0000,0.0000,False,False,False
31049,0.0000,1.0000,False,False,False
31050,0.0000,1.0000,False,False,False
31051,1.0000,0.0000,False,False,False
31052,1.0000,0.0000,False,False,False
31053,1.0000,0.0000,False,False,False
31054,1.0000,0.0000,False,False,False
31055,0.0000,1.0000,False,False,False
31056,1.0000,0.0000,False,False,False
31057,0.0000,1.0000,False,False,False
31058,1.0000,0.0000,False,False,False
31059,1.0000,0.0000,False,False,False
31060,1.0000,0.0000,False,False,False
31061,0.0000,1.0000,False,False,False
31062,1.0000,0.0000,False,False,False
31063,1.0000,0.0000,False,False,False
31064,1.0000,0.0000,False,False,False
31065,0.0000,1.0000,False,False,False
31066,1.0000,0.0000,False,False,False
31067,1.0000,0.0000,False,False,False
31068,1.0000,0.0000,False,False,False
31069,0.0000,1.0000,False,False,False
31070,1.0000,0.0000,False,False,False
31071,1.0000,0.0000,False,False,False
31072,1.0000,0.0000,False,False,False
31073,1.0000,0.0000,False,False,False
31074,1.0000,0.0000,False,False,False
31075,1.0000,0.0000,False,False,False
31076,1.0000,0.0000,False,False,False
31077,1.0000,0.0000,False,False,False
31078,0.0000,1.0000,False,False,False
31079,1.0000,0.0000,False,False,False
31080,1.0000,0.0000,False,False,False
31081,1.0000,0.0000,False,False,False
31082,1.0000,0.0000,False,False,False
31083,1.0000,0.0000,False,False,False
31084,1.0000,0.0000,False,False,False
31085,1.0000,0.0000,False,False,False
31086,1.0000,0.0000,False,False,False
31087,1.0000,0.0000,False,False,False
31088,1.0000,0.0000,False,False,False
31089,1.0000,0.0000,False,False,False
31090,1.0000,0.0000,False,False,False
31091,0.0000,1.0000,False,False,False
31092,1.0000,0.0000,False,False,False
31093,1.0000,0.0000,False,False,False
31094,0.0000,1.0000,False,False,False
31095,1.0000,0.0000,False,False,False
31096,1.0000,0.0000,False,False,False
31097,1.0000,0.0000,False,False,False
31098,1.0000,0.0000,False,False,False
31099,1.0000,0.0000,False,False,False
31100,1.0000,0.0000,False,False,False
31101,0.0000,1.0000,False,False,False
31102,1.0000,0.0000,False,False,False
31103,1.0000,0.0000,False,False,False
31104,1.0000,0.0000,False,False,False
31105,1.0000,0.0000,False,False,False
31106,1.0000,0.0000,False,False,False
31107,0.0000,1.0000,False,False,False
31108,1.0000,0.0000,False,False,False
31109,1.0000,0.0000,False,False,False
31110,0.0000,1.0000,False,False,False
31111,1.0000,0.0000,False,False,False
31112,1.0000,0.0000,False,False,False
31113,1.0000,0.0000,False,False,False
31114,0.0000,1.0000,False,False,False
31115,1.0000,0.0000,False,False,False
31116,1.0000,0.0000,False,False,False
31117,1.0000,0.0000,False,False,False
31118,1.0000,0.0000,False,False,False
31119,1.0000,0.0000,False,False,False
31120,1.0000,0.0000,False,False,False
31121,1.0000,0.0000,False,False,False
31122,1.0000,0.0000,False,False,False
31123,1.0000,0.0000,False,False,False
31124,1.0000,0.0000,False,False,False
31125,1.0000,0.0000,False,False,False
31126,1.0000,0.0000,False,False,False
31127,1.0000,0.0000,False,False,False
31128,1.0000,0.0000,False,False,False
31129,1.0000,0.0000,False,False,False
31130,1.0000,0.0000,False,False,False
31131,1.0000,0.0000,False,False,False
31132,1.0000,0.0000,False,False,False
31133,0.0000,1.0000,False,False,False
31134,1.0000,0.0000,False,False,False
31135,1.0000,0.0000,False,False,False
31136,1.0000,0.0000,False,False,False
31137,1.0000,0.0000,False,False,False
31138,1.0000,0.0000,False,False,False
31139,1.0000,0.0000,False,False,False
31140,1.0000,0.0000,False,False,False
31141,1.0000,0.0000,False,False,False
31142,1.0000,0.0000,False,False,False
31143,1.0000,0.0000,False,False,False
31144,1.0000,0.0000,False,False,False
31145,0.0000,1.0000,False,False,False
31146,1.0000,0.0000,False,False,False
31147,0.0000,1.0000,False,False,False
31148,0.0000,1.0000,False,False,False
31149,1.0000,0.0000,False,False,False
31150,0.0000,1.0000,False,False,False
31151,1.0000,0.0000,False,False,False
31152,1.0000,0.0000,False,False,False
31153,1.0000,0.0000,False,False,False
31154,0.0000,1.0000,False,False,False
31155,1.0000,0.0000,False,False,False
31156,1.0000,0.0000,False,False,False
31157,1.0000,0.0000,False,False,False
31158,1.0000,0.0000,False,False,False
31159,1.0000,0.0000,False,False,False
31160,1.0000,0.0000,False,False,False
31161,1.0000,0.0000,False,False,False
31162,1.0000,0.0000,False,False,False
31163,1.0000,0.0000,False,False,False
31164,0.0000,1.0000,False,False,False
31165,1.0000,0.0000,False,False,False
31166,1.0000,0.0000,False,False,False
31167,1.0000,0.0000,False,False,False
31168,1.0000,0.0000,False,False,False
31169,1.0000,0.0000,False,False,False
31170,1.0000,0.0000,False,False,False
31171,1.0000,0.0000,False,False,False
31172,1.0000,0.0000,False,False,False
31173,1.0000,0.0000,False,False,False
31174,1.0000,0.0000,False,False,False
31175,0.0000,1.0000,False,False,False
31176,1.0000,0.0000,False,False,False
31177,1.0000,0.0000,False,False,False
31178,1.0000,0.0000,False,False,False
31179,0.0000,1.0000,False,False,False
31180,1.0000,0.0000,False,False,False
31181,1.0000,0.0000,False,False,False
31182,1.0000,0.0000,False,False,False
31183,0.0000,1.0000,False,False,False
31184,1.0000,0.0000,False,False,False
31185,1.0000,0.0000,False,False,False
31186,0.0000,1.0000,False,False,False
31187,1.0000,0.0000,False,False,False
31188,1.0000,0.0000,False,False,False
31189,0.0000,1.0000,False,False,False
31190,1.0000,0.0000,False,False,False
31191,1.0000,0.0000,False,False,False
31192,0.0000,1.0000,False,False,False
31193,1.0000,0.0000,False,False,False
31194,0.0000,1.0000,False,False,False
31195,1.0000,0.0000,False,False,False
31196,1.0000,0.0000,False,False,False
31197,1.0000,0.0000,False,False,False
31198,1.0000,0.0000,False,False,False
31199,1.0000,0.0000,False,False,False
31200,1.0000,0.0000,False,False,False
31201,1.0000,0.0000,False,False,False
31202,0.0000,1.0000,False,False,False
31203,1.0000,0.0000,False,False,False
31204,0.0000,1.0000,False,False,False
31205,1.0000,0.0000,False,False,False
31206,1.0000,0.0000,False,False,False
31207,0.0000,1.0000,False,False,False
31208,1.0000,0.0000,False,False,False
31209,1.0000,0.0000,False,False,False
31210,0.0000,1.0000,False,False,False
31211,1.0000,0.0000,False,False,False
31212,1.0000,0.0000,False,False,False
31213,1.0000,0.0000,False,False,False
31214,0.0000,1.0000,False,False,False
31215,1.0000,0.0000,False,False,False
31216,0.0000,1.0000,False,False,False
31217,1.0000,0.0000,False,False,False
31218,1.0000,0.0000,False,False,False
31219,1.0000,0.0000,False,False,False
31220,1.0000,0.0000,False,False,False
31221,1.0000,0.0000,False,False,False
31222,1.0000,0.0000,False,False,False
31223,0.0000,1.0000,False,False,False
31224,1.0000,0.0000,False,False,False
31225,1.0000,0.0000,False,False,False
31226,1.0000,0.0000,False,False,False
31227,1.0000,0.0000,False,False,False
31228,1.0000,0.0000,False,False,False
31229,0.0000,1.0000,False,False,False
31230,1.0000,0.0000,False,False,False
31231,0.0000,1.0000,False,False,False
31232,1.0000,0.0000,False,False,False
31233,1.0000,0.0000,False,False,False
31234,1.0000,0.0000,False,False,False
31235,0.0000,1.0000,False,False,False
31236,1.0000,0.0000,False,False,False
31237,1.0000,0.0000,False,False,False
31238,1.0000,0.0000,False,False,False
31239,1.0000,0.0000,False,False,False
31240,1.0000,0.0000,False,False,False
31241,1.0000,0.0000,False,False,False
31242,1.0000,0.0000,False,False,False
31243,1.0000,0.0000,False,False,False
31244,1.0000,0.0000,False,False,False
31245,1.0000,0.0000,False,False,False
31246,1.0000,0.0000,False,False,False
31247,1.0000,0.0000,False,False,False
31248,1.0000,0.0000,False,False,False
31249,0.0000,1.0000,False,False,False
31250,1.0000,0.0000,False,False,False
31251,1.0000,0.0000,False,False,False
31252,1.0000,0.0000,False,False,False
31253,1.0000,0.0000,False,False,False
31254,1.0000,0.0000,False,False,False
31255,1.0000,0.0000,False,False,False
31256,1.0000,0.0000,False,False,False
31257,1.0000,0.0000,False,False,False
31258,1.0000,0.0000,False,False,False
31259,1.0000,0.0000,False,False,False
31260,1.0000,0.0000,False,False,False
31261,0.0000,1.0000,False,False,False
31262,1.0000,0.0000,False,False,False
31263,1.0000,0.0000,False,False,False
31264,0.0000,1.0000,False,False,False
31265,0.0000,1.0000,False,False,False
31266,1.0000,0.0000,False,False,False
31267,1.0000,0.0000,False,False,False
31268,1.0000,0.0000,False,False,False
31269,0.0000,1.0000,False,False,False
31270,1.0000,0.0000,False,False,False
31271,1.0000,0.0000,False,False,False
31272,1.0000,0.0000,False,False,False
31273,1.0000,0.0000,False,False,False
31274,0.0000,1.0000,False,False,False
31275,1.0000,0.0000,False,False,False
31276,0.0000,1.0000,False,False,False
31277,1.0000,0.0000,False,False,False
31278,1.0000,0.0000,False,False,False
31279,1.0000,0.0000,False,False,False
31280,1.0000,0.0000,False,False,False
31281,1.0000,0.0000,False,False,False
31282,0.0000,1.0000,False,False,False
31283,1.0000,0.0000,False,False,False
31284,0.0000,1.0000,False,False,False
31285,1.0000,0.0000,False,False,False
31286,1.0000,0.0000,False,False,False
31287,1.0000,0.0000,False,False,False
31288,1.0000,0.0000,False,False,False
31289,1.0000,0.0000,False,False,False
31290,0.0000,1.0000,False,False,False
31291,1.0000,0.0000,False,False,False
31292,1.0000,0.0000,False,False,False
31293,0.0000,1.0000,False,False,False
31294,1.0000,0.0000,False,False,False
31295,1.0000,0.0000,False,False,False
31296,1.0000,0.0000,False,False,False
31297,1.0000,0.0000,False,False,False
31298,1.0000,0.0000,False,False,False
31299,1.0000,0.0000,False,False,False
31300,1.0000,0.0000,False,False,False
31301,1.0000,0.0000,False,False,False
31302,1.0000,0.0000,False,False,False
31303,1.0000,0.0000,False,False,False
31304,1.0000,0.0000,False,False,False
31305,1.0000,0.0000,False,False,False
31306,1.0000,0.0000,False,False,False
31307,1.0000,0.0000,False,False,False
31308,1.0000,0.0000,False,False,False
31309,1.0000,0.0000,False,False,False
31310,1.0000,0.0000,False,False,False
31311,1.0000,0.0000,False,False,False
31312,1.0000,0.0000,False,False,False
31313,1.0000,0.0000,False,False,False
31314,1.0000,0.0000,False,False,False
31315,1.0000,0.0000,False,False,False
31316,1.0000,0.0000,False,False,False
31317,1.0000,0.0000,False,False,False
31318,1.0000,0.0000,False,False,False
31319,1.0000,0.0000,False,False,False
31320,1.0000,0.0000,False,False,False
31321,1.0000,0.0000,False,False,False
31322,1.0000,0.0000,False,False,False
31323,1.0000,0.0000,False,False,False
31324,1.0000,0.0000,False,False,False
31325,1.0000,0.0000,False,False,False
31326,1.0000,0.0000,False,False,False
31327,1.0000,0.0000,False,False,False
31328,1.0000,0.0000,False,False,False
31329,0.0000,1.0000,False,False,False
31330,1.0000,0.0000,False,False,False
31331,0.0000,1.0000,False,False,False
31332,0.0000,1.0000,False,False,False
31333,0.0000,1.0000,False,False,False
31334,0.0000,1.0000,False,False,False
31335,1.0000,0.0000,False,False,False
31336,1.0000,0.0000,False,False,False
31337,1.0000,0.0000,False,False,False
31338,0.0000,1.0000,False,False,False
31339,1.0000,0.0000,False,False,False
31340,1.0000,0.0000,False,False,False
31341,1.0000,0.0000,False,False,False
31342,0.0000,1.0000,False,False,False
31343,1.0000,0.0000,False,False,False
31344,1.0000,0.0000,False,False,False
31345,1.0000,0.0000,False,False,False
31346,1.0000,0.0000,False,False,False
31347,1.0000,0.0000,False,False,False
31348,1.0000,0.0000,False,False,False
31349,1.0000,0.0000,False,False,False
31350,1.0000,0.0000,False,False,False
31351,1.0000,0.0000,False,False,False
31352,0.0000,1.0000,False,False,False
31353,1.0000,0.0000,False,False,False
31354,1.0000,0.0000,False,False,False
31355,1.0000,0.0000,False,False,False
31356,1.0000,0.0000,False,False,False
31357,1.0000,0.0000,False,False,False
31358,1.0000,0.0000,False,False,False
31359,1.0000,0.0000,False,False,False
31360,1.0000,0.0000,False,False,False
31361,1.0000,0.0000,False,False,False
31362,1.0000,0.0000,False,False,False
31363,1.0000,0.0000,False,False,False
31364,1.0000,0.0000,False,False,False
31365,1.0000,0.0000,False,False,False
31366,1.0000,0.0000,False,False,False
31367,1.0000,0.0000,False,False,False
31368,1.0000,0.0000,False,False,False
31369,0.0000,1.0000,False,False,False
31370,1.0000,0.0000,False,False,False
31371,1.0000,0.0000,False,False,False
31372,1.0000,0.0000,False,False,False
31373,1.0000,0.0000,False,False,False
31374,1.0000,0.0000,False,False,False
31375,0.0000,1.0000,False,False,False
31376,1.0000,0.0000,False,False,False
31377,1.0000,0.0000,False,False,False
31378,0.0000,1.0000,False,False,False
31379,0.0000,1.0000,False,False,False
31380,1.0000,0.0000,False,False,False
31381,1.0000,0.0000,False,False,False
31382,1.0000,0.0000,False,False,False
31383,0.0000,1.0000,False,False,False
31384,1.0000,0.0000,False,False,False
31385,1.0000,0.0000,False,False,False
31386,1.0000,0.0000,False,False,False
31387,1.0000,0.0000,False,False,False
31388,1.0000,0.0000,False,False,False
31389,1.0000,0.0000,False,False,False
31390,1.0000,0.0000,False,False,False
31391,1.0000,0.0000,False,False,False
31392,1.0000,0.0000,False,False,False
31393,1.0000,0.0000,False,False,False
31394,0.0000,1.0000,False,False,False
31395,1.0000,0.0000,False,False,False
31396,1.0000,0.0000,False,False,False
31397,0.0000,1.0000,False,False,False
31398,0.0000,1.0000,False,False,False
31399,1.0000,0.0000,False,False,False
31400,0.0000,1.0000,False,False,False
31401,1.0000,0.0000,False,False,False
31402,1.0000,0.0000,False,False,False
31403,1.0000,0.0000,False,False,False
31404,1.0000,0.0000,False,False,False
31405,1.0000,0.0000,False,False,False
31406,1.0000,0.0000,False,False,False
31407,1.0000,0.0000,False,False,False
31408,1.0000,0.0000,False,False,False
31409,1.0000,0.0000,False,False,False
31410,0.0000,1.0000,False,False,False
31411,0.0000,1.0000,False,False,False
31412,1.0000,0.0000,False,False,False
31413,1.0000,0.0000,False,False,False
31414,1.0000,0.0000,False,False,False
31415,0.0000,1.0000,False,False,False
31416,1.0000,0.0000,False,False,False
31417,1.0000,0.0000,False,False,False
31418,1.0000,0.0000,False,False,False
31419,0.0000,1.0000,False,False,False
31420,1.0000,0.0000,False,False,False
31421,1.0000,0.0000,False,False,False
31422,1.0000,0.0000,False,False,False
31423,1.0000,0.0000,False,False,False
31424,1.0000,0.0000,False,False,False
31425,1.0000,0.0000,False,False,False
31426,0.0000,1.0000,False,False,False
31427,0.0000,1.0000,False,False,False
31428,1.0000,0.0000,False,False,False
31429,1.0000,0.0000,False,False,False
31430,1.0000,0.0000,False,False,False
31431,1.0000,0.0000,False,False,False
31432,1.0000,0.0000,False,False,False
31433,1.0000,0.0000,False,False,False
31434,1.0000,0.0000,False,False,False
31435,1.0000,0.0000,False,False,False
31436,1.0000,0.0000,False,False,False
31437,1.0000,0.0000,False,False,False
31438,1.0000,0.0000,False,False,False
31439,1.0000,0.0000,False,False,False
31440,1.0000,0.0000,False,False,False
31441,1.0000,0.0000,False,False,False
31442,1.0000,0.0000,False,False,False
31443,1.0000,0.0000,False,False,False
31444,1.0000,0.0000,False,False,False
31445,1.0000,0.0000,False,False,False
31446,1.0000,0.0000,False,False,False
31447,1.0000,0.0000,False,False,False
31448,1.0000,0.0000,False,False,False
31449,1.0000,0.0000,False,False,False
31450,1.0000,0.0000,False,False,False
31451,1.0000,0.0000,False,False,False
31452,0.0000,1.0000,False,False,False
31453,1.0000,0.0000,False,False,False
31454,1.0000,0.0000,False,False,False
31455,1.0000,0.0000,False,False,False
31456,1.0000,0.0000,False,False,False
31457,1.0000,0.0000,False,False,False
31458,1.0000,0.0000,False,False,False
31459,1.0000,0.0000,False,False,False
31460,1.0000,0.0000,False,False,False
31461,1.0000,0.0000,False,False,False
31462,1.0000,0.0000,False,False,False
31463,1.0000,0.0000,False,False,False
31464,1.0000,0.0000,False,False,False
31465,1.0000,0.0000,False,False,False
31466,1.0000,0.0000,False,False,False
31467,1.0000,0.0000,False,False,False
31468,0.0000,1.0000,False,False,False
31469,1.0000,0.0000,False,False,False
31470,0.0000,1.0000,False,False,False
31471,1.0000,0.0000,False,False,False
31472,1.0000,0.0000,False,False,False
31473,1.0000,0.0000,False,False,False
31474,1.0000,0.0000,False,False,False
31475,1.0000,0.0000,False,False,False
31476,1.0000,0.0000,False,False,False
31477,1.0000,0.0000,False,False,False
31478,1.0000,0.0000,False,False,False
31479,1.0000,0.0000,False,False,False
31480,1.0000,0.0000,False,False,False
31481,1.0000,0.0000,False,False,False
31482,0.0000,1.0000,False,False,False
31483,0.0000,1.0000,False,False,False
31484,1.0000,0.0000,False,False,False
31485,1.0000,0.0000,False,False,False
31486,0.0000,1.0000,False,False,False
31487,0.0000,1.0000,False,False,False
31488,1.0000,0.0000,False,False,False
31489,1.0000,0.0000,False,False,False
31490,0.0000,1.0000,False,False,False
31491,1.0000,0.0000,False,False,False
31492,1.0000,0.0000,False,False,False
31493,1.0000,0.0000,False,False,False
31494,1.0000,0.0000,False,False,False
31495,1.0000,0.0000,False,False,False
31496,1.0000,0.0000,False,False,False
31497,0.0000,1.0000,False,False,False
31498,1.0000,0.0000,False,False,False
31499,0.0000,1.0000,False,False,False
31500,1.0000,0.0000,False,False,False
31501,0.0000,1.0000,False,False,False
31502,1.0000,0.0000,False,False,False
31503,1.0000,0.0000,False,False,False
31504,1.0000,0.0000,False,False,False
31505,1.0000,0.0000,False,False,False
31506,1.0000,0.0000,False,False,False
31507,1.0000,0.0000,False,False,False
31508,1.0000,0.0000,False,False,False
31509,1.0000,0.0000,False,False,False
31510,0.0000,1.0000,False,False,False
31511,0.0000,1.0000,False,False,False
31512,1.0000,0.0000,False,False,False
31513,1.0000,0.0000,False,False,False
31514,1.0000,0.0000,False,False,False
31515,1.0000,0.0000,False,False,False
31516,1.0000,0.0000,False,False,False
31517,1.0000,0.0000,False,False,False
31518,1.0000,0.0000,False,False,False
31519,1.0000,0.0000,False,False,False
31520,1.0000,0.0000,False,False,False
31521,1.0000,0.0000,False,False,False
31522,1.0000,0.0000,False,False,False
31523,1.0000,0.0000,False,False,False
31524,1.0000,0.0000,False,False,False
31525,1.0000,0.0000,False,False,False
31526,1.0000,0.0000,False,False,False
31527,1.0000,0.0000,False,False,False
31528,0.0000,1.0000,False,False,False
31529,0.0000,1.0000,False,False,False
31530,0.0000,1.0000,False,False,False
31531,1.0000,0.0000,False,False,False
31532,1.0000,0.0000,False,False,False
31533,1.0000,0.0000,False,False,False
31534,0.0000,1.0000,False,False,False
31535,1.0000,0.0000,False,False,False
31536,0.0000,1.0000,False,False,False
31537,1.0000,0.0000,False,False,False
31538,1.0000,0.0000,False,False,False
31539,1.0000,0.0000,False,False,False
31540,1.0000,0.0000,False,False,False
31541,1.0000,0.0000,False,False,False
31542,1.0000,0.0000,False,False,False
31543,1.0000,0.0000,False,False,False
31544,1.0000,0.0000,False,False,False
31545,1.0000,0.0000,False,False,False
31546,0.0000,1.0000,False,False,False
31547,0.0000,1.0000,False,False,False
31548,1.0000,0.0000,False,False,False
31549,1.0000,0.0000,False,False,False
31550,1.0000,0.0000,False,False,False
31551,1.0000,0.0000,False,False,False
31552,1.0000,0.0000,False,False,False
31553,1.0000,0.0000,False,False,False
31554,1.0000,0.0000,False,False,False
31555,1.0000,0.0000,False,False,False
31556,0.0000,1.0000,False,False,False
31557,1.0000,0.0000,False,False,False
31558,0.0000,1.0000,False,False,False
31559,0.0000,1.0000,False,False,False
31560,1.0000,0.0000,False,False,False
31561,1.0000,0.0000,False,False,False
31562,1.0000,0.0000,False,False,False
31563,1.0000,0.0000,False,False,False
31564,1.0000,0.0000,False,False,False
31565,1.0000,0.0000,False,False,False
31566,1.0000,0.0000,False,False,False
31567,1.0000,0.0000,False,False,False
31568,1.0000,0.0000,False,False,False
31569,0.0000,1.0000,False,False,False
31570,0.0000,1.0000,False,False,False
31571,1.0000,0.0000,False,False,False
31572,1.0000,0.0000,False,False,False
31573,1.0000,0.0000,False,False,False
31574,1.0000,0.0000,False,False,False
31575,0.0000,1.0000,False,False,False
31576,0.0000,1.0000,False,False,False
31577,1.0000,0.0000,False,False,False
31578,0.0000,1.0000,False,False,False
31579,1.0000,0.0000,False,False,False
31580,0.0000,1.0000,False,False,False
31581,1.0000,0.0000,False,False,False
31582,1.0000,0.0000,False,False,False
31583,1.0000,0.0000,False,False,False
31584,1.0000,0.0000,False,False,False
31585,1.0000,0.0000,False,False,False
31586,1.0000,0.0000,False,False,False
31587,0.0000,1.0000,False,False,False
31588,1.0000,0.0000,False,False,False
31589,1.0000,0.0000,False,False,False
31590,1.0000,0.0000,False,False,False
31591,0.0000,1.0000,False,False,False
31592,1.0000,0.0000,False,False,False
31593,1.0000,0.0000,False,False,False
31594,1.0000,0.0000,False,False,False
31595,1.0000,0.0000,False,False,False
31596,1.0000,0.0000,False,False,False
31597,1.0000,0.0000,False,False,False
31598,0.0000,1.0000,False,False,False
31599,1.0000,0.0000,False,False,False
31600,1.0000,0.0000,False,False,False
31601,1.0000,0.0000,False,False,False
31602,0.0000,1.0000,False,False,False
31603,1.0000,0.0000,False,False,False
31604,1.0000,0.0000,False,False,False
31605,1.0000,0.0000,False,False,False
31606,1.0000,0.0000,False,False,False
31607,1.0000,0.0000,False,False,False
31608,1.0000,0.0000,False,False,False
31609,1.0000,0.0000,False,False,False
31610,1.0000,0.0000,False,False,False
31611,1.0000,0.0000,False,False,False
31612,1.0000,0.0000,False,False,False
31613,1.0000,0.0000,False,False,False
31614,1.0000,0.0000,False,False,False
31615,1.0000,0.0000,False,False,False
31616,0.0000,1.0000,False,False,False
31617,1.0000,0.0000,False,False,False
31618,0.0000,1.0000,False,False,False
31619,0.0000,1.0000,False,False,False
31620,1.0000,0.0000,False,False,False
31621,1.0000,0.0000,False,False,False
31622,1.0000,0.0000,False,False,False
31623,1.0000,0.0000,False,False,False
31624,1.0000,0.0000,False,False,False
31625,1.0000,0.0000,False,False,False
31626,1.0000,0.0000,False,False,False
31627,0.0000,1.0000,False,False,False
31628,1.0000,0.0000,False,False,False
31629,0.0000,1.0000,False,False,False
31630,0.0000,1.0000,False,False,False
31631,0.0000,1.0000,False,False,False
31632,1.0000,0.0000,False,False,False
31633,0.0000,1.0000,False,False,False
31634,1.0000,0.0000,False,False,False
31635,1.0000,0.0000,False,False,False
31636,1.0000,0.0000,False,False,False
31637,1.0000,0.0000,False,False,False
31638,1.0000,0.0000,False,False,False
31639,1.0000,0.0000,False,False,False
31640,1.0000,0.0000,False,False,False
31641,1.0000,0.0000,False,False,False
31642,0.0000,1.0000,False,False,False
31643,1.0000,0.0000,False,False,False
31644,1.0000,0.0000,False,False,False
31645,1.0000,0.0000,False,False,False
31646,1.0000,0.0000,False,False,False
31647,1.0000,0.0000,False,False,False
31648,0.0000,1.0000,False,False,False
31649,1.0000,0.0000,False,False,False
31650,0.0000,1.0000,False,False,False
31651,1.0000,0.0000,False,False,False
31652,1.0000,0.0000,False,False,False
31653,1.0000,0.0000,False,False,False
31654,1.0000,0.0000,False,False,False
31655,0.0000,1.0000,False,False,False
31656,0.0000,1.0000,False,False,False
31657,1.0000,0.0000,False,False,False
31658,1.0000,0.0000,False,False,False
31659,1.0000,0.0000,False,False,False
31660,1.0000,0.0000,False,False,False
31661,1.0000,0.0000,False,False,False
31662,1.0000,0.0000,False,False,False
31663,1.0000,0.0000,False,False,False
31664,1.0000,0.0000,False,False,False
31665,1.0000,0.0000,False,False,False
31666,1.0000,0.0000,False,False,False
31667,0.0000,1.0000,False,False,False
31668,0.0000,1.0000,False,False,False
31669,1.0000,0.0000,False,False,False
31670,1.0000,0.0000,False,False,False
31671,1.0000,0.0000,False,False,False
31672,1.0000,0.0000,False,False,False
31673,0.0000,1.0000,False,False,False
31674,1.0000,0.0000,False,False,False
31675,0.0000,1.0000,False,False,False
31676,1.0000,0.0000,False,False,False
31677,0.0000,1.0000,False,False,False
31678,0.0000,1.0000,False,False,False
31679,0.0000,1.0000,False,False,False
31680,0.0000,1.0000,False,False,False
31681,0.0000,1.0000,False,False,False
31682,0.0000,1.0000,False,False,False
31683,1.0000,0.0000,False,False,False
31684,1.0000,0.0000,False,False,False
31685,1.0000,0.0000,False,False,False
31686,1.0000,0.0000,False,False,False
31687,1.0000,0.0000,False,False,False
31688,1.0000,0.0000,False,False,False
31689,1.0000,0.0000,False,False,False
31690,1.0000,0.0000,False,False,False
31691,0.0000,1.0000,False,False,False
31692,1.0000,0.0000,False,False,False
31693,1.0000,0.0000,False,False,False
31694,0.0000,1.0000,False,False,False
31695,1.0000,0.0000,False,False,False
31696,1.0000,0.0000,False,False,False
31697,1.0000,0.0000,False,False,False
31698,1.0000,0.0000,False,False,False
31699,1.0000,0.0000,False,False,False
31700,1.0000,0.0000,False,False,False
31701,1.0000,0.0000,False,False,False
31702,1.0000,0.0000,False,False,False
31703,1.0000,0.0000,False,False,False
31704,1.0000,0.0000,False,False,False
31705,1.0000,0.0000,False,False,False
31706,1.0000,0.0000,False,False,False
31707,1.0000,0.0000,False,False,False
31708,1.0000,0.0000,False,False,False
31709,0.0000,1.0000,False,False,False
31710,0.0000,1.0000,False,False,False
31711,1.0000,0.0000,False,False,False
31712,0.0000,1.0000,False,False,False
31713,1.0000,0.0000,False,False,False
31714,1.0000,0.0000,False,False,False
31715,1.0000,0.0000,False,False,False
31716,1.0000,0.0000,False,False,False
31717,0.0000,1.0000,False,False,False
31718,0.0000,1.0000,False,False,False
31719,1.0000,0.0000,False,False,False
31720,1.0000,0.0000,False,False,False
31721,1.0000,0.0000,False,False,False
31722,0.0000,1.0000,False,False,False
31723,1.0000,0.0000,False,False,False
31724,1.0000,0.0000,False,False,False
31725,1.0000,0.0000,False,False,False
31726,1.0000,0.0000,False,False,False
31727,0.0000,1.0000,False,False,False
31728,1.0000,0.0000,False,False,False
31729,0.0000,1.0000,False,False,False
31730,1.0000,0.0000,False,False,False
31731,1.0000,0.0000,False,False,False
31732,0.0000,1.0000,False,False,False
31733,1.0000,0.0000,False,False,False
31734,0.0000,1.0000,False,False,False
31735,1.0000,0.0000,False,False,False
31736,0.0000,1.0000,False,False,False
31737,0.0000,1.0000,False,False,False
31738,1.0000,0.0000,False,False,False
31739,1.0000,0.0000,False,False,False
31740,1.0000,0.0000,False,False,False
31741,1.0000,0.0000,False,False,False
31742,1.0000,0.0000,False,False,False
31743,1.0000,0.0000,False,False,False
31744,1.0000,0.0000,False,False,False
31745,0.0000,1.0000,False,False,False
31746,0.0000,1.0000,False,False,False
31747,1.0000,0.0000,False,False,False
31748,1.0000,0.0000,False,False,False
31749,1.0000,0.0000,False,False,False
31750,1.0000,0.0000,False,False,False
31751,1.0000,0.0000,False,False,False
31752,0.0000,1.0000,False,False,False
31753,1.0000,0.0000,False,False,False
31754,1.0000,0.0000,False,False,False
31755,1.0000,0.0000,False,False,False
31756,1.0000,0.0000,False,False,False
31757,1.0000,0.0000,False,False,False
31758,1.0000,0.0000,False,False,False
31759,1.0000,0.0000,False,False,False
31760,1.0000,0.0000,False,False,False
31761,1.0000,0.0000,False,False,False
31762,1.0000,0.0000,False,False,False
31763,1.0000,0.0000,False,False,False
31764,1.0000,0.0000,False,False,False
31765,1.0000,0.0000,False,False,False
31766,1.0000,0.0000,False,False,False
31767,1.0000,0.0000,False,False,False
31768,1.0000,0.0000,False,False,False
31769,1.0000,0.0000,False,False,False
31770,0.0000,1.0000,False,False,False
31771,0.0000,1.0000,False,False,False
31772,1.0000,0.0000,False,False,False
31773,0.0000,1.0000,False,False,False
31774,1.0000,0.0000,False,False,False
31775,0.0000,1.0000,False,False,False
31776,1.0000,0.0000,False,False,False
31777,0.0000,1.0000,False,False,False
31778,1.0000,0.0000,False,False,False
31779,1.0000,0.0000,False,False,False
31780,0.0000,1.0000,False,False,False
31781,0.0000,1.0000,False,False,False
31782,0.0000,1.0000,False,False,False
31783,1.0000,0.0000,False,False,False
31784,1.0000,0.0000,False,False,False
31785,1.0000,0.0000,False,False,False
31786,0.0000,1.0000,False,False,False
31787,1.0000,0.0000,False,False,False
31788,0.0000,1.0000,False,False,False
31789,1.0000,0.0000,False,False,False
31790,1.0000,0.0000,False,False,False
31791,1.0000,0.0000,False,False,False
31792,0.0000,1.0000,False,False,False
31793,0.0000,1.0000,False,False,False
31794,1.0000,0.0000,False,False,False
31795,0.0000,1.0000,False,False,False
31796,1.0000,0.0000,False,False,False
31797,1.0000,0.0000,False,False,False
31798,1.0000,0.0000,False,False,False
31799,0.0000,1.0000,False,False,False
31800,0.0000,1.0000,False,False,False
31801,1.0000,0.0000,False,False,False
31802,0.0000,1.0000,False,False,False
31803,1.0000,0.0000,False,False,False
31804,1.0000,0.0000,False,False,False
31805,1.0000,0.0000,False,False,False
31806,1.0000,0.0000,False,False,False
31807,0.0000,1.0000,False,False,False
31808,1.0000,0.0000,False,False,False
31809,1.0000,0.0000,False,False,False
31810,1.0000,0.0000,False,False,False
31811,1.0000,0.0000,False,False,False
31812,1.0000,0.0000,False,False,False
31813,0.0000,1.0000,False,False,False
31814,1.0000,0.0000,False,False,False
31815,1.0000,0.0000,False,False,False
31816,1.0000,0.0000,False,False,False
31817,0.0000,1.0000,False,False,False
31818,0.0000,1.0000,False,False,False
31819,1.0000,0.0000,False,False,False
31820,1.0000,0.0000,False,False,False
31821,1.0000,0.0000,False,False,False
31822,0.0000,1.0000,False,False,False
31823,0.0000,1.0000,False,False,False
31824,1.0000,0.0000,False,False,False
31825,1.0000,0.0000,False,False,False
31826,1.0000,0.0000,False,False,False
31827,0.0000,1.0000,False,False,False
31828,0.0000,1.0000,False,False,False
31829,1.0000,0.0000,False,False,False
31830,1.0000,0.0000,False,False,False
31831,1.0000,0.0000,False,False,False
31832,1.0000,0.0000,False,False,False
31833,1.0000,0.0000,False,False,False
31834,0.0000,1.0000,False,False,False
31835,1.0000,0.0000,False,False,False
31836,1.0000,0.0000,False,False,False
31837,1.0000,0.0000,False,False,False
31838,0.0000,1.0000,False,False,False
31839,1.0000,0.0000,False,False,False
31840,0.0000,1.0000,False,False,False
31841,1.0000,0.0000,False,False,False
31842,0.0000,1.0000,False,False,False
31843,1.0000,0.0000,False,False,False
31844,1.0000,0.0000,False,False,False
31845,1.0000,0.0000,False,False,False
31846,0.0000,1.0000,False,False,False
31847,1.0000,0.0000,False,False,False
31848,1.0000,0.0000,False,False,False
31849,1.0000,0.0000,False,False,False
31850,1.0000,0.0000,False,False,False
31851,1.0000,0.0000,False,False,False
31852,1.0000,0.0000,False,False,False
31853,1.0000,0.0000,False,False,False
31854,1.0000,0.0000,False,False,False
31855,1.0000,0.0000,False,False,False
31856,1.0000,0.0000,False,False,False
31857,1.0000,0.0000,False,False,False
31858,1.0000,0.0000,False,False,False
31859,1.0000,0.0000,False,False,False
31860,1.0000,0.0000,False,False,False
31861,1.0000,0.0000,False,False,False
31862,0.0000,1.0000,False,False,False
31863,1.0000,0.0000,False,False,False
31864,1.0000,0.0000,False,False,False
31865,1.0000,0.0000,False,False,False
31866,1.0000,0.0000,False,False,False
31867,1.0000,0.0000,False,False,False
31868,1.0000,0.0000,False,False,False
31869,1.0000,0.0000,False,False,False
31870,1.0000,0.0000,False,False,False
31871,0.0000,1.0000,False,False,False
31872,0.0000,1.0000,False,False,False
31873,1.0000,0.0000,False,False,False
31874,1.0000,0.0000,False,False,False
31875,0.0000,1.0000,False,False,False
31876,0.0000,1.0000,False,False,False
31877,1.0000,0.0000,False,False,False
31878,1.0000,0.0000,False,False,False
31879,1.0000,0.0000,False,False,False
31880,1.0000,0.0000,False,False,False
31881,1.0000,0.0000,False,False,False
31882,1.0000,0.0000,False,False,False
31883,1.0000,0.0000,False,False,False
31884,1.0000,0.0000,False,False,False
31885,1.0000,0.0000,False,False,False
31886,0.0000,1.0000,False,False,False
31887,1.0000,0.0000,False,False,False
31888,1.0000,0.0000,False,False,False
31889,1.0000,0.0000,False,False,False
31890,0.0000,1.0000,False,False,False
31891,1.0000,0.0000,False,False,False
31892,0.0000,1.0000,False,False,False
31893,1.0000,0.0000,False,False,False
31894,1.0000,0.0000,False,False,False
31895,1.0000,0.0000,False,False,False
31896,1.0000,0.0000,False,False,False
31897,1.0000,0.0000,False,False,False
31898,0.0000,1.0000,False,False,False
31899,0.0000,1.0000,False,False,False
31900,1.0000,0.0000,False,False,False
31901,1.0000,0.0000,False,False,False
31902,1.0000,0.0000,False,False,False
31903,1.0000,0.0000,False,False,False
31904,1.0000,0.0000,False,False,False
31905,1.0000,0.0000,False,False,False
31906,1.0000,0.0000,False,False,False
31907,1.0000,0.0000,False,False,False
31908,1.0000,0.0000,False,False,False
31909,1.0000,0.0000,False,False,False
31910,1.0000,0.0000,False,False,False
31911,0.0000,1.0000,False,False,False
31912,1.0000,0.0000,False,False,False
31913,1.0000,0.0000,False,False,False
31914,0.0000,1.0000,False,False,False
31915,1.0000,0.0000,False,False,False
31916,1.0000,0.0000,False,False,False
31917,1.0000,0.0000,False,False,False
31918,1.0000,0.0000,False,False,False
31919,1.0000,0.0000,False,False,False
31920,1.0000,0.0000,False,False,False
31921,1.0000,0.0000,False,False,False
31922,0.0000,1.0000,False,False,False
31923,1.0000,0.0000,False,False,False
31924,1.0000,0.0000,False,False,False
31925,1.0000,0.0000,False,False,False
31926,0.0000,1.0000,False,False,False
31927,1.0000,0.0000,False,False,False
31928,0.0000,1.0000,False,False,False
31929,1.0000,0.0000,False,False,False
31930,0.0000,1.0000,False,False,False
31931,1.0000,0.0000,False,False,False
31932,0.0000,1.0000,False,False,False
31933,1.0000,0.0000,False,False,False
31934,1.0000,0.0000,False,False,False
31935,0.0000,1.0000,False,False,False
31936,1.0000,0.0000,False,False,False
31937,0.0000,1.0000,False,False,False
31938,1.0000,0.0000,False,False,False
31939,1.0000,0.0000,False,False,False
31940,1.0000,0.0000,False,False,False
31941,1.0000,0.0000,False,False,False
31942,1.0000,0.0000,False,False,False
31943,1.0000,0.0000,False,False,False
31944,1.0000,0.0000,False,False,False
31945,1.0000,0.0000,False,False,False
31946,1.0000,0.0000,False,False,False
31947,0.0000,1.0000,False,False,False
31948,1.0000,0.0000,False,False,False
31949,1.0000,0.0000,False,False,False
31950,1.0000,0.0000,False,False,False
31951,1.0000,0.0000,False,False,False
31952,1.0000,0.0000,False,False,False
31953,1.0000,0.0000,False,False,False
31954,1.0000,0.0000,False,False,False
31955,1.0000,0.0000,False,False,False
31956,1.0000,0.0000,False,False,False
31957,0.0000,1.0000,False,False,False
31958,1.0000,0.0000,False,False,False
31959,0.0000,1.0000,False,False,False
31960,0.0000,1.0000,False,False,False
31961,0.0000,1.0000,False,False,False
31962,1.0000,0.0000,False,False,False
31963,1.0000,0.0000,False,False,False
31964,0.0000,1.0000,False,False,False
31965,1.0000,0.0000,False,False,False
31966,1.0000,0.0000,False,False,False
31967,0.0000,1.0000,False,False,False
31968,1.0000,0.0000,False,False,False
31969,1.0000,0.0000,False,False,False
31970,0.0000,1.0000,False,False,False
31971,1.0000,0.0000,False,False,False
31972,1.0000,0.0000,False,False,False
31973,1.0000,0.0000,False,False,False
31974,1.0000,0.0000,False,False,False
31975,0.0000,1.0000,False,False,False
31976,1.0000,0.0000,False,False,False
31977,1.0000,0.0000,False,False,False
31978,0.0000,1.0000,False,False,False
31979,1.0000,0.0000,False,False,False
31980,1.0000,0.0000,False,False,False
31981,1.0000,0.0000,False,False,False
31982,1.0000,0.0000,False,False,False
31983,1.0000,0.0000,False,False,False
31984,1.0000,0.0000,False,False,False
31985,1.0000,0.0000,False,False,False
31986,0.0000,1.0000,False,False,False
31987,1.0000,0.0000,False,False,False
31988,1.0000,0.0000,False,False,False
31989,1.0000,0.0000,False,False,False
31990,1.0000,0.0000,False,False,False
31991,1.0000,0.0000,False,False,False
31992,0.0000,1.0000,False,False,False
31993,0.0000,1.0000,False,False,False
31994,1.0000,0.0000,False,False,False
31995,1.0000,0.0000,False,False,False
31996,1.0000,0.0000,False,False,False
31997,1.0000,0.0000,False,False,False
31998,1.0000,0.0000,False,False,False
31999,1.0000,0.0000,False,False,False
32000,0.0000,1.0000,False,False,False
32001,1.0000,0.0000,False,False,False
32002,1.0000,0.0000,False,False,False
32003,1.0000,0.0000,False,False,False
32004,1.0000,0.0000,False,False,False
32005,1.0000,0.0000,False,False,False
32006,1.0000,0.0000,False,False,False
32007,1.0000,0.0000,False,False,False
32008,1.0000,0.0000,False,False,False
32009,1.0000,0.0000,False,False,False
32010,1.0000,0.0000,False,False,False
32011,1.0000,0.0000,False,False,False
32012,0.0000,1.0000,False,False,False
32013,1.0000,0.0000,False,False,False
32014,1.0000,0.0000,False,False,False
32015,1.0000,0.0000,False,False,False
32016,1.0000,0.0000,False,False,False
32017,1.0000,0.0000,False,False,False
32018,0.0000,1.0000,False,False,False
32019,1.0000,0.0000,False,False,False
32020,1.0000,0.0000,False,False,False
32021,0.0000,1.0000,False,False,False
32022,1.0000,0.0000,False,False,False
32023,1.0000,0.0000,False,False,False
32024,0.0000,1.0000,False,False,False
32025,0.0000,1.0000,False,False,False
32026,1.0000,0.0000,False,False,False
32027,1.0000,0.0000,False,False,False
32028,0.0000,1.0000,False,False,False
32029,0.0000,1.0000,False,False,False
32030,1.0000,0.0000,False,False,False
32031,1.0000,0.0000,False,False,False
32032,1.0000,0.0000,False,False,False
32033,0.0000,1.0000,False,False,False
32034,1.0000,0.0000,False,False,False
32035,1.0000,0.0000,False,False,False
32036,1.0000,0.0000,False,False,False
32037,1.0000,0.0000,False,False,False
32038,1.0000,0.0000,False,False,False
32039,0.0000,1.0000,False,False,False
32040,1.0000,0.0000,False,False,False
32041,1.0000,0.0000,False,False,False
32042,0.0000,1.0000,False,False,False
32043,0.0000,1.0000,False,False,False
32044,1.0000,0.0000,False,False,False
32045,1.0000,0.0000,False,False,False
32046,1.0000,0.0000,False,False,False
32047,1.0000,0.0000,False,False,False
32048,0.0000,1.0000,False,False,False
32049,0.0000,1.0000,False,False,False
32050,1.0000,0.0000,False,False,False
32051,1.0000,0.0000,False,False,False
32052,1.0000,0.0000,False,False,False
32053,1.0000,0.0000,False,False,False
32054,1.0000,0.0000,False,False,False
32055,1.0000,0.0000,False,False,False
32056,0.0000,1.0000,False,False,False
32057,1.0000,0.0000,False,False,False
32058,0.0000,1.0000,False,False,False
32059,0.0000,1.0000,False,False,False
32060,1.0000,0.0000,False,False,False
32061,0.0000,1.0000,False,False,False
32062,1.0000,0.0000,False,False,False
32063,1.0000,0.0000,False,False,False
32064,0.0000,1.0000,False,False,False
32065,1.0000,0.0000,False,False,False
32066,1.0000,0.0000,False,False,False
32067,1.0000,0.0000,False,False,False
32068,1.0000,0.0000,False,False,False
32069,1.0000,0.0000,False,False,False
32070,1.0000,0.0000,False,False,False
32071,1.0000,0.0000,False,False,False
32072,0.0000,1.0000,False,False,False
32073,1.0000,0.0000,False,False,False
32074,1.0000,0.0000,False,False,False
32075,0.0000,1.0000,False,False,False
32076,0.0000,1.0000,False,False,False
32077,1.0000,0.0000,False,False,False
32078,0.0000,1.0000,False,False,False
32079,1.0000,0.0000,False,False,False
32080,1.0000,0.0000,False,False,False
32081,0.0000,1.0000,False,False,False
32082,0.0000,1.0000,False,False,False
32083,1.0000,0.0000,False,False,False
32084,1.0000,0.0000,False,False,False
32085,1.0000,0.0000,False,False,False
32086,1.0000,0.0000,False,False,False
32087,1.0000,0.0000,False,False,False
32088,1.0000,0.0000,False,False,False
32089,0.0000,1.0000,False,False,False
32090,1.0000,0.0000,False,False,False
32091,1.0000,0.0000,False,False,False
32092,1.0000,0.0000,False,False,False
32093,1.0000,0.0000,False,False,False
32094,0.0000,1.0000,False,False,False
32095,1.0000,0.0000,False,False,False
32096,0.0000,1.0000,False,False,False
32097,1.0000,0.0000,False,False,False
32098,1.0000,0.0000,False,False,False
32099,0.0000,1.0000,False,False,False
32100,1.0000,0.0000,False,False,False
32101,1.0000,0.0000,False,False,False
32102,1.0000,0.0000,False,False,False
32103,1.0000,0.0000,False,False,False
32104,1.0000,0.0000,False,False,False
32105,1.0000,0.0000,False,False,False
32106,1.0000,0.0000,False,False,False
32107,1.0000,0.0000,False,False,False
32108,1.0000,0.0000,False,False,False
32109,1.0000,0.0000,False,False,False
32110,1.0000,0.0000,False,False,False
32111,1.0000,0.0000,False,False,False
32112,1.0000,0.0000,False,False,False
32113,1.0000,0.0000,False,False,False
32114,1.0000,0.0000,False,False,False
32115,1.0000,0.0000,False,False,False
32116,1.0000,0.0000,False,False,False
32117,1.0000,0.0000,False,False,False
32118,1.0000,0.0000,False,False,False
32119,0.0000,1.0000,False,False,False
32120,1.0000,0.0000,False,False,False
32121,1.0000,0.0000,False,False,False
32122,0.0000,1.0000,False,False,False
32123,1.0000,0.0000,False,False,False
32124,1.0000,0.0000,False,False,False
32125,1.0000,0.0000,False,False,False
32126,1.0000,0.0000,False,False,False
32127,1.0000,0.0000,False,False,False
32128,1.0000,0.0000,False,False,False
32129,1.0000,0.0000,False,False,False
32130,0.0000,1.0000,False,False,False
32131,0.0000,1.0000,False,False,False
32132,1.0000,0.0000,False,False,False
32133,0.0000,1.0000,False,False,False
32134,1.0000,0.0000,False,False,False
32135,1.0000,0.0000,False,False,False
32136,1.0000,0.0000,False,False,False
32137,1.0000,0.0000,False,False,False
32138,1.0000,0.0000,False,False,False
32139,1.0000,0.0000,False,False,False
32140,1.0000,0.0000,False,False,False
32141,1.0000,0.0000,False,False,False
32142,1.0000,0.0000,False,False,False
32143,1.0000,0.0000,False,False,False
32144,1.0000,0.0000,False,False,False
32145,1.0000,0.0000,False,False,False
32146,0.0000,1.0000,False,False,False
32147,1.0000,0.0000,False,False,False
32148,1.0000,0.0000,False,False,False
32149,1.0000,0.0000,False,False,False
32150,1.0000,0.0000,False,False,False
32151,0.0000,1.0000,False,False,False
32152,1.0000,0.0000,False,False,False
32153,0.0000,1.0000,False,False,False
32154,1.0000,0.0000,False,False,False
32155,1.0000,0.0000,False,False,False
32156,1.0000,0.0000,False,False,False
32157,1.0000,0.0000,False,False,False
32158,1.0000,0.0000,False,False,False
32159,1.0000,0.0000,False,False,False
32160,1.0000,0.0000,False,False,False
32161,0.0000,1.0000,False,False,False
32162,1.0000,0.0000,False,False,False
32163,1.0000,0.0000,False,False,False
32164,1.0000,0.0000,False,False,False
32165,1.0000,0.0000,False,False,False
32166,1.0000,0.0000,False,False,False
32167,1.0000,0.0000,False,False,False
32168,0.0000,1.0000,False,False,False
32169,0.0000,1.0000,False,False,False
32170,1.0000,0.0000,False,False,False
32171,1.0000,0.0000,False,False,False
32172,1.0000,0.0000,False,False,False
32173,1.0000,0.0000,False,False,False
32174,0.0000,1.0000,False,False,False
32175,0.0000,1.0000,False,False,False
32176,1.0000,0.0000,False,False,False
32177,1.0000,0.0000,False,False,False
32178,1.0000,0.0000,False,False,False
32179,1.0000,0.0000,False,False,False
32180,0.0000,1.0000,False,False,False
32181,1.0000,0.0000,False,False,False
32182,1.0000,0.0000,False,False,False
32183,1.0000,0.0000,False,False,False
32184,1.0000,0.0000,False,False,False
32185,1.0000,0.0000,False,False,False
32186,1.0000,0.0000,False,False,False
32187,1.0000,0.0000,False,False,False
32188,1.0000,0.0000,False,False,False
32189,1.0000,0.0000,False,False,False
32190,1.0000,0.0000,False,False,False
32191,1.0000,0.0000,False,False,False
32192,0.0000,1.0000,False,False,False
32193,1.0000,0.0000,False,False,False
32194,1.0000,0.0000,False,False,False
32195,1.0000,0.0000,False,False,False
32196,1.0000,0.0000,False,False,False
32197,1.0000,0.0000,False,False,False
32198,1.0000,0.0000,False,False,False
32199,1.0000,0.0000,False,False,False
32200,1.0000,0.0000,False,False,False
32201,1.0000,0.0000,False,False,False
32202,1.0000,0.0000,False,False,False
32203,0.0000,1.0000,False,False,False
32204,1.0000,0.0000,False,False,False
32205,1.0000,0.0000,False,False,False
32206,0.0000,1.0000,False,False,False
32207,1.0000,0.0000,False,False,False
32208,0.0000,1.0000,False,False,False
32209,1.0000,0.0000,False,False,False
32210,0.0000,1.0000,False,False,False
32211,0.0000,1.0000,False,False,False
32212,1.0000,0.0000,False,False,False
32213,1.0000,0.0000,False,False,False
32214,1.0000,0.0000,False,False,False
32215,1.0000,0.0000,False,False,False
32216,0.0000,1.0000,False,False,False
32217,1.0000,0.0000,False,False,False
32218,1.0000,0.0000,False,False,False
32219,1.0000,0.0000,False,False,False
32220,1.0000,0.0000,False,False,False
32221,1.0000,0.0000,False,False,False
32222,0.0000,1.0000,False,False,False
32223,1.0000,0.0000,False,False,False
32224,1.0000,0.0000,False,False,False
32225,0.0000,1.0000,False,False,False
32226,1.0000,0.0000,False,False,False
32227,1.0000,0.0000,False,False,False
32228,0.0000,1.0000,False,False,False
32229,1.0000,0.0000,False,False,False
32230,0.0000,1.0000,False,False,False
32231,1.0000,0.0000,False,False,False
32232,0.0000,1.0000,False,False,False
32233,1.0000,0.0000,False,False,False
32234,1.0000,0.0000,False,False,False
32235,0.0000,1.0000,False,False,False
32236,1.0000,0.0000,False,False,False
32237,1.0000,0.0000,False,False,False
32238,1.0000,0.0000,False,False,False
32239,0.0000,1.0000,False,False,False
32240,1.0000,0.0000,False,False,False
32241,1.0000,0.0000,False,False,False
32242,1.0000,0.0000,False,False,False
32243,0.0000,1.0000,False,False,False
32244,1.0000,0.0000,False,False,False
32245,0.0000,1.0000,False,False,False
32246,1.0000,0.0000,False,False,False
32247,1.0000,0.0000,False,False,False
32248,1.0000,0.0000,False,False,False
32249,1.0000,0.0000,False,False,False
32250,1.0000,0.0000,False,False,False
32251,1.0000,0.0000,False,False,False
32252,1.0000,0.0000,False,False,False
32253,1.0000,0.0000,False,False,False
32254,0.0000,1.0000,False,False,False
32255,1.0000,0.0000,False,False,False
32256,1.0000,0.0000,False,False,False
32257,1.0000,0.0000,False,False,False
32258,1.0000,0.0000,False,False,False
32259,0.0000,1.0000,False,False,False
32260,1.0000,0.0000,False,False,False
32261,1.0000,0.0000,False,False,False
32262,1.0000,0.0000,False,False,False
32263,1.0000,0.0000,False,False,False
32264,1.0000,0.0000,False,False,False
32265,1.0000,0.0000,False,False,False
32266,1.0000,0.0000,False,False,False
32267,0.0000,1.0000,False,False,False
32268,0.0000,1.0000,False,False,False
32269,1.0000,0.0000,False,False,False
32270,1.0000,0.0000,False,False,False
32271,1.0000,0.0000,False,False,False
32272,0.0000,1.0000,False,False,False
32273,1.0000,0.0000,False,False,False
32274,1.0000,0.0000,False,False,False
32275,0.0000,1.0000,False,False,False
32276,1.0000,0.0000,False,False,False
32277,0.0000,1.0000,False,False,False
32278,1.0000,0.0000,False,False,False
32279,0.0000,1.0000,False,False,False
32280,1.0000,0.0000,False,False,False
32281,0.0000,1.0000,False,False,False
32282,1.0000,0.0000,False,False,False
32283,1.0000,0.0000,False,False,False
32284,0.0000,1.0000,False,False,False
32285,1.0000,0.0000,False,False,False
32286,1.0000,0.0000,False,False,False
32287,1.0000,0.0000,False,False,False
32288,1.0000,0.0000,False,False,False
32289,1.0000,0.0000,False,False,False
32290,1.0000,0.0000,False,False,False
32291,1.0000,0.0000,False,False,False
32292,1.0000,0.0000,False,False,False
32293,1.0000,0.0000,False,False,False
32294,1.0000,0.0000,False,False,False
32295,1.0000,0.0000,False,False,False
32296,1.0000,0.0000,False,False,False
32297,1.0000,0.0000,False,False,False
32298,1.0000,0.0000,False,False,False
32299,1.0000,0.0000,False,False,False
32300,1.0000,0.0000,False,False,False
32301,1.0000,0.0000,False,False,False
32302,1.0000,0.0000,False,False,False
32303,1.0000,0.0000,False,False,False
32304,1.0000,0.0000,False,False,False
32305,0.0000,1.0000,False,False,False
32306,1.0000,0.0000,False,False,False
32307,0.0000,1.0000,False,False,False
32308,1.0000,0.0000,False,False,False
32309,1.0000,0.0000,False,False,False
32310,1.0000,0.0000,False,False,False
32311,1.0000,0.0000,False,False,False
32312,1.0000,0.0000,False,False,False
32313,1.0000,0.0000,False,False,False
32314,1.0000,0.0000,False,False,False
32315,1.0000,0.0000,False,False,False
32316,1.0000,0.0000,False,False,False
32317,1.0000,0.0000,False,False,False
32318,1.0000,0.0000,False,False,False
32319,0.0000,1.0000,False,False,False
32320,1.0000,0.0000,False,False,False
32321,1.0000,0.0000,False,False,False
32322,1.0000,0.0000,False,False,False
32323,1.0000,0.0000,False,False,False
32324,1.0000,0.0000,False,False,False
32325,1.0000,0.0000,False,False,False
32326,1.0000,0.0000,False,False,False
32327,1.0000,0.0000,False,False,False
32328,0.0000,1.0000,False,False,False
32329,1.0000,0.0000,False,False,False
32330,0.0000,1.0000,False,False,False
32331,1.0000,0.0000,False,False,False
32332,1.0000,0.0000,False,False,False
32333,1.0000,0.0000,False,False,False
32334,1.0000,0.0000,False,False,False
32335,1.0000,0.0000,False,False,False
32336,0.0000,1.0000,False,False,False
32337,1.0000,0.0000,False,False,False
32338,1.0000,0.0000,False,False,False
32339,0.0000,1.0000,False,False,False
32340,1.0000,0.0000,False,False,False
32341,1.0000,0.0000,False,False,False
32342,1.0000,0.0000,False,False,False
32343,1.0000,0.0000,False,False,False
32344,1.0000,0.0000,False,False,False
32345,0.0000,1.0000,False,False,False
32346,1.0000,0.0000,False,False,False
32347,1.0000,0.0000,False,False,False
32348,0.0000,1.0000,False,False,False
32349,0.0000,1.0000,False,False,False
32350,1.0000,0.0000,False,False,False
32351,1.0000,0.0000,False,False,False
32352,1.0000,0.0000,False,False,False
32353,0.0000,1.0000,False,False,False
32354,0.0000,1.0000,False,False,False
32355,1.0000,0.0000,False,False,False
32356,1.0000,0.0000,False,False,False
32357,1.0000,0.0000,False,False,False
32358,1.0000,0.0000,False,False,False
32359,1.0000,0.0000,False,False,False
32360,1.0000,0.0000,False,False,False
32361,1.0000,0.0000,False,False,False
32362,0.0000,1.0000,False,False,False
32363,1.0000,0.0000,False,False,False
32364,1.0000,0.0000,False,False,False
32365,1.0000,0.0000,False,False,False
32366,1.0000,0.0000,False,False,False
32367,1.0000,0.0000,False,False,False
32368,0.0000,1.0000,False,False,False
32369,0.0000,1.0000,False,False,False
32370,0.0000,1.0000,False,False,False
32371,1.0000,0.0000,False,False,False
32372,1.0000,0.0000,False,False,False
32373,1.0000,0.0000,False,False,False
32374,0.0000,1.0000,False,False,False
32375,0.0000,1.0000,False,False,False
32376,1.0000,0.0000,False,False,False
32377,1.0000,0.0000,False,False,False
32378,0.0000,1.0000,False,False,False
32379,1.0000,0.0000,False,False,False
32380,1.0000,0.0000,False,False,False
32381,1.0000,0.0000,False,False,False
32382,1.0000,0.0000,False,False,False
32383,1.0000,0.0000,False,False,False
32384,1.0000,0.0000,False,False,False
32385,0.0000,1.0000,False,False,False
32386,1.0000,0.0000,False,False,False
32387,1.0000,0.0000,False,False,False
32388,1.0000,0.0000,False,False,False
32389,1.0000,0.0000,False,False,False
32390,0.0000,1.0000,False,False,False
32391,1.0000,0.0000,False,False,False
32392,1.0000,0.0000,False,False,False
32393,1.0000,0.0000,False,False,False
32394,1.0000,0.0000,False,False,False
32395,1.0000,0.0000,False,False,False
32396,0.0000,1.0000,False,False,False
32397,1.0000,0.0000,False,False,False
32398,1.0000,0.0000,False,False,False
32399,1.0000,0.0000,False,False,False
32400,1.0000,0.0000,False,False,False
32401,0.0000,1.0000,False,False,False
32402,1.0000,0.0000,False,False,False
32403,1.0000,0.0000,False,False,False
32404,1.0000,0.0000,False,False,False
32405,1.0000,0.0000,False,False,False
32406,1.0000,0.0000,False,False,False
32407,1.0000,0.0000,False,False,False
32408,0.0000,1.0000,False,False,False
32409,1.0000,0.0000,False,False,False
32410,0.0000,1.0000,False,False,False
32411,1.0000,0.0000,False,False,False
32412,0.0000,1.0000,False,False,False
32413,1.0000,0.0000,False,False,False
32414,1.0000,0.0000,False,False,False
32415,1.0000,0.0000,False,False,False
32416,1.0000,0.0000,False,False,False
32417,1.0000,0.0000,False,False,False
32418,1.0000,0.0000,False,False,False
32419,0.0000,1.0000,False,False,False
32420,1.0000,0.0000,False,False,False
32421,1.0000,0.0000,False,False,False
32422,1.0000,0.0000,False,False,False
32423,1.0000,0.0000,False,False,False
32424,0.0000,1.0000,False,False,False
32425,1.0000,0.0000,False,False,False
32426,1.0000,0.0000,False,False,False
32427,0.0000,1.0000,False,False,False
32428,1.0000,0.0000,False,False,False
32429,1.0000,0.0000,False,False,False
32430,1.0000,0.0000,False,False,False
32431,1.0000,0.0000,False,False,False
32432,1.0000,0.0000,False,False,False
32433,1.0000,0.0000,False,False,False
32434,1.0000,0.0000,False,False,False
32435,1.0000,0.0000,False,False,False
32436,0.0000,1.0000,False,False,False
32437,1.0000,0.0000,False,False,False
32438,1.0000,0.0000,False,False,False
32439,1.0000,0.0000,False,False,False
32440,1.0000,0.0000,False,False,False
32441,1.0000,0.0000,False,False,False
32442,0.0000,1.0000,False,False,False
32443,0.0000,1.0000,False,False,False
32444,0.0000,1.0000,False,False,False
32445,1.0000,0.0000,False,False,False
32446,1.0000,0.0000,False,False,False
32447,1.0000,0.0000,False,False,False
32448,0.0000,1.0000,False,False,False
32449,1.0000,0.0000,False,False,False
32450,1.0000,0.0000,False,False,False
32451,0.0000,1.0000,False,False,False
32452,1.0000,0.0000,False,False,False
32453,1.0000,0.0000,False,False,False
32454,0.0000,1.0000,False,False,False
32455,0.0000,1.0000,False,False,False
32456,1.0000,0.0000,False,False,False
32457,1.0000,0.0000,False,False,False
32458,0.0000,1.0000,False,False,False
32459,1.0000,0.0000,False,False,False
32460,1.0000,0.0000,False,False,False
32461,1.0000,0.0000,False,False,False
32462,0.0000,1.0000,False,False,False
32463,1.0000,0.0000,False,False,False
32464,0.0000,1.0000,False,False,False
32465,1.0000,0.0000,False,False,False
32466,1.0000,0.0000,False,False,False
32467,1.0000,0.0000,False,False,False
32468,0.0000,1.0000,False,False,False
32469,1.0000,0.0000,False,False,False
32470,1.0000,0.0000,False,False,False
32471,0.0000,1.0000,False,False,False
32472,0.0000,1.0000,False,False,False
32473,1.0000,0.0000,False,False,False
32474,1.0000,0.0000,False,False,False
32475,1.0000,0.0000,False,False,False
32476,1.0000,0.0000,False,False,False
32477,1.0000,0.0000,False,False,False
32478,1.0000,0.0000,False,False,False
32479,1.0000,0.0000,False,False,False
32480,1.0000,0.0000,False,False,False
32481,1.0000,0.0000,False,False,False
32482,1.0000,0.0000,False,False,False
32483,1.0000,0.0000,False,False,False
32484,0.0000,1.0000,False,False,False
32485,1.0000,0.0000,False,False,False
32486,1.0000,0.0000,False,False,False
32487,1.0000,0.0000,False,False,False
32488,1.0000,0.0000,False,False,False
32489,1.0000,0.0000,False,False,False
32490,1.0000,0.0000,False,False,False
32491,1.0000,0.0000,False,False,False
32492,1.0000,0.0000,False,False,False
32493,1.0000,0.0000,False,False,False
32494,0.0000,1.0000,False,False,False
32495,0.0000,1.0000,False,False,False
32496,0.0000,1.0000,False,False,False
32497,1.0000,0.0000,False,False,False
32498,0.0000,1.0000,False,False,False
32499,0.0000,1.0000,False,False,False
32500,1.0000,0.0000,True,True,False
32501,0.0000,1.0000,True,True,False
32502,0.0000,1.0000,True,True,False
32503,0.0000,1.0000,True,True,False
32504,0.0000,1.0000,True,True,False
32505,1.0000,0.0000,True,True,False
32506,1.0000,0.0000,True,True,False
32507,1.0000,0.0000,True,True,False
32508,1.0000,0.0000,True,True,False
32509,1.0000,0.0000,True,True,False
32510,1.0000,0.0000,True,False,True
32511,1.0000,0.0000,False,False,False
32512,1.0000,0.0000,False,False,False
32513,1.0000,0.0000,False,False,False
32514,1.0000,0.0000,False,False,False
32515,1.0000,0.0000,False,False,False
32516,1.0000,0.0000,False,False,False
32517,0.0000,1.0000,False,False,False
32518,1.0000,0.0000,False,False,False
32519,1.0000,0.0000,False,False,False
32520,1.0000,0.0000,False,False,False
32521,1.0000,0.0000,False,False,False
32522,0.0000,1.0000,False,False,False
32523,1.0000,0.0000,False,False,False
32524,1.0000,0.0000,False,False,False
32525,0.0000,1.0000,False,False,False
32526,1.0000,0.0000,False,False,False
32527,0.0000,1.0000,False,False,False
32528,1.0000,0.0000,False,False,False
32529,0.0000,1.0000,False,False,False
32530,1.0000,0.0000,False,False,False
32531,1.0000,0.0000,False,False,False
32532,1.0000,0.0000,False,False,False
32533,1.0000,0.0000,False,False,False
32534,1.0000,0.0000,False,False,False
32535,1.0000,0.0000,False,False,False
32536,1.0000,0.0000,False,False,False
32537,0.0000,1.0000,False,False,False
32538,1.0000,0.0000,False,False,False
32539,1.0000,0.0000,False,False,False
32540,1.0000,0.0000,False,False,False
32541,0.0000,1.0000,False,False,False
32542,0.0000,1.0000,False,False,False
32543,0.0000,1.0000,False,False,False
32544,1.0000,0.0000,False,False,False
32545,0.0000,1.0000,False,False,False
32546,1.0000,0.0000,False,False,False
32547,1.0000,0.0000,False,False,False
32548,1.0000,0.0000,False,False,False
32549,1.0000,0.0000,False,False,False
32550,1.0000,0.0000,False,False,False
32551,1.0000,0.0000,False,False,False
32552,1.0000,0.0000,False,False,False
32553,1.0000,0.0000,False,False,False
32554,1.0000,0.0000,False,False,False
32555,1.0000,0.0000,False,False,False
32556,1.0000,0.0000,False,False,False
32557,1.0000,0.0000,False,False,False
32558,1.0000,0.0000,False,False,False
32559,1.0000,0.0000,False,False,False
32560,0.0000,1.0000,False,False,False
32561,1.0000,0.0000,False,False,False
32562,1.0000,0.0000,False,False,False
32563,1.0000,0.0000,False,False,False
32564,1.0000,0.0000,False,False,False
32565,1.0000,0.0000,False,False,False
32566,0.0000,1.0000,False,False,False
32567,1.0000,0.0000,False,False,False
32568,1.0000,0.0000,False,False,False
32569,0.0000,1.0000,False,False,False
32570,1.0000,0.0000,False,False,False
32571,1.0000,0.0000,False,False,False
32572,1.0000,0.0000,False,False,False
32573,1.0000,0.0000,False,False,False
32574,0.0000,1.0000,False,False,False
32575,1.0000,0.0000,False,False,False
32576,0.0000,1.0000,False,False,False
32577,1.0000,0.0000,False,False,False
32578,0.0000,1.0000,False,False,False
32579,1.0000,0.0000,False,False,False
32580,1.0000,0.0000,False,False,False
32581,1.0000,0.0000,False,False,False
32582,1.0000,0.0000,False,False,False
32583,1.0000,0.0000,False,False,False
32584,1.0000,0.0000,False,False,False
32585,1.0000,0.0000,False,False,False
32586,1.0000,0.0000,False,False,False
32587,1.0000,0.0000,False,False,False
32588,1.0000,0.0000,False,False,False
32589,1.0000,0.0000,False,False,False
32590,0.0000,1.0000,False,False,False
32591,1.0000,0.0000,False,False,False
32592,1.0000,0.0000,False,False,False
32593,1.0000,0.0000,False,False,False
32594,1.0000,0.0000,False,False,False
32595,1.0000,0.0000,False,False,False
32596,1.0000,0.0000,False,False,False
32597,1.0000,0.0000,False,False,False
32598,0.0000,1.0000,False,False,False
32599,1.0000,0.0000,False,False,False
32600,1.0000,0.0000,False,False,False
32601,1.0000,0.0000,False,False,False
32602,1.0000,0.0000,False,False,False
32603,1.0000,0.0000,False,False,False
32604,1.0000,0.0000,False,False,False
32605,0.0000,1.0000,False,False,False
32606,0.0000,1.0000,False,False,False
32607,0.0000,1.0000,False,False,False
32608,1.0000,0.0000,False,False,False
32609,0.0000,1.0000,False,False,False
32610,1.0000,0.0000,False,False,False
32611,1.0000,0.0000,False,False,False
32612,1.0000,0.0000,False,False,False
32613,1.0000,0.0000,False,False,False
32614,1.0000,0.0000,False,False,False
32615,1.0000,0.0000,False,False,False
32616,1.0000,0.0000,False,False,False
32617,0.0000,1.0000,False,False,False
32618,1.0000,0.0000,False,False,False
32619,1.0000,0.0000,False,False,False
32620,1.0000,0.0000,False,False,False
32621,1.0000,0.0000,False,False,False
32622,1.0000,0.0000,False,False,False
32623,1.0000,0.0000,False,False,False
32624,1.0000,0.0000,False,False,False
32625,0.0000,1.0000,False,False,False
32626,1.0000,0.0000,False,False,False
32627,1.0000,0.0000,False,False,False
32628,1.0000,0.0000,False,False,False
32629,1.0000,0.0000,False,False,False
32630,1.0000,0.0000,False,False,False
32631,1.0000,0.0000,False,False,False
32632,1.0000,0.0000,False,False,False
32633,1.0000,0.0000,False,False,False
32634,1.0000,0.0000,False,False,False
32635,1.0000,0.0000,False,False,False
32636,0.0000,1.0000,False,False,False
32637,1.0000,0.0000,False,False,False
32638,1.0000,0.0000,False,False,False
32639,0.0000,1.0000,False,False,False
32640,0.0000,1.0000,False,False,False
32641,0.0000,1.0000,False,False,False
32642,1.0000,0.0000,False,False,False
32643,1.0000,0.0000,False,False,False
32644,1.0000,0.0000,False,False,False
32645,1.0000,0.0000,False,False,False
32646,1.0000,0.0000,False,False,False
32647,0.0000,1.0000,False,False,False
32648,0.0000,1.0000,False,False,False
32649,1.0000,0.0000,False,False,False
32650,0.0000,1.0000,False,False,False
32651,1.0000,0.0000,False,False,False
32652,1.0000,0.0000,False,False,False
32653,1.0000,0.0000,False,False,False
32654,0.0000,1.0000,False,False,False
32655,1.0000,0.0000,False,False,False
32656,1.0000,0.0000,False,False,False
32657,0.0000,1.0000,False,False,False
32658,1.0000,0.0000,False,False,False
32659,1.0000,0.0000,False,False,False
32660,1.0000,0.0000,False,False,False
32661,1.0000,0.0000,False,False,False
32662,1.0000,0.0000,False,False,False
32663,1.0000,0.0000,False,False,False
32664,1.0000,0.0000,False,False,False
32665,1.0000,0.0000,False,False,False
32666,1.0000,0.0000,False,False,False
32667,0.0000,1.0000,False,False,False
32668,1.0000,0.0000,False,False,False
32669,1.0000,0.0000,False,False,False
32670,1.0000,0.0000,False,False,False
32671,1.0000,0.0000,False,False,False
32672,1.0000,0.0000,False,False,False
32673,1.0000,0.0000,False,False,False
32674,1.0000,0.0000,False,False,False
32675,1.0000,0.0000,False,False,False
32676,1.0000,0.0000,False,False,False
32677,1.0000,0.0000,False,False,False
32678,0.0000,1.0000,False,False,False
32679,1.0000,0.0000,False,False,False
32680,0.0000,1.0000,False,False,False
32681,1.0000,0.0000,False,False,False
32682,1.0000,0.0000,False,False,False
32683,1.0000,0.0000,False,False,False
32684,1.0000,0.0000,False,False,False
32685,1.0000,0.0000,False,False,False
32686,0.0000,1.0000,False,False,False
32687,1.0000,0.0000,False,False,False
32688,1.0000,0.0000,False,False,False
32689,0.0000,1.0000,False,False,False
32690,1.0000,0.0000,False,False,False
32691,1.0000,0.0000,False,False,False
32692,1.0000,0.0000,False,False,False
32693,0.0000,1.0000,False,False,False
32694,0.0000,1.0000,False,False,False
32695,1.0000,0.0000,False,False,False
32696,1.0000,0.0000,False,False,False
32697,0.0000,1.0000,False,False,False
32698,1.0000,0.0000,False,False,False
32699,1.0000,0.0000,False,False,False
32700,1.0000,0.0000,False,False,False
32701,1.0000,0.0000,False,False,False
32702,1.0000,0.0000,False,False,False
32703,1.0000,0.0000,False,False,False
32704,0.0000,1.0000,False,False,False
32705,1.0000,0.0000,False,False,False
32706,1.0000,0.0000,False,False,False
32707,1.0000,0.0000,False,False,False
32708,0.0000,1.0000,False,False,False
32709,1.0000,0.0000,False,False,False
32710,0.0000,1.0000,False,False,False
32711,1.0000,0.0000,False,False,False
32712,1.0000,0.0000,False,False,False
32713,1.0000,0.0000,False,False,False
32714,1.0000,0.0000,False,False,False
32715,0.0000,1.0000,False,False,False
32716,1.0000,0.0000,False,False,False
32717,1.0000,0.0000,False,False,False
32718,1.0000,0.0000,False,False,False
32719,0.0000,1.0000,False,False,False
32720,1.0000,0.0000,False,False,False
32721,1.0000,0.0000,False,False,False
32722,0.0000,1.0000,False,False,False
32723,0.0000,1.0000,False,False,False
32724,0.0000,1.0000,False,False,False
32725,1.0000,0.0000,False,False,False
32726,1.0000,0.0000,False,False,False
32727,1.0000,0.0000,False,False,False
32728,1.0000,0.0000,False,False,False
32729,0.0000,1.0000,False,False,False
32730,1.0000,0.0000,False,False,False
32731,1.0000,0.0000,False,False,False
32732,1.0000,0.0000,False,False,False
32733,1.0000,0.0000,False,False,False
32734,0.0000,1.0000,False,False,False
32735,0.0000,1.0000,False,False,False
32736,1.0000,0.0000,False,False,False
32737,0.0000,1.0000,False,False,False
32738,0.0000,1.0000,False,False,False
32739,1.0000,0.0000,False,False,False
32740,0.0000,1.0000,False,False,False
32741,1.0000,0.0000,False,False,False
32742,1.0000,0.0000,False,False,False
32743,1.0000,0.0000,False,False,False
32744,1.0000,0.0000,False,False,False
32745,1.0000,0.0000,False,False,False
32746,1.0000,0.0000,False,False,False
32747,0.0000,1.0000,False,False,False
32748,1.0000,0.0000,False,False,False
32749,1.0000,0.0000,False,False,False
32750,1.0000,0.0000,False,False,False
32751,1.0000,0.0000,False,False,False
32752,1.0000,0.0000,False,False,False
32753,1.0000,0.0000,False,False,False
32754,1.0000,0.0000,False,False,False
32755,1.0000,0.0000,False,False,False
32756,0.0000,1.0000,False,False,False
32757,1.0000,0.0000,False,False,False
32758,1.0000,0.0000,False,False,False
32759,1.0000,0.0000,False,False,False
32760,1.0000,0.0000,False,False,False
32761,1.0000,0.0000,False,False,False
32762,1.0000,0.0000,False,False,False
32763,1.0000,0.0000,False,False,False
32764,1.0000,0.0000,False,False,False
32765,0.0000,1.0000,False,False,False
32766,1.0000,0.0000,False,False,False
32767,1.0000,0.0000,False,False,False
32768,1.0000,0.0000,False,False,False
32769,1.0000,0.0000,False,False,False
32770,0.0000,1.0000,False,False,False
32771,1.0000,0.0000,False,False,False
32772,1.0000,0.0000,False,False,False
32773,1.0000,0.0000,False,False,False
32774,1.0000,0.0000,False,False,False
32775,1.0000,0.0000,False,False,False
32776,1.0000,0.0000,False,False,False
32777,1.0000,0.0000,False,False,False
32778,1.0000,0.0000,False,False,False
32779,1.0000,0.0000,False,False,False
32780,0.0000,1.0000,False,False,False
32781,1.0000,0.0000,False,False,False
32782,1.0000,0.0000,False,False,False
32783,1.0000,0.0000,False,False,False
32784,1.0000,0.0000,False,False,False
32785,0.0000,1.0000,False,False,False
32786,1.0000,0.0000,False,False,False
32787,1.0000,0.0000,False,False,False
32788,1.0000,0.0000,False,False,False
32789,0.0000,1.0000,False,False,False
32790,0.0000,1.0000,False,False,False
32791,1.0000,0.0000,False,False,False
32792,1.0000,0.0000,False,False,False
32793,0.0000,1.0000,False,False,False
32794,1.0000,0.0000,False,False,False
32795,1.0000,0.0000,False,False,False
32796,1.0000,0.0000,False,False,False
32797,1.0000,0.0000,False,False,False
32798,1.0000,0.0000,False,False,False
32799,1.0000,0.0000,False,False,False
32800,1.0000,0.0000,False,False,False
32801,1.0000,0.0000,False,False,False
32802,0.0000,1.0000,False,False,False
32803,1.0000,0.0000,False,False,False
32804,1.0000,0.0000,False,False,False
32805,0.0000,1.0000,False,False,False
32806,1.0000,0.0000,False,False,False
32807,1.0000,0.0000,False,False,False
32808,0.0000,1.0000,False,False,False
32809,1.0000,0.0000,False,False,False
32810,1.0000,0.0000,False,False,False
32811,1.0000,0.0000,False,False,False
32812,1.0000,0.0000,False,False,False
32813,1.0000,0.0000,False,False,False
32814,1.0000,0.0000,False,False,False
32815,1.0000,0.0000,False,False,False
32816,1.0000,0.0000,False,False,False
32817,0.0000,1.0000,False,False,False
32818,0.0000,1.0000,False,False,False
32819,1.0000,0.0000,False,False,False
32820,0.0000,1.0000,False,False,False
32821,1.0000,0.0000,False,False,False
32822,0.0000,1.0000,False,False,False
32823,1.0000,0.0000,False,False,False
32824,1.0000,0.0000,False,False,False
32825,1.0000,0.0000,False,False,False
32826,1.0000,0.0000,False,False,False
32827,1.0000,0.0000,False,False,False
32828,1.0000,0.0000,False,False,False
32829,1.0000,0.0000,False,False,False
32830,1.0000,0.0000,False,False,False
32831,1.0000,0.0000,False,False,False
32832,1.0000,0.0000,False,False,False
32833,1.0000,0.0000,False,False,False
32834,1.0000,0.0000,False,False,False
32835,1.0000,0.0000,False,False,False
32836,1.0000,0.0000,False,False,False
32837,1.0000,0.0000,False,False,False
32838,0.0000,1.0000,False,False,False
32839,1.0000,0.0000,False,False,False
32840,1.0000,0.0000,False,False,False
32841,0.0000,1.0000,False,False,False
32842,0.0000,1.0000,False,False,False
32843,1.0000,0.0000,False,False,False
32844,1.0000,0.0000,False,False,False
32845,1.0000,0.0000,False,False,False
32846,1.0000,0.0000,False,False,False
32847,1.0000,0.0000,False,False,False
32848,1.0000,0.0000,False,False,False
32849,0.0000,1.0000,False,False,False
32850,1.0000,0.0000,False,False,False
32851,1.0000,0.0000,False,False,False
32852,1.0000,0.0000,False,False,False
32853,1.0000,0.0000,False,False,False
32854,0.0000,1.0000,False,False,False
32855,1.0000,0.0000,False,False,False
32856,1.0000,0.0000,False,False,False
32857,0.0000,1.0000,False,False,False
32858,1.0000,0.0000,False,False,False
32859,1.0000,0.0000,False,False,False
32860,1.0000,0.0000,False,False,False
32861,1.0000,0.0000,False,False,False
32862,1.0000,0.0000,False,False,False
32863,1.0000,0.0000,False,False,False
32864,1.0000,0.0000,False,False,False
32865,0.0000,1.0000,False,False,False
32866,1.0000,0.0000,False,False,False
32867,0.0000,1.0000,False,False,False
32868,1.0000,0.0000,False,False,False
32869,1.0000,0.0000,False,False,False
32870,1.0000,0.0000,False,False,False
32871,1.0000,0.0000,False,False,False
32872,1.0000,0.0000,False,False,False
32873,0.0000,1.0000,False,False,False
32874,1.0000,0.0000,False,False,False
32875,0.0000,1.0000,False,False,False
32876,1.0000,0.0000,False,False,False
32877,1.0000,0.0000,False,False,False
32878,1.0000,0.0000,False,False,False
32879,1.0000,0.0000,False,False,False
32880,0.0000,1.0000,False,False,False
32881,1.0000,0.0000,False,False,False
32882,1.0000,0.0000,False,False,False
32883,1.0000,0.0000,False,False,False
32884,0.0000,1.0000,False,False,False
32885,0.0000,1.0000,False,False,False
32886,1.0000,0.0000,False,False,False
32887,1.0000,0.0000,False,False,False
32888,1.0000,0.0000,False,False,False
32889,1.0000,0.0000,False,False,False
32890,0.0000,1.0000,False,False,False
32891,1.0000,0.0000,False,False,False
32892,1.0000,0.0000,False,False,False
32893,0.0000,1.0000,False,False,False
32894,1.0000,0.0000,False,False,False
32895,0.0000,1.0000,False,False,False
32896,0.0000,1.0000,False,False,False
32897,1.0000,0.0000,False,False,False
32898,1.0000,0.0000,False,False,False
32899,0.0000,1.0000,False,False,False
32900,1.0000,0.0000,False,False,False
32901,1.0000,0.0000,False,False,False
32902,0.0000,1.0000,False,False,False
32903,1.0000,0.0000,False,False,False
32904,1.0000,0.0000,False,False,False
32905,1.0000,0.0000,False,False,False
32906,0.0000,1.0000,False,False,False
32907,1.0000,0.0000,False,False,False
32908,0.0000,1.0000,False,False,False
32909,1.0000,0.0000,False,False,False
32910,1.0000,0.0000,False,False,False
32911,0.0000,1.0000,False,False,False
32912,0.0000,1.0000,False,False,False
32913,1.0000,0.0000,False,False,False
32914,1.0000,0.0000,False,False,False
32915,1.0000,0.0000,False,False,False
32916,0.0000,1.0000,False,False,False
32917,0.0000,1.0000,False,False,False
32918,0.0000,1.0000,False,False,False
32919,1.0000,0.0000,False,False,False
32920,1.0000,0.0000,False,False,False
32921,1.0000,0.0000,False,False,False
32922,1.0000,0.0000,False,False,False
32923,1.0000,0.0000,False,False,False
32924,1.0000,0.0000,False,False,False
32925,1.0000,0.0000,False,False,False
32926,1.0000,0.0000,False,False,False
32927,1.0000,0.0000,False,False,False
32928,0.0000,1.0000,False,False,False
32929,1.0000,0.0000,False,False,False
32930,1.0000,0.0000,False,False,False
32931,1.0000,0.0000,False,False,False
32932,1.0000,0.0000,False,False,False
32933,1.0000,0.0000,False,False,False
32934,1.0000,0.0000,False,False,False
32935,0.0000,1.0000,False,False,False
32936,1.0000,0.0000,False,False,False
32937,1.0000,0.0000,False,False,False
32938,1.0000,0.0000,False,False,False
32939,1.0000,0.0000,False,False,False
32940,1.0000,0.0000,False,False,False
32941,1.0000,0.0000,False,False,False
32942,1.0000,0.0000,False,False,False
32943,0.0000,1.0000,False,False,False
32944,0.0000,1.0000,False,False,False
32945,1.0000,0.0000,False,False,False
32946,1.0000,0.0000,False,False,False
32947,1.0000,0.0000,False,False,False
32948,1.0000,0.0000,False,False,False
32949,1.0000,0.0000,False,False,False
32950,0.0000,1.0000,False,False,False
32951,1.0000,0.0000,False,False,False
32952,1.0000,0.0000,False,False,False
32953,0.0000,1.0000,False,False,False
32954,1.0000,0.0000,False,False,False
32955,0.0000,1.0000,False,False,False
32956,1.0000,0.0000,False,False,False
32957,1.0000,0.0000,False,False,False
32958,1.0000,0.0000,False,False,False
32959,1.0000,0.0000,False,False,False
32960,0.0000,1.0000,False,False,False
32961,1.0000,0.0000,False,False,False
32962,1.0000,0.0000,False,False,False
32963,1.0000,0.0000,False,False,False
32964,1.0000,0.0000,False,False,False
32965,1.0000,0.0000,False,False,False
32966,1.0000,0.0000,False,False,False
32967,1.0000,0.0000,False,False,False
32968,1.0000,0.0000,False,False,False
32969,1.0000,0.0000,False,False,False
32970,1.0000,0.0000,False,False,False
32971,1.0000,0.0000,False,False,False
32972,1.0000,0.0000,False,False,False
32973,1.0000,0.0000,False,False,False
32974,1.0000,0.0000,False,False,False
32975,1.0000,0.0000,False,False,False
32976,0.0000,1.0000,False,False,False
32977,1.0000,0.0000,False,False,False
32978,0.0000,1.0000,False,False,False
32979,1.0000,0.0000,False,False,False
32980,1.0000,0.0000,False,False,False
32981,1.0000,0.0000,False,False,False
32982,0.0000,1.0000,False,False,False
32983,1.0000,0.0000,False,False,False
32984,1.0000,0.0000,False,False,False
32985,0.0000,1.0000,False,False,False
32986,1.0000,0.0000,False,False,False
32987,1.0000,0.0000,False,False,False
32988,1.0000,0.0000,False,False,False
32989,0.0000,1.0000,False,False,False
32990,0.0000,1.0000,False,False,False
32991,1.0000,0.0000,False,False,False
32992,1.0000,0.0000,False,False,False
32993,1.0000,0.0000,False,False,False
32994,0.0000,1.0000,False,False,False
32995,1.0000,0.0000,False,False,False
32996,0.0000,1.0000,False,False,False
32997,1.0000,0.0000,False,False,False
32998,0.0000,1.0000,False,False,False
32999,1.0000,0.0000,False,False,False
33000,0.0000,1.0000,False,False,False
33001,0.0000,1.0000,False,False,False
33002,0.0000,1.0000,False,False,False
33003,1.0000,0.0000,False,False,False
33004,1.0000,0.0000,False,False,False
33005,0.0000,1.0000,False,False,False
33006,1.0000,0.0000,False,False,False
33007,0.0000,1.0000,False,False,False
33008,1.0000,0.0000,False,False,False
33009,1.0000,0.0000,False,False,False
33010,1.0000,0.0000,False,False,False
33011,1.0000,0.0000,False,False,False
33012,1.0000,0.0000,False,False,False
33013,0.0000,1.0000,False,False,False
33014,1.0000,0.0000,False,False,False
33015,0.0000,1.0000,False,False,False
33016,1.0000,0.0000,False,False,False
33017,1.0000,0.0000,False,False,False
33018,1.0000,0.0000,False,False,False
33019,1.0000,0.0000,False,False,False
33020,1.0000,0.0000,False,False,False
33021,1.0000,0.0000,False,False,False
33022,0.0000,1.0000,False,False,False
33023,1.0000,0.0000,False,False,False
33024,0.0000,1.0000,False,False,False
33025,1.0000,0.0000,False,False,False
33026,0.0000,1.0000,False,False,False
33027,0.0000,1.0000,False,False,False
33028,1.0000,0.0000,False,False,False
33029,0.0000,1.0000,False,False,False
33030,0.0000,1.0000,False,False,False
33031,0.0000,1.0000,False,False,False
33032,1.0000,0.0000,False,False,False
33033,0.0000,1.0000,False,False,False
33034,0.0000,1.0000,False,False,False
33035,1.0000,0.0000,False,False,False
33036,0.0000,1.0000,False,False,False
33037,0.0000,1.0000,False,False,False
33038,1.0000,0.0000,False,False,False
33039,0.0000,1.0000,False,False,False
33040,1.0000,0.0000,False,False,False
33041,1.0000,0.0000,False,False,False
33042,1.0000,0.0000,False,False,False
33043,1.0000,0.0000,False,False,False
33044,0.0000,1.0000,False,False,False
33045,1.0000,0.0000,False,False,False
33046,0.0000,1.0000,False,False,False
33047,0.0000,1.0000,False,False,False
33048,0.0000,1.0000,False,False,False
33049,1.0000,0.0000,False,False,False
33050,1.0000,0.0000,False,False,False
33051,1.0000,0.0000,False,False,False
33052,1.0000,0.0000,False,False,False
33053,0.0000,1.0000,False,False,False
33054,1.0000,0.0000,False,False,False
33055,1.0000,0.0000,False,False,False
33056,1.0000,0.0000,False,False,False
33057,1.0000,0.0000,False,False,False
33058,1.0000,0.0000,False,False,False
33059,1.0000,0.0000,False,False,False
33060,0.0000,1.0000,False,False,False
33061,1.0000,0.0000,False,False,False
33062,0.0000,1.0000,False,False,False
33063,1.0000,0.0000,False,False,False
33064,1.0000,0.0000,False,False,False
33065,1.0000,0.0000,False,False,False
33066,1.0000,0.0000,False,False,False
33067,1.0000,0.0000,False,False,False
33068,0.0000,1.0000,False,False,False
33069,1.0000,0.0000,False,False,False
33070,1.0000,0.0000,False,False,False
33071,1.0000,0.0000,False,False,False
33072,1.0000,0.0000,False,False,False
33073,1.0000,0.0000,False,False,False
33074,0.0000,1.0000,False,False,False
33075,1.0000,0.0000,False,False,False
33076,1.0000,0.0000,False,False,False
33077,1.0000,0.0000,False,False,False
33078,1.0000,0.0000,False,False,False
33079,0.0000,1.0000,False,False,False
33080,1.0000,0.0000,False,False,False
33081,1.0000,0.0000,False,False,False
33082,1.0000,0.0000,False,False,False
33083,1.0000,0.0000,False,False,False
33084,0.0000,1.0000,False,False,False
33085,1.0000,0.0000,False,False,False
33086,1.0000,0.0000,False,False,False
33087,1.0000,0.0000,False,False,False
33088,0.0000,1.0000,False,False,False
33089,1.0000,0.0000,False,False,False
33090,1.0000,0.0000,False,False,False
33091,0.0000,1.0000,False,False,False
33092,1.0000,0.0000,False,False,False
33093,1.0000,0.0000,False,False,False
33094,1.0000,0.0000,False,False,False
33095,1.0000,0.0000,False,False,False
33096,1.0000,0.0000,False,False,False
33097,1.0000,0.0000,False,False,False
33098,1.0000,0.0000,False,False,False
33099,1.0000,0.0000,False,False,False
33100,1.0000,0.0000,False,False,False
33101,1.0000,0.0000,False,False,False
33102,1.0000,0.0000,False,False,False
33103,1.0000,0.0000,False,False,False
33104,0.0000,1.0000,False,False,False
33105,1.0000,0.0000,False,False,False
33106,1.0000,0.0000,False,False,False
33107,1.0000,0.0000,False,False,False
33108,1.0000,0.0000,False,False,False
33109,1.0000,0.0000,False,False,False
33110,1.0000,0.0000,False,False,False
33111,0.0000,1.0000,False,False,False
33112,1.0000,0.0000,False,False,False
33113,1.0000,0.0000,False,False,False
33114,1.0000,0.0000,False,False,False
33115,0.0000,1.0000,False,False,False
33116,0.0000,1.0000,False,False,False
33117,1.0000,0.0000,False,False,False
33118,1.0000,0.0000,False,False,False
33119,1.0000,0.0000,False,False,False
33120,1.0000,0.0000,False,False,False
33121,1.0000,0.0000,False,False,False
33122,1.0000,0.0000,False,False,False
33123,1.0000,0.0000,False,False,False
33124,1.0000,0.0000,False,False,False
33125,1.0000,0.0000,False,False,False
33126,1.0000,0.0000,False,False,False
33127,1.0000,0.0000,False,False,False
33128,0.0000,1.0000,False,False,False
33129,1.0000,0.0000,False,False,False
33130,0.0000,1.0000,False,False,False
33131,1.0000,0.0000,False,False,False
33132,0.0000,1.0000,False,False,False
33133,1.0000,0.0000,False,False,False
33134,1.0000,0.0000,False,False,False
33135,0.0000,1.0000,False,False,False
33136,1.0000,0.0000,False,False,False
33137,0.0000,1.0000,False,False,False
33138,1.0000,0.0000,False,False,False
33139,1.0000,0.0000,False,False,False
33140,1.0000,0.0000,False,False,False
33141,1.0000,0.0000,False,False,False
33142,1.0000,0.0000,False,False,False
33143,1.0000,0.0000,False,False,False
33144,1.0000,0.0000,False,False,False
33145,1.0000,0.0000,False,False,False
33146,1.0000,0.0000,False,False,False
33147,1.0000,0.0000,False,False,False
33148,1.0000,0.0000,False,False,False
33149,1.0000,0.0000,False,False,False
33150,0.0000,1.0000,False,False,False
33151,1.0000,0.0000,False,False,False
33152,1.0000,0.0000,False,False,False
33153,1.0000,0.0000,False,False,False
33154,1.0000,0.0000,False,False,False
33155,1.0000,0.0000,False,False,False
33156,0.0000,1.0000,False,False,False
33157,1.0000,0.0000,False,False,False
33158,1.0000,0.0000,False,False,False
33159,1.0000,0.0000,False,False,False
33160,0.0000,1.0000,False,False,False
33161,1.0000,0.0000,False,False,False
33162,1.0000,0.0000,False,False,False
33163,1.0000,0.0000,False,False,False
33164,1.0000,0.0000,False,False,False
33165,1.0000,0.0000,False,False,False
33166,1.0000,0.0000,False,False,False
33167,1.0000,0.0000,False,False,False
33168,1.0000,0.0000,False,False,False
33169,1.0000,0.0000,False,False,False
33170,0.0000,1.0000,False,False,False
33171,1.0000,0.0000,False,False,False
33172,1.0000,0.0000,False,False,False
33173,0.0000,1.0000,False,False,False
33174,1.0000,0.0000,False,False,False
33175,1.0000,0.0000,False,False,False
33176,0.0000,1.0000,False,False,False
33177,1.0000,0.0000,False,False,False
33178,1.0000,0.0000,False,False,False
33179,1.0000,0.0000,False,False,False
33180,0.0000,1.0000,False,False,False
33181,0.0000,1.0000,False,False,False
33182,0.0000,1.0000,False,False,False
33183,1.0000,0.0000,False,False,False
33184,1.0000,0.0000,False,False,False
33185,1.0000,0.0000,False,False,False
33186,1.0000,0.0000,False,False,False
33187,1.0000,0.0000,False,False,False
33188,1.0000,0.0000,False,False,False
33189,1.0000,0.0000,False,False,False
33190,1.0000,0.0000,False,False,False
33191,1.0000,0.0000,False,False,False
33192,1.0000,0.0000,False,False,False
33193,1.0000,0.0000,False,False,False
33194,1.0000,0.0000,False,False,False
33195,1.0000,0.0000,False,False,False
33196,1.0000,0.0000,False,False,False
33197,1.0000,0.0000,False,False,False
33198,1.0000,0.0000,False,False,False
33199,1.0000,0.0000,False,False,False
33200,1.0000,0.0000,False,False,False
33201,0.0000,1.0000,False,False,False
33202,0.0000,1.0000,False,False,False
33203,1.0000,0.0000,False,False,False
33204,1.0000,0.0000,False,False,False
33205,1.0000,0.0000,False,False,False
33206,1.0000,0.0000,False,False,False
33207,0.0000,1.0000,False,False,False
33208,1.0000,0.0000,False,False,False
33209,1.0000,0.0000,False,False,False
33210,1.0000,0.0000,False,False,False
33211,1.0000,0.0000,False,False,False
33212,0.0000,1.0000,False,False,False
33213,1.0000,0.0000,False,False,False
33214,1.0000,0.0000,False,False,False
33215,1.0000,0.0000,False,False,False
33216,0.0000,1.0000,False,False,False
33217,1.0000,0.0000,False,False,False
33218,1.0000,0.0000,False,False,False
33219,0.0000,1.0000,False,False,False
33220,1.0000,0.0000,False,False,False
33221,1.0000,0.0000,False,False,False
33222,1.0000,0.0000,False,False,False
33223,1.0000,0.0000,False,False,False
33224,0.0000,1.0000,False,False,False
33225,1.0000,0.0000,False,False,False
33226,1.0000,0.0000,False,False,False
33227,1.0000,0.0000,False,False,False
33228,1.0000,0.0000,False,False,False
33229,0.0000,1.0000,False,False,False
33230,0.0000,1.0000,False,False,False
33231,0.0000,1.0000,False,False,False
33232,1.0000,0.0000,False,False,False
33233,0.0000,1.0000,False,False,False
33234,1.0000,0.0000,False,False,False
33235,1.0000,0.0000,False,False,False
33236,1.0000,0.0000,False,False,False
33237,0.0000,1.0000,False,False,False
33238,1.0000,0.0000,False,False,False
33239,1.0000,0.0000,False,False,False
33240,1.0000,0.0000,False,False,False
33241,1.0000,0.0000,False,False,False
33242,1.0000,0.0000,False,False,False
33243,1.0000,0.0000,False,False,False
33244,1.0000,0.0000,False,False,False
33245,1.0000,0.0000,False,False,False
33246,1.0000,0.0000,False,False,False
33247,1.0000,0.0000,False,False,False
33248,1.0000,0.0000,False,False,False
33249,1.0000,0.0000,False,False,False
33250,1.0000,0.0000,False,False,False
33251,1.0000,0.0000,False,False,False
33252,1.0000,0.0000,False,False,False
33253,1.0000,0.0000,False,False,False
33254,1.0000,0.0000,False,False,False
33255,0.0000,1.0000,False,False,False
33256,1.0000,0.0000,False,False,False
33257,1.0000,0.0000,False,False,False
33258,0.0000,1.0000,False,False,False
33259,1.0000,0.0000,False,False,False
33260,0.0000,1.0000,False,False,False
33261,1.0000,0.0000,False,False,False
33262,1.0000,0.0000,False,False,False
33263,1.0000,0.0000,False,False,False
33264,1.0000,0.0000,False,False,False
33265,1.0000,0.0000,False,False,False
33266,1.0000,0.0000,False,False,False
33267,1.0000,0.0000,False,False,False
33268,1.0000,0.0000,False,False,False
33269,1.0000,0.0000,False,False,False
33270,1.0000,0.0000,False,False,False
33271,1.0000,0.0000,False,False,False
33272,0.0000,1.0000,False,False,False
33273,1.0000,0.0000,False,False,False
33274,1.0000,0.0000,False,False,False
33275,1.0000,0.0000,False,False,False
33276,1.0000,0.0000,False,False,False
33277,1.0000,0.0000,False,False,False
33278,1.0000,0.0000,False,False,False
33279,1.0000,0.0000,False,False,False
33280,1.0000,0.0000,False,False,False
33281,1.0000,0.0000,False,False,False
33282,1.0000,0.0000,False,False,False
33283,1.0000,0.0000,False,False,False
33284,1.0000,0.0000,False,False,False
33285,1.0000,0.0000,False,False,False
33286,0.0000,1.0000,False,False,False
33287,1.0000,0.0000,False,False,False
33288,1.0000,0.0000,False,False,False
33289,1.0000,0.0000,False,False,False
33290,1.0000,0.0000,False,False,False
33291,1.0000,0.0000,False,False,False
33292,1.0000,0.0000,False,False,False
33293,1.0000,0.0000,False,False,False
33294,1.0000,0.0000,False,False,False
33295,1.0000,0.0000,False,False,False
33296,1.0000,0.0000,False,False,False
33297,1.0000,0.0000,False,False,False
33298,1.0000,0.0000,False,False,False
33299,0.0000,1.0000,False,False,False
33300,0.0000,1.0000,False,False,False
33301,1.0000,0.0000,False,False,False
33302,1.0000,0.0000,False,False,False
33303,1.0000,0.0000,False,False,False
33304,0.0000,1.0000,False,False,False
33305,1.0000,0.0000,False,False,False
33306,1.0000,0.0000,False,False,False
33307,0.0000,1.0000,False,False,False
33308,1.0000,0.0000,False,False,False
33309,1.0000,0.0000,False,False,False
33310,1.0000,0.0000,False,False,False
33311,1.0000,0.0000,False,False,False
33312,1.0000,0.0000,False,False,False
33313,1.0000,0.0000,False,False,False
33314,1.0000,0.0000,False,False,False
33315,1.0000,0.0000,False,False,False
33316,0.0000,1.0000,False,False,False
33317,1.0000,0.0000,False,False,False
33318,1.0000,0.0000,False,False,False
33319,1.0000,0.0000,False,False,False
33320,1.0000,0.0000,False,False,False
33321,0.0000,1.0000,False,False,False
33322,1.0000,0.0000,False,False,False
33323,0.0000,1.0000,False,False,False
33324,1.0000,0.0000,False,False,False
33325,0.0000,1.0000,False,False,False
33326,1.0000,0.0000,False,False,False
33327,1.0000,0.0000,False,False,False
33328,1.0000,0.0000,False,False,False
33329,1.0000,0.0000,False,False,False
33330,1.0000,0.0000,False,False,False
33331,0.0000,1.0000,False,False,False
33332,1.0000,0.0000,False,False,False
33333,1.0000,0.0000,False,False,False
33334,1.0000,0.0000,False,False,False
33335,1.0000,0.0000,False,False,False
33336,1.0000,0.0000,False,False,False
33337,0.0000,1.0000,False,False,False
33338,1.0000,0.0000,False,False,False
33339,1.0000,0.0000,False,False,False
33340,1.0000,0.0000,False,False,False
33341,0.0000,1.0000,False,False,False
33342,1.0000,0.0000,False,False,False
33343,1.0000,0.0000,False,False,False
33344,0.0000,1.0000,False,False,False
33345,1.0000,0.0000,False,False,False
33346,0.0000,1.0000,False,False,False
33347,0.0000,1.0000,False,False,False
33348,0.0000,1.0000,False,False,False
33349,1.0000,0.0000,False,False,False
33350,1.0000,0.0000,False,False,False
33351,1.0000,0.0000,False,False,False
33352,1.0000,0.0000,False,False,False
33353,0.0000,1.0000,False,False,False
33354,1.0000,0.0000,False,False,False
33355,1.0000,0.0000,False,False,False
33356,1.0000,0.0000,False,False,False
33357,1.0000,0.0000,False,False,False
33358,1.0000,0.0000,False,False,False
33359,1.0000,0.0000,False,False,False
33360,1.0000,0.0000,False,False,False
33361,0.0000,1.0000,False,False,False
33362,1.0000,0.0000,False,False,False
33363,1.0000,0.0000,False,False,False
33364,0.0000,1.0000,False,False,False
33365,1.0000,0.0000,False,False,False
33366,1.0000,0.0000,False,False,False
33367,1.0000,0.0000,False,False,False
33368,0.0000,1.0000,False,False,False
33369,1.0000,0.0000,False,False,False
33370,1.0000,0.0000,False,False,False
33371,0.0000,1.0000,False,False,False
33372,1.0000,0.0000,False,False,False
33373,0.0000,1.0000,False,False,False
33374,1.0000,0.0000,False,False,False
33375,0.0000,1.0000,False,False,False
33376,1.0000,0.0000,False,False,False
33377,1.0000,0.0000,False,False,False
33378,0.0000,1.0000,False,False,False
33379,0.0000,1.0000,False,False,False
33380,1.0000,0.0000,False,False,False
33381,0.0000,1.0000,False,False,False
33382,0.0000,1.0000,False,False,False
33383,1.0000,0.0000,False,False,False
33384,1.0000,0.0000,False,False,False
33385,1.0000,0.0000,False,False,False
33386,1.0000,0.0000,False,False,False
33387,1.0000,0.0000,False,False,False
33388,0.0000,1.0000,False,False,False
33389,1.0000,0.0000,False,False,False
33390,1.0000,0.0000,False,False,False
33391,1.0000,0.0000,False,False,False
33392,1.0000,0.0000,False,False,False
33393,1.0000,0.0000,False,False,False
33394,1.0000,0.0000,False,False,False
33395,1.0000,0.0000,False,False,False
33396,1.0000,0.0000,False,False,False
33397,0.0000,1.0000,False,False,False
33398,1.0000,0.0000,False,False,False
33399,1.0000,0.0000,False,False,False
33400,1.0000,0.0000,False,False,False
33401,1.0000,0.0000,False,False,False
33402,1.0000,0.0000,False,False,False
33403,0.0000,1.0000,False,False,False
33404,1.0000,0.0000,False,False,False
33405,1.0000,0.0000,False,False,False
33406,1.0000,0.0000,False,False,False
33407,1.0000,0.0000,False,False,False
33408,1.0000,0.0000,False,False,False
33409,0.0000,1.0000,False,False,False
33410,1.0000,0.0000,False,False,False
33411,1.0000,0.0000,False,False,False
33412,1.0000,0.0000,False,False,False
33413,1.0000,0.0000,False,False,False
33414,0.0000,1.0000,False,False,False
33415,1.0000,0.0000,False,False,False
33416,1.0000,0.0000,False,False,False
33417,0.0000,1.0000,False,False,False
33418,1.0000,0.0000,False,False,False
33419,1.0000,0.0000,False,False,False
33420,1.0000,0.0000,False,False,False
33421,1.0000,0.0000,False,False,False
33422,1.0000,0.0000,False,False,False
33423,0.0000,1.0000,False,False,False
33424,1.0000,0.0000,False,False,False
33425,1.0000,0.0000,False,False,False
33426,0.0000,1.0000,False,False,False
33427,1.0000,0.0000,False,False,False
33428,0.0000,1.0000,False,False,False
33429,0.0000,1.0000,False,False,False
33430,1.0000,0.0000,False,False,False
33431,0.0000,1.0000,False,False,False
33432,1.0000,0.0000,False,False,False
33433,1.0000,0.0000,False,False,False
33434,1.0000,0.0000,False,False,False
33435,1.0000,0.0000,False,False,False
33436,1.0000,0.0000,False,False,False
33437,1.0000,0.0000,False,False,False
33438,1.0000,0.0000,False,False,False
33439,1.0000,0.0000,False,False,False
33440,0.0000,1.0000,False,False,False
33441,1.0000,0.0000,False,False,False
33442,1.0000,0.0000,False,False,False
33443,1.0000,0.0000,False,False,False
33444,1.0000,0.0000,False,False,False
33445,1.0000,0.0000,False,False,False
33446,0.0000,1.0000,False,False,False
33447,1.0000,0.0000,False,False,False
33448,1.0000,0.0000,False,False,False
33449,1.0000,0.0000,False,False,False
33450,1.0000,0.0000,False,False,False
33451,1.0000,0.0000,False,False,False
33452,0.0000,1.0000,False,False,False
33453,0.0000,1.0000,False,False,False
33454,1.0000,0.0000,False,False,False
33455,1.0000,0.0000,False,False,False
33456,1.0000,0.0000,False,False,False
33457,1.0000,0.0000,False,False,False
33458,1.0000,0.0000,False,False,False
33459,1.0000,0.0000,False,False,False
33460,0.0000,1.0000,False,False,False
33461,1.0000,0.0000,False,False,False
33462,1.0000,0.0000,False,False,False
33463,1.0000,0.0000,False,False,False
33464,0.0000,1.0000,False,False,False
33465,1.0000,0.0000,False,False,False
33466,1.0000,0.0000,False,False,False
33467,1.0000,0.0000,False,False,False
33468,1.0000,0.0000,False,False,False
33469,0.0000,1.0000,False,False,False
33470,1.0000,0.0000,False,False,False
33471,1.0000,0.0000,False,False,False
33472,0.0000,1.0000,False,False,False
33473,1.0000,0.0000,False,False,False
33474,0.0000,1.0000,False,False,False
33475,1.0000,0.0000,False,False,False
33476,1.0000,0.0000,False,False,False
33477,1.0000,0.0000,False,False,False
33478,0.0000,1.0000,False,False,False
33479,1.0000,0.0000,False,False,False
33480,1.0000,0.0000,False,False,False
33481,1.0000,0.0000,False,False,False
33482,1.0000,0.0000,False,False,False
33483,1.0000,0.0000,False,False,False
33484,0.0000,1.0000,False,False,False
33485,1.0000,0.0000,False,False,False
33486,1.0000,0.0000,False,False,False
33487,1.0000,0.0000,False,False,False
33488,1.0000,0.0000,False,False,False
33489,1.0000,0.0000,False,False,False
33490,0.0000,1.0000,False,False,False
33491,1.0000,0.0000,False,False,False
33492,1.0000,0.0000,False,False,False
33493,1.0000,0.0000,False,False,False
33494,1.0000,0.0000,False,False,False
33495,1.0000,0.0000,False,False,False
33496,1.0000,0.0000,False,False,False
33497,1.0000,0.0000,False,False,False
33498,1.0000,0.0000,False,False,False
33499,0.0000,1.0000,False,False,False
33500,1.0000,0.0000,False,False,False
33501,1.0000,0.0000,False,False,False
33502,1.0000,0.0000,False,False,False
33503,1.0000,0.0000,False,False,False
33504,1.0000,0.0000,False,False,False
33505,0.0000,1.0000,False,False,False
33506,1.0000,0.0000,False,False,False
33507,1.0000,0.0000,False,False,False
33508,1.0000,0.0000,False,False,False
33509,1.0000,0.0000,False,False,False
33510,1.0000,0.0000,False,False,False
33511,1.0000,0.0000,False,False,False
33512,1.0000,0.0000,False,False,False
33513,1.0000,0.0000,False,False,False
33514,1.0000,0.0000,False,False,False
33515,0.0000,1.0000,False,False,False
33516,1.0000,0.0000,False,False,False
33517,0.0000,1.0000,False,False,False
33518,1.0000,0.0000,False,False,False
33519,1.0000,0.0000,False,False,False
33520,1.0000,0.0000,False,False,False
33521,1.0000,0.0000,False,False,False
33522,1.0000,0.0000,False,False,False
33523,0.0000,1.0000,False,False,False
33524,1.0000,0.0000,False,False,False
33525,1.0000,0.0000,False,False,False
33526,1.0000,0.0000,False,False,False
33527,0.0000,1.0000,False,False,False
33528,1.0000,0.0000,False,False,False
33529,1.0000,0.0000,False,False,False
33530,0.0000,1.0000,False,False,False
33531,1.0000,0.0000,False,False,False
33532,1.0000,0.0000,False,False,False
33533,1.0000,0.0000,False,False,False
33534,1.0000,0.0000,False,False,False
33535,0.0000,1.0000,False,False,False
33536,0.0000,1.0000,False,False,False
33537,1.0000,0.0000,False,False,False
33538,1.0000,0.0000,False,False,False
33539,1.0000,0.0000,False,False,False
33540,1.0000,0.0000,False,False,False
33541,1.0000,0.0000,False,False,False
33542,0.0000,1.0000,False,False,False
33543,1.0000,0.0000,False,False,False
33544,1.0000,0.0000,False,False,False
33545,1.0000,0.0000,False,False,False
33546,1.0000,0.0000,False,False,False
33547,0.0000,1.0000,False,False,False
33548,0.0000,1.0000,False,False,False
33549,1.0000,0.0000,False,False,False
33550,1.0000,0.0000,False,False,False
33551,1.0000,0.0000,False,False,False
33552,1.0000,0.0000,False,False,False
33553,0.0000,1.0000,False,False,False
33554,0.0000,1.0000,False,False,False
33555,0.0000,1.0000,False,False,False
33556,1.0000,0.0000,False,False,False
33557,1.0000,0.0000,False,False,False
33558,1.0000,0.0000,False,False,False
33559,0.0000,1.0000,False,False,False
33560,0.0000,1.0000,False,False,False
33561,1.0000,0.0000,False,False,False
33562,1.0000,0.0000,False,False,False
33563,1.0000,0.0000,False,False,False
33564,1.0000,0.0000,False,False,False
33565,0.0000,1.0000,False,False,False
33566,0.0000,1.0000,False,False,False
33567,1.0000,0.0000,False,False,False
33568,1.0000,0.0000,False,False,False
33569,1.0000,0.0000,False,False,False
33570,1.0000,0.0000,False,False,False
33571,1.0000,0.0000,False,False,False
33572,1.0000,0.0000,False,False,False
33573,1.0000,0.0000,False,False,False
33574,1.0000,0.0000,False,False,False
33575,1.0000,0.0000,False,False,False
33576,1.0000,0.0000,False,False,False
33577,1.0000,0.0000,False,False,False
33578,0.0000,1.0000,False,False,False
33579,0.0000,1.0000,False,False,False
33580,0.0000,1.0000,False,False,False
33581,0.0000,1.0000,False,False,False
33582,1.0000,0.0000,False,False,False
33583,1.0000,0.0000,False,False,False
33584,1.0000,0.0000,False,False,False
33585,1.0000,0.0000,False,False,False
33586,0.0000,1.0000,False,False,False
33587,1.0000,0.0000,False,False,False
33588,1.0000,0.0000,False,False,False
33589,1.0000,0.0000,False,False,False
33590,1.0000,0.0000,False,False,False
33591,1.0000,0.0000,False,False,False
33592,1.0000,0.0000,False,False,False
33593,1.0000,0.0000,False,False,False
33594,1.0000,0.0000,False,False,False
33595,1.0000,0.0000,False,False,False
33596,1.0000,0.0000,False,False,False
33597,1.0000,0.0000,False,False,False
33598,0.0000,1.0000,False,False,False
33599,0.0000,1.0000,False,False,False
33600,1.0000,0.0000,False,False,False
33601,0.0000,1.0000,False,False,False
33602,0.0000,1.0000,False,False,False
33603,1.0000,0.0000,False,False,False
33604,0.0000,1.0000,False,False,False
33605,0.0000,1.0000,False,False,False
33606,1.0000,0.0000,False,False,False
33607,1.0000,0.0000,False,False,False
33608,1.0000,0.0000,False,False,False
33609,1.0000,0.0000,False,False,False
33610,0.0000,1.0000,False,False,False
33611,1.0000,0.0000,False,False,False
33612,1.0000,0.0000,False,False,False
33613,1.0000,0.0000,False,False,False
33614,0.0000,1.0000,False,False,False
33615,1.0000,0.0000,False,False,False
33616,0.0000,1.0000,False,False,False
33617,1.0000,0.0000,False,False,False
33618,0.0000,1.0000,False,False,False
33619,0.0000,1.0000,False,False,False
33620,1.0000,0.0000,False,False,False
33621,1.0000,0.0000,False,False,False
33622,1.0000,0.0000,False,False,False
33623,1.0000,0.0000,False,False,False
33624,1.0000,0.0000,False,False,False
33625,1.0000,0.0000,False,False,False
33626,1.0000,0.0000,False,False,False
33627,0.0000,1.0000,False,False,False
33628,1.0000,0.0000,False,False,False
33629,0.0000,1.0000,False,False,False
33630,0.0000,1.0000,False,False,False
33631,1.0000,0.0000,False,False,False
33632,1.0000,0.0000,False,False,False
33633,1.0000,0.0000,False,False,False
33634,0.0000,1.0000,False,False,False
33635,1.0000,0.0000,False,False,False
33636,0.0000,1.0000,False,False,False
33637,0.0000,1.0000,False,False,False
33638,1.0000,0.0000,False,False,False
33639,1.0000,0.0000,False,False,False
33640,0.0000,1.0000,False,False,False
33641,1.0000,0.0000,False,False,False
33642,1.0000,0.0000,False,False,False
33643,0.0000,1.0000,False,False,False
33644,1.0000,0.0000,False,False,False
33645,1.0000,0.0000,False,False,False
33646,1.0000,0.0000,False,False,False
33647,1.0000,0.0000,False,False,False
33648,1.0000,0.0000,False,False,False
33649,1.0000,0.0000,False,False,False
33650,1.0000,0.0000,False,False,False
33651,1.0000,0.0000,False,False,False
33652,1.0000,0.0000,False,False,False
33653,1.0000,0.0000,False,False,False
33654,0.0000,1.0000,False,False,False
33655,1.0000,0.0000,False,False,False
33656,1.0000,0.0000,False,False,False
33657,1.0000,0.0000,False,False,False
33658,0.0000,1.0000,False,False,False
33659,1.0000,0.0000,False,False,False
33660,1.0000,0.0000,False,False,False
33661,1.0000,0.0000,False,False,False
33662,1.0000,0.0000,False,False,False
33663,1.0000,0.0000,False,False,False
33664,1.0000,0.0000,False,False,False
33665,1.0000,0.0000,False,False,False
33666,1.0000,0.0000,False,False,False
33667,1.0000,0.0000,False,False,False
33668,1.0000,0.0000,False,False,False
33669,1.0000,0.0000,False,False,False
33670,1.0000,0.0000,False,False,False
33671,1.0000,0.0000,False,False,False
33672,0.0000,1.0000,False,False,False
33673,1.0000,0.0000,False,False,False
33674,1.0000,0.0000,False,False,False
33675,1.0000,0.0000,False,False,False
33676,1.0000,0.0000,False,False,False
33677,0.0000,1.0000,False,False,False
33678,0.0000,1.0000,False,False,False
33679,1.0000,0.0000,False,False,False
33680,1.0000,0.0000,False,False,False
33681,1.0000,0.0000,False,False,False
33682,0.0000,1.0000,False,False,False
33683,0.0000,1.0000,False,False,False
33684,1.0000,0.0000,False,False,False
33685,1.0000,0.0000,False,False,False
33686,1.0000,0.0000,False,False,False
33687,1.0000,0.0000,False,False,False
33688,1.0000,0.0000,False,False,False
33689,0.0000,1.0000,False,False,False
33690,1.0000,0.0000,False,False,False
33691,0.0000,1.0000,False,False,False
33692,1.0000,0.0000,False,False,False
33693,1.0000,0.0000,False,False,False
33694,1.0000,0.0000,False,False,False
33695,0.0000,1.0000,False,False,False
33696,1.0000,0.0000,False,False,False
33697,1.0000,0.0000,False,False,False
33698,1.0000,0.0000,False,False,False
33699,1.0000,0.0000,False,False,False
33700,1.0000,0.0000,False,False,False
33701,1.0000,0.0000,False,False,False
33702,1.0000,0.0000,False,False,False
33703,1.0000,0.0000,False,False,False
33704,1.0000,0.0000,False,False,False
33705,0.0000,1.0000,False,False,False
33706,1.0000,0.0000,False,False,False
33707,0.0000,1.0000,False,False,False
33708,1.0000,0.0000,False,False,False
33709,1.0000,0.0000,False,False,False
33710,1.0000,0.0000,False,False,False
33711,1.0000,0.0000,False,False,False
33712,1.0000,0.0000,False,False,False
33713,1.0000,0.0000,False,False,False
33714,1.0000,0.0000,False,False,False
33715,1.0000,0.0000,False,False,False
33716,1.0000,0.0000,False,False,False
33717,1.0000,0.0000,False,False,False
33718,1.0000,0.0000,False,False,False
33719,1.0000,0.0000,False,False,False
33720,0.0000,1.0000,False,False,False
33721,1.0000,0.0000,False,False,False
33722,1.0000,0.0000,False,False,False
33723,1.0000,0.0000,False,False,False
33724,1.0000,0.0000,False,False,False
33725,1.0000,0.0000,False,False,False
33726,1.0000,0.0000,False,False,False
33727,1.0000,0.0000,False,False,False
33728,1.0000,0.0000,False,False,False
33729,1.0000,0.0000,False,False,False
33730,1.0000,0.0000,False,False,False
33731,1.0000,0.0000,False,False,False
33732,1.0000,0.0000,False,False,False
33733,1.0000,0.0000,False,False,False
33734,1.0000,0.0000,False,False,False
33735,0.0000,1.0000,False,False,False
33736,0.0000,1.0000,False,False,False
33737,0.0000,1.0000,False,False,False
33738,0.0000,1.0000,False,False,False
33739,0.0000,1.0000,False,False,False
33740,0.0000,1.0000,False,False,False
33741,1.0000,0.0000,False,False,False
33742,1.0000,0.0000,False,False,False
33743,0.0000,1.0000,False,False,False
33744,1.0000,0.0000,False,False,False
33745,0.0000,1.0000,False,False,False
33746,1.0000,0.0000,False,False,False
33747,1.0000,0.0000,False,False,False
33748,0.0000,1.0000,False,False,False
33749,0.0000,1.0000,False,False,False
33750,1.0000,0.0000,False,False,False
33751,1.0000,0.0000,False,False,False
33752,1.0000,0.0000,False,False,False
33753,1.0000,0.0000,False,False,False
33754,1.0000,0.0000,False,False,False
33755,1.0000,0.0000,False,False,False
33756,1.0000,0.0000,False,False,False
33757,1.0000,0.0000,False,False,False
33758,0.0000,1.0000,False,False,False
33759,1.0000,0.0000,False,False,False
33760,1.0000,0.0000,False,False,False
33761,1.0000,0.0000,False,False,False
33762,1.0000,0.0000,False,False,False
33763,1.0000,0.0000,False,False,False
33764,0.0000,1.0000,False,False,False
33765,0.0000,1.0000,False,False,False
33766,1.0000,0.0000,False,False,False
33767,1.0000,0.0000,False,False,False
33768,1.0000,0.0000,False,False,False
33769,0.0000,1.0000,False,False,False
33770,1.0000,0.0000,False,False,False
33771,1.0000,0.0000,False,False,False
33772,0.0000,1.0000,False,False,False
33773,1.0000,0.0000,False,False,False
33774,1.0000,0.0000,False,False,False
33775,0.0000,1.0000,False,False,False
33776,1.0000,0.0000,False,False,False
33777,1.0000,0.0000,False,False,False
33778,1.0000,0.0000,False,False,False
33779,1.0000,0.0000,False,False,False
33780,1.0000,0.0000,False,False,False
33781,1.0000,0.0000,False,False,False
33782,1.0000,0.0000,False,False,False
33783,1.0000,0.0000,False,False,False
33784,1.0000,0.0000,False,False,False
33785,0.0000,1.0000,False,False,False
33786,1.0000,0.0000,False,False,False
33787,1.0000,0.0000,False,False,False
33788,1.0000,0.0000,False,False,False
33789,1.0000,0.0000,False,False,False
33790,1.0000,0.0000,False,False,False
33791,1.0000,0.0000,False,False,False
33792,1.0000,0.0000,False,False,False
33793,1.0000,0.0000,False,False,False
33794,1.0000,0.0000,False,False,False
33795,1.0000,0.0000,False,False,False
33796,1.0000,0.0000,False,False,False
33797,1.0000,0.0000,False,False,False
33798,1.0000,0.0000,False,False,False
33799,1.0000,0.0000,False,False,False
33800,0.0000,1.0000,False,False,False
33801,1.0000,0.0000,False,False,False
33802,0.0000,1.0000,False,False,False
33803,1.0000,0.0000,False,False,False
33804,0.0000,1.0000,False,False,False
33805,1.0000,0.0000,False,False,False
33806,0.0000,1.0000,False,False,False
33807,1.0000,0.0000,False,False,False
33808,1.0000,0.0000,False,False,False
33809,1.0000,0.0000,False,False,False
33810,1.0000,0.0000,False,False,False
33811,1.0000,0.0000,False,False,False
33812,1.0000,0.0000,False,False,False
33813,1.0000,0.0000,False,False,False
33814,0.0000,1.0000,False,False,False
33815,1.0000,0.0000,False,False,False
33816,1.0000,0.0000,False,False,False
33817,1.0000,0.0000,False,False,False
33818,1.0000,0.0000,False,False,False
33819,1.0000,0.0000,False,False,False
33820,0.0000,1.0000,False,False,False
33821,1.0000,0.0000,False,False,False
33822,1.0000,0.0000,False,False,False
33823,1.0000,0.0000,False,False,False
33824,1.0000,0.0000,False,False,False
33825,0.0000,1.0000,False,False,False
33826,1.0000,0.0000,False,False,False
33827,1.0000,0.0000,False,False,False
33828,1.0000,0.0000,False,False,False
33829,0.0000,1.0000,False,False,False
33830,1.0000,0.0000,False,False,False
33831,1.0000,0.0000,False,False,False
33832,1.0000,0.0000,False,False,False
33833,1.0000,0.0000,False,False,False
33834,0.0000,1.0000,False,False,False
33835,1.0000,0.0000,False,False,False
33836,0.0000,1.0000,False,False,False
33837,1.0000,0.0000,False,False,False
33838,1.0000,0.0000,False,False,False
33839,0.0000,1.0000,False,False,False
33840,1.0000,0.0000,False,False,False
33841,1.0000,0.0000,False,False,False
33842,0.0000,1.0000,False,False,False
33843,1.0000,0.0000,False,False,False
33844,1.0000,0.0000,False,False,False
33845,0.0000,1.0000,False,False,False
33846,1.0000,0.0000,False,False,False
33847,1.0000,0.0000,False,False,False
33848,1.0000,0.0000,False,False,False
33849,0.0000,1.0000,False,False,False
33850,1.0000,0.0000,False,False,False
33851,1.0000,0.0000,False,False,False
33852,1.0000,0.0000,False,False,False
33853,1.0000,0.0000,False,False,False
33854,1.0000,0.0000,False,False,False
33855,1.0000,0.0000,False,False,False
33856,1.0000,0.0000,False,False,False
33857,1.0000,0.0000,False,False,False
33858,1.0000,0.0000,False,False,False
33859,0.0000,1.0000,False,False,False
33860,1.0000,0.0000,False,False,False
33861,0.0000,1.0000,False,False,False
33862,0.0000,1.0000,False,False,False
33863,1.0000,0.0000,False,False,False
33864,1.0000,0.0000,False,False,False
33865,1.0000,0.0000,False,False,False
33866,1.0000,0.0000,False,False,False
33867,1.0000,0.0000,False,False,False
33868,1.0000,0.0000,False,False,False
33869,1.0000,0.0000,False,False,False
33870,1.0000,0.0000,False,False,False
33871,1.0000,0.0000,False,False,False
33872,1.0000,0.0000,False,False,False
33873,1.0000,0.0000,False,False,False
33874,1.0000,0.0000,False,False,False
33875,0.0000,1.0000,False,False,False
33876,1.0000,0.0000,False,False,False
33877,1.0000,0.0000,False,False,False
33878,1.0000,0.0000,False,False,False
33879,0.0000,1.0000,False,False,False
33880,1.0000,0.0000,False,False,False
33881,1.0000,0.0000,False,False,False
33882,1.0000,0.0000,False,False,False
33883,1.0000,0.0000,False,False,False
33884,1.0000,0.0000,False,False,False
33885,1.0000,0.0000,False,False,False
33886,1.0000,0.0000,False,False,False
33887,0.0000,1.0000,False,False,False
33888,1.0000,0.0000,False,False,False
33889,1.0000,0.0000,False,False,False
33890,1.0000,0.0000,False,False,False
33891,0.0000,1.0000,False,False,False
33892,1.0000,0.0000,False,False,False
33893,1.0000,0.0000,False,False,False
33894,1.0000,0.0000,False,False,False
33895,1.0000,0.0000,False,False,False
33896,1.0000,0.0000,False,False,False
33897,0.0000,1.0000,False,False,False
33898,1.0000,0.0000,False,False,False
33899,1.0000,0.0000,False,False,False
33900,1.0000,0.0000,False,False,False
33901,0.0000,1.0000,False,False,False
33902,1.0000,0.0000,False,False,False
33903,1.0000,0.0000,False,False,False
33904,0.0000,1.0000,False,False,False
33905,0.0000,1.0000,False,False,False
33906,1.0000,0.0000,False,False,False
33907,1.0000,0.0000,False,False,False
33908,1.0000,0.0000,False,False,False
33909,1.0000,0.0000,False,False,False
33910,1.0000,0.0000,False,False,False
33911,1.0000,0.0000,False,False,False
33912,0.0000,1.0000,False,False,False
33913,0.0000,1.0000,False,False,False
33914,0.0000,1.0000,False,False,False
33915,1.0000,0.0000,False,False,False
33916,1.0000,0.0000,False,False,False
33917,1.0000,0.0000,False,False,False
33918,1.0000,0.0000,False,False,False
33919,1.0000,0.0000,False,False,False
33920,1.0000,0.0000,False,False,False
33921,1.0000,0.0000,False,False,False
33922,1.0000,0.0000,False,False,False
33923,1.0000,0.0000,False,False,False
33924,0.0000,1.0000,False,False,False
33925,1.0000,0.0000,False,False,False
33926,1.0000,0.0000,False,False,False
33927,1.0000,0.0000,False,False,False
33928,0.0000,1.0000,False,False,False
33929,1.0000,0.0000,False,False,False
33930,1.0000,0.0000,False,False,False
33931,1.0000,0.0000,False,False,False
33932,1.0000,0.0000,False,False,False
33933,1.0000,0.0000,False,False,False
33934,1.0000,0.0000,False,False,False
33935,1.0000,0.0000,False,False,False
33936,1.0000,0.0000,False,False,False
33937,0.0000,1.0000,False,False,False
33938,1.0000,0.0000,False,False,False
33939,0.0000,1.0000,False,False,False
33940,1.0000,0.0000,False,False,False
33941,1.0000,0.0000,False,False,False
33942,0.0000,1.0000,False,False,False
33943,1.0000,0.0000,False,False,False
33944,1.0000,0.0000,False,False,False
33945,1.0000,0.0000,False,False,False
33946,1.0000,0.0000,False,False,False
33947,1.0000,0.0000,False,False,False
33948,1.0000,0.0000,False,False,False
33949,1.0000,0.0000,False,False,False
33950,0.0000,1.0000,False,False,False
33951,1.0000,0.0000,False,False,False
33952,1.0000,0.0000,False,False,False
33953,0.0000,1.0000,False,False,False
33954,1.0000,0.0000,False,False,False
33955,1.0000,0.0000,False,False,False
33956,1.0000,0.0000,False,False,False
33957,0.0000,1.0000,False,False,False
33958,0.0000,1.0000,False,False,False
33959,1.0000,0.0000,False,False,False
33960,1.0000,0.0000,False,False,False
33961,1.0000,0.0000,False,False,False
33962,1.0000,0.0000,False,False,False
33963,1.0000,0.0000,False,False,False
33964,1.0000,0.0000,False,False,False
33965,0.0000,1.0000,False,False,False
33966,1.0000,0.0000,False,False,False
33967,0.0000,1.0000,False,False,False
33968,1.0000,0.0000,False,False,False
33969,1.0000,0.0000,False,False,False
33970,0.0000,1.0000,False,False,False
33971,1.0000,0.0000,False,False,False
33972,1.0000,0.0000,False,False,False
33973,0.0000,1.0000,False,False,False
33974,1.0000,0.0000,False,False,False
33975,1.0000,0.0000,False,False,False
33976,1.0000,0.0000,False,False,False
33977,1.0000,0.0000,False,False,False
33978,1.0000,0.0000,False,False,False
33979,1.0000,0.0000,False,False,False
33980,1.0000,0.0000,False,False,False
33981,0.0000,1.0000,False,False,False
33982,1.0000,0.0000,False,False,False
33983,1.0000,0.0000,False,False,False
33984,1.0000,0.0000,False,False,False
33985,0.0000,1.0000,False,False,False
33986,0.0000,1.0000,False,False,False
33987,1.0000,0.0000,False,False,False
33988,0.0000,1.0000,False,False,False
33989,0.0000,1.0000,False,False,False
33990,1.0000,0.0000,False,False,False
33991,1.0000,0.0000,False,False,False
33992,1.0000,0.0000,False,False,False
33993,1.0000,0.0000,False,False,False
33994,0.0000,1.0000,False,False,False
33995,1.0000,0.0000,False,False,False
33996,0.0000,1.0000,False,False,False
33997,1.0000,0.0000,False,False,False
33998,0.0000,1.0000,False,False,False
33999,1.0000,0.0000,False,False,False
34000,1.0000,0.0000,False,False,False
34001,1.0000,0.0000,False,False,False
34002,1.0000,0.0000,False,False,False
34003,1.0000,0.0000,False,False,False
34004,0.0000,1.0000,False,False,False
34005,1.0000,0.0000,False,False,False
34006,1.0000,0.0000,False,False,False
34007,0.0000,1.0000,False,False,False
34008,1.0000,0.0000,False,False,False
34009,1.0000,0.0000,False,False,False
34010,0.0000,1.0000,False,False,False
34011,0.0000,1.0000,False,False,False
34012,1.0000,0.0000,False,False,False
34013,1.0000,0.0000,False,False,False
34014,0.0000,1.0000,False,False,False
34015,0.0000,1.0000,False,False,False
34016,1.0000,0.0000,False,False,False
34017,1.0000,0.0000,False,False,False
34018,0.0000,1.0000,False,False,False
34019,1.0000,0.0000,False,False,False
34020,1.0000,0.0000,False,False,False
34021,1.0000,0.0000,False,False,False
34022,0.0000,1.0000,False,False,False
34023,1.0000,0.0000,False,False,False
34024,0.0000,1.0000,False,False,False
34025,1.0000,0.0000,False,False,False
34026,1.0000,0.0000,False,False,False
34027,1.0000,0.0000,False,False,False
34028,1.0000,0.0000,False,False,False
34029,1.0000,0.0000,False,False,False
34030,0.0000,1.0000,False,False,False
34031,1.0000,0.0000,False,False,False
34032,1.0000,0.0000,False,False,False
34033,0.0000,1.0000,False,False,False
34034,1.0000,0.0000,False,False,False
34035,1.0000,0.0000,False,False,False
34036,1.0000,0.0000,False,False,False
34037,1.0000,0.0000,False,False,False
34038,1.0000,0.0000,False,False,False
34039,1.0000,0.0000,False,False,False
34040,1.0000,0.0000,False,False,False
34041,0.0000,1.0000,False,False,False
34042,0.0000,1.0000,False,False,False
34043,1.0000,0.0000,False,False,False
34044,0.0000,1.0000,False,False,False
34045,0.0000,1.0000,False,False,False
34046,1.0000,0.0000,False,False,False
34047,0.0000,1.0000,False,False,False
34048,1.0000,0.0000,False,False,False
34049,0.0000,1.0000,False,False,False
34050,0.0000,1.0000,False,False,False
34051,1.0000,0.0000,False,False,False
34052,1.0000,0.0000,False,False,False
34053,0.0000,1.0000,False,False,False
34054,1.0000,0.0000,False,False,False
34055,0.0000,1.0000,False,False,False
34056,1.0000,0.0000,False,False,False
34057,1.0000,0.0000,False,False,False
34058,1.0000,0.0000,False,False,False
34059,1.0000,0.0000,False,False,False
34060,1.0000,0.0000,False,False,False
34061,1.0000,0.0000,False,False,False
34062,1.0000,0.0000,False,False,False
34063,1.0000,0.0000,False,False,False
34064,1.0000,0.0000,False,False,False
34065,1.0000,0.0000,False,False,False
34066,0.0000,1.0000,False,False,False
34067,1.0000,0.0000,False,False,False
34068,1.0000,0.0000,False,False,False
34069,1.0000,0.0000,False,False,False
34070,1.0000,0.0000,False,False,False
34071,1.0000,0.0000,False,False,False
34072,1.0000,0.0000,False,False,False
34073,1.0000,0.0000,False,False,False
34074,1.0000,0.0000,False,False,False
34075,1.0000,0.0000,False,False,False
34076,1.0000,0.0000,False,False,False
34077,0.0000,1.0000,False,False,False
34078,1.0000,0.0000,False,False,False
34079,0.0000,1.0000,False,False,False
34080,1.0000,0.0000,False,False,False
34081,0.0000,1.0000,False,False,False
34082,1.0000,0.0000,False,False,False
34083,1.0000,0.0000,False,False,False
34084,0.0000,1.0000,False,False,False
34085,1.0000,0.0000,False,False,False
34086,1.0000,0.0000,False,False,False
34087,1.0000,0.0000,False,False,False
34088,1.0000,0.0000,False,False,False
34089,1.0000,0.0000,False,False,False
34090,1.0000,0.0000,False,False,False
34091,0.0000,1.0000,False,False,False
34092,1.0000,0.0000,False,False,False
34093,1.0000,0.0000,False,False,False
34094,1.0000,0.0000,False,False,False
34095,0.0000,1.0000,False,False,False
34096,1.0000,0.0000,False,False,False
34097,1.0000,0.0000,False,False,False
34098,1.0000,0.0000,False,False,False
34099,1.0000,0.0000,False,False,False
34100,1.0000,0.0000,False,False,False
34101,0.0000,1.0000,False,False,False
34102,1.0000,0.0000,False,False,False
34103,1.0000,0.0000,False,False,False
34104,1.0000,0.0000,False,False,False
34105,0.0000,1.0000,False,False,False
34106,1.0000,0.0000,False,False,False
34107,1.0000,0.0000,False,False,False
34108,1.0000,0.0000,False,False,False
34109,1.0000,0.0000,False,False,False
34110,1.0000,0.0000,False,False,False
34111,1.0000,0.0000,False,False,False
34112,1.0000,0.0000,False,False,False
34113,1.0000,0.0000,False,False,False
34114,1.0000,0.0000,False,False,False
34115,1.0000,0.0000,False,False,False
34116,1.0000,0.0000,False,False,False
34117,1.0000,0.0000,False,False,False
34118,1.0000,0.0000,False,False,False
34119,1.0000,0.0000,False,False,False
34120,1.0000,0.0000,False,False,False
34121,0.0000,1.0000,False,False,False
34122,0.0000,1.0000,False,False,False
34123,0.0000,1.0000,False,False,False
34124,1.0000,0.0000,False,False,False
34125,0.0000,1.0000,False,False,False
34126,1.0000,0.0000,False,False,False
34127,1.0000,0.0000,False,False,False
34128,1.0000,0.0000,False,False,False
34129,1.0000,0.0000,False,False,False
34130,1.0000,0.0000,False,False,False
34131,1.0000,0.0000,False,False,False
34132,1.0000,0.0000,False,False,False
34133,0.0000,1.0000,False,False,False
34134,1.0000,0.0000,False,False,False
34135,1.0000,0.0000,False,False,False
34136,1.0000,0.0000,False,False,False
34137,1.0000,0.0000,False,False,False
34138,1.0000,0.0000,False,False,False
34139,1.0000,0.0000,False,False,False
34140,1.0000,0.0000,False,False,False
34141,1.0000,0.0000,False,False,False
34142,0.0000,1.0000,False,False,False
34143,1.0000,0.0000,False,False,False
34144,1.0000,0.0000,False,False,False
34145,1.0000,0.0000,False,False,False
34146,1.0000,0.0000,False,False,False
34147,1.0000,0.0000,False,False,False
34148,1.0000,0.0000,False,False,False
34149,0.0000,1.0000,False,False,False
34150,1.0000,0.0000,False,False,False
34151,1.0000,0.0000,False,False,False
34152,1.0000,0.0000,False,False,False
34153,0.0000,1.0000,False,False,False
34154,1.0000,0.0000,False,False,False
34155,0.0000,1.0000,False,False,False
34156,1.0000,0.0000,False,False,False
34157,1.0000,0.0000,False,False,False
34158,1.0000,0.0000,False,False,False
34159,1.0000,0.0000,False,False,False
34160,1.0000,0.0000,False,False,False
34161,1.0000,0.0000,False,False,False
34162,1.0000,0.0000,False,False,False
34163,1.0000,0.0000,False,False,False
34164,1.0000,0.0000,False,False,False
34165,1.0000,0.0000,False,False,False
34166,0.0000,1.0000,False,False,False
34167,1.0000,0.0000,False,False,False
34168,0.0000,1.0000,False,False,False
34169,1.0000,0.0000,False,False,False
34170,0.0000,1.0000,False,False,False
34171,1.0000,0.0000,False,False,False
34172,1.0000,0.0000,False,False,False
34173,1.0000,0.0000,False,False,False
34174,1.0000,0.0000,False,False,False
34175,0.0000,1.0000,False,False,False
34176,1.0000,0.0000,False,False,False
34177,1.0000,0.0000,False,False,False
34178,1.0000,0.0000,False,False,False
34179,1.0000,0.0000,False,False,False
34180,1.0000,0.0000,False,False,False
34181,1.0000,0.0000,False,False,False
34182,1.0000,0.0000,False,False,False
34183,1.0000,0.0000,False,False,False
34184,1.0000,0.0000,False,False,False
34185,1.0000,0.0000,False,False,False
34186,1.0000,0.0000,False,False,False
34187,1.0000,0.0000,False,False,False
34188,1.0000,0.0000,False,False,False
34189,1.0000,0.0000,False,False,False
34190,1.0000,0.0000,False,False,False
34191,0.0000,1.0000,False,False,False
34192,1.0000,0.0000,False,False,False
34193,1.0000,0.0000,False,False,False
34194,1.0000,0.0000,False,False,False
34195,0.0000,1.0000,False,False,False
34196,1.0000,0.0000,False,False,False
34197,1.0000,0.0000,False,False,False
34198,1.0000,0.0000,False,False,False
34199,1.0000,0.0000,False,False,False
34200,0.0000,1.0000,False,False,False
34201,0.0000,1.0000,False,False,False
34202,1.0000,0.0000,False,False,False
34203,1.0000,0.0000,False,False,False
34204,1.0000,0.0000,False,False,False
34205,0.0000,1.0000,False,False,False
34206,1.0000,0.0000,False,False,False
34207,1.0000,0.0000,False,False,False
34208,1.0000,0.0000,False,False,False
34209,0.0000,1.0000,False,False,False
34210,1.0000,0.0000,False,False,False
34211,0.0000,1.0000,False,False,False
34212,1.0000,0.0000,False,False,False
34213,0.0000,1.0000,False,False,False
34214,1.0000,0.0000,False,False,False
34215,0.0000,1.0000,False,False,False
34216,1.0000,0.0000,False,False,False
34217,1.0000,0.0000,False,False,False
34218,0.0000,1.0000,False,False,False
34219,1.0000,0.0000,False,False,False
34220,1.0000,0.0000,False,False,False
34221,1.0000,0.0000,False,False,False
34222,1.0000,0.0000,False,False,False
34223,1.0000,0.0000,False,False,False
34224,0.0000,1.0000,False,False,False
34225,1.0000,0.0000,False,False,False
34226,1.0000,0.0000,False,False,False
34227,1.0000,0.0000,False,False,False
34228,1.0000,0.0000,False,False,False
34229,1.0000,0.0000,False,False,False
34230,1.0000,0.0000,False,False,False
34231,1.0000,0.0000,False,False,False
34232,1.0000,0.0000,False,False,False
34233,1.0000,0.0000,False,False,False
34234,1.0000,0.0000,False,False,False
34235,1.0000,0.0000,False,False,False
34236,1.0000,0.0000,False,False,False
34237,0.0000,1.0000,False,False,False
34238,0.0000,1.0000,False,False,False
34239,1.0000,0.0000,False,False,False
34240,0.0000,1.0000,False,False,False
34241,1.0000,0.0000,False,False,False
34242,1.0000,0.0000,False,False,False
34243,1.0000,0.0000,False,False,False
34244,0.0000,1.0000,False,False,False
34245,1.0000,0.0000,False,False,False
34246,0.0000,1.0000,False,False,False
34247,1.0000,0.0000,False,False,False
34248,0.0000,1.0000,False,False,False
34249,1.0000,0.0000,False,False,False
34250,0.0000,1.0000,False,False,False
34251,1.0000,0.0000,False,False,False
34252,1.0000,0.0000,False,False,False
34253,1.0000,0.0000,False,False,False
34254,0.0000,1.0000,False,False,False
34255,1.0000,0.0000,False,False,False
34256,1.0000,0.0000,False,False,False
34257,1.0000,0.0000,False,False,False
34258,1.0000,0.0000,False,False,False
34259,1.0000,0.0000,False,False,False
34260,1.0000,0.0000,False,False,False
34261,1.0000,0.0000,False,False,False
34262,1.0000,0.0000,False,False,False
34263,0.0000,1.0000,False,False,False
34264,1.0000,0.0000,False,False,False
34265,1.0000,0.0000,False,False,False
34266,1.0000,0.0000,False,False,False
34267,0.0000,1.0000,False,False,False
34268,1.0000,0.0000,False,False,False
34269,1.0000,0.0000,False,False,False
34270,0.0000,1.0000,False,False,False
34271,1.0000,0.0000,False,False,False
34272,0.0000,1.0000,False,False,False
34273,1.0000,0.0000,False,False,False
34274,0.0000,1.0000,False,False,False
34275,1.0000,0.0000,False,False,False
34276,1.0000,0.0000,False,False,False
34277,1.0000,0.0000,False,False,False
34278,1.0000,0.0000,False,False,False
34279,1.0000,0.0000,False,False,False
34280,1.0000,0.0000,False,False,False
34281,1.0000,0.0000,False,False,False
34282,1.0000,0.0000,False,False,False
34283,0.0000,1.0000,False,False,False
34284,1.0000,0.0000,False,False,False
34285,1.0000,0.0000,False,False,False
34286,1.0000,0.0000,False,False,False
34287,1.0000,0.0000,False,False,False
34288,1.0000,0.0000,False,False,False
34289,1.0000,0.0000,False,False,False
34290,1.0000,0.0000,False,False,False
34291,0.0000,1.0000,False,False,False
34292,1.0000,0.0000,False,False,False
34293,1.0000,0.0000,False,False,False
34294,1.0000,0.0000,False,False,False
34295,0.0000,1.0000,False,False,False
34296,1.0000,0.0000,False,False,False
34297,1.0000,0.0000,False,False,False
34298,1.0000,0.0000,False,False,False
34299,1.0000,0.0000,False,False,False
34300,1.0000,0.0000,False,False,False
34301,1.0000,0.0000,False,False,False
34302,0.0000,1.0000,False,False,False
34303,0.0000,1.0000,False,False,False
34304,1.0000,0.0000,False,False,False
34305,1.0000,0.0000,False,False,False
34306,0.0000,1.0000,False,False,False
34307,1.0000,0.0000,False,False,False
34308,1.0000,0.0000,False,False,False
34309,1.0000,0.0000,False,False,False
34310,1.0000,0.0000,False,False,False
34311,1.0000,0.0000,False,False,False
34312,1.0000,0.0000,False,False,False
34313,1.0000,0.0000,False,False,False
34314,1.0000,0.0000,False,False,False
34315,1.0000,0.0000,False,False,False
34316,1.0000,0.0000,False,False,False
34317,0.0000,1.0000,False,False,False
34318,0.0000,1.0000,False,False,False
34319,1.0000,0.0000,False,False,False
34320,1.0000,0.0000,False,False,False
34321,1.0000,0.0000,False,False,False
34322,1.0000,0.0000,False,False,False
34323,1.0000,0.0000,False,False,False
34324,1.0000,0.0000,False,False,False
34325,1.0000,0.0000,False,False,False
34326,0.0000,1.0000,False,False,False
34327,0.0000,1.0000,False,False,False
34328,1.0000,0.0000,False,False,False
34329,0.0000,1.0000,False,False,False
34330,0.0000,1.0000,False,False,False
34331,1.0000,0.0000,False,False,False
34332,0.0000,1.0000,False,False,False
34333,1.0000,0.0000,False,False,False
34334,0.0000,1.0000,False,False,False
34335,0.0000,1.0000,False,False,False
34336,1.0000,0.0000,False,False,False
34337,1.0000,0.0000,False,False,False
34338,1.0000,0.0000,False,False,False
34339,1.0000,0.0000,False,False,False
34340,1.0000,0.0000,False,False,False
34341,1.0000,0.0000,False,False,False
34342,1.0000,0.0000,False,False,False
34343,1.0000,0.0000,False,False,False
34344,0.0000,1.0000,False,False,False
34345,0.0000,1.0000,False,False,False
34346,0.0000,1.0000,False,False,False
34347,0.0000,1.0000,False,False,False
34348,1.0000,0.0000,False,False,False
34349,1.0000,0.0000,False,False,False
34350,1.0000,0.0000,False,False,False
34351,1.0000,0.0000,False,False,False
34352,1.0000,0.0000,False,False,False
34353,1.0000,0.0000,False,False,False
34354,1.0000,0.0000,False,False,False
34355,0.0000,1.0000,False,False,False
34356,0.0000,1.0000,False,False,False
34357,1.0000,0.0000,False,False,False
34358,1.0000,0.0000,False,False,False
34359,0.0000,1.0000,False,False,False
34360,1.0000,0.0000,False,False,False
34361,1.0000,0.0000,False,False,False
34362,0.0000,1.0000,False,False,False
34363,0.0000,1.0000,False,False,False
34364,1.0000,0.0000,False,False,False
34365,1.0000,0.0000,False,False,False
34366,1.0000,0.0000,False,False,False
34367,1.0000,0.0000,False,False,False
34368,1.0000,0.0000,False,False,False
34369,1.0000,0.0000,False,False,False
34370,1.0000,0.0000,False,False,False
34371,1.0000,0.0000,False,False,False
34372,1.0000,0.0000,False,False,False
34373,0.0000,1.0000,False,False,False
34374,1.0000,0.0000,False,False,False
34375,1.0000,0.0000,False,False,False
34376,1.0000,0.0000,False,False,False
34377,1.0000,0.0000,False,False,False
34378,1.0000,0.0000,False,False,False
34379,1.0000,0.0000,False,False,False
34380,1.0000,0.0000,False,False,False
34381,0.0000,1.0000,False,False,False
34382,0.0000,1.0000,False,False,False
34383,0.0000,1.0000,False,False,False
34384,1.0000,0.0000,False,False,False
34385,1.0000,0.0000,False,False,False
34386,1.0000,0.0000,False,False,False
34387,0.0000,1.0000,False,False,False
34388,0.0000,1.0000,False,False,False
34389,0.0000,1.0000,False,False,False
34390,1.0000,0.0000,False,False,False
34391,0.0000,1.0000,False,False,False
34392,1.0000,0.0000,False,False,False
34393,0.0000,1.0000,False,False,False
34394,1.0000,0.0000,False,False,False
34395,1.0000,0.0000,False,False,False
34396,1.0000,0.0000,False,False,False
34397,1.0000,0.0000,False,False,False
34398,1.0000,0.0000,False,False,False
34399,0.0000,1.0000,False,False,False
34400,1.0000,0.0000,False,False,False
34401,1.0000,0.0000,False,False,False
34402,1.0000,0.0000,False,False,False
34403,1.0000,0.0000,False,False,False
34404,1.0000,0.0000,False,False,False
34405,1.0000,0.0000,False,False,False
34406,1.0000,0.0000,False,False,False
34407,1.0000,0.0000,False,False,False
34408,1.0000,0.0000,False,False,False
34409,1.0000,0.0000,False,False,False
34410,1.0000,0.0000,False,False,False
34411,0.0000,1.0000,False,False,False
34412,1.0000,0.0000,False,False,False
34413,1.0000,0.0000,False,False,False
34414,1.0000,0.0000,False,False,False
34415,1.0000,0.0000,False,False,False
34416,1.0000,0.0000,False,False,False
34417,1.0000,0.0000,False,False,False
34418,1.0000,0.0000,False,False,False
34419,1.0000,0.0000,False,False,False
34420,0.0000,1.0000,False,False,False
34421,1.0000,0.0000,False,False,False
34422,1.0000,0.0000,False,False,False
34423,1.0000,0.0000,False,False,False
34424,0.0000,1.0000,False,False,False
34425,0.0000,1.0000,False,False,False
34426,1.0000,0.0000,False,False,False
34427,1.0000,0.0000,False,False,False
34428,0.0000,1.0000,False,False,False
34429,1.0000,0.0000,False,False,False
34430,1.0000,0.0000,False,False,False
34431,0.0000,1.0000,False,False,False
34432,1.0000,0.0000,False,False,False
34433,1.0000,0.0000,False,False,False
34434,0.0000,1.0000,False,False,False
34435,1.0000,0.0000,False,False,False
34436,0.0000,1.0000,False,False,False
34437,1.0000,0.0000,False,False,False
34438,1.0000,0.0000,False,False,False
34439,1.0000,0.0000,False,False,False
34440,1.0000,0.0000,False,False,False
34441,1.0000,0.0000,False,False,False
34442,1.0000,0.0000,False,False,False
34443,1.0000,0.0000,False,False,False
34444,1.0000,0.0000,False,False,False
34445,0.0000,1.0000,False,False,False
34446,0.0000,1.0000,False,False,False
34447,1.0000,0.0000,False,False,False
34448,1.0000,0.0000,False,False,False
34449,1.0000,0.0000,False,False,False
34450,1.0000,0.0000,False,False,False
34451,1.0000,0.0000,False,False,False
34452,1.0000,0.0000,False,False,False
34453,1.0000,0.0000,False,False,False
34454,1.0000,0.0000,False,False,False
34455,1.0000,0.0000,False,False,False
34456,1.0000,0.0000,False,False,False
34457,1.0000,0.0000,False,False,False
34458,1.0000,0.0000,False,False,False
34459,1.0000,0.0000,False,False,False
34460,1.0000,0.0000,False,False,False
34461,1.0000,0.0000,False,False,False
34462,0.0000,1.0000,False,False,False
34463,1.0000,0.0000,False,False,False
34464,1.0000,0.0000,False,False,False
34465,1.0000,0.0000,False,False,False
34466,1.0000,0.0000,False,False,False
34467,1.0000,0.0000,False,False,False
34468,1.0000,0.0000,False,False,False
34469,1.0000,0.0000,False,False,False
34470,1.0000,0.0000,False,False,False
34471,0.0000,1.0000,False,False,False
34472,0.0000,1.0000,False,False,False
34473,1.0000,0.0000,False,False,False
34474,1.0000,0.0000,False,False,False
34475,1.0000,0.0000,False,False,False
34476,1.0000,0.0000,False,False,False
34477,1.0000,0.0000,False,False,False
34478,1.0000,0.0000,False,False,False
34479,1.0000,0.0000,False,False,False
34480,1.0000,0.0000,False,False,False
34481,0.0000,1.0000,False,False,False
34482,1.0000,0.0000,False,False,False
34483,1.0000,0.0000,False,False,False
34484,1.0000,0.0000,False,False,False
34485,0.0000,1.0000,False,False,False
34486,1.0000,0.0000,False,False,False
34487,1.0000,0.0000,False,False,False
34488,0.0000,1.0000,False,False,False
34489,0.0000,1.0000,False,False,False
34490,1.0000,0.0000,False,False,False
34491,1.0000,0.0000,False,False,False
34492,0.0000,1.0000,False,False,False
34493,1.0000,0.0000,False,False,False
34494,1.0000,0.0000,False,False,False
34495,0.0000,1.0000,False,False,False
34496,0.0000,1.0000,False,False,False
34497,0.0000,1.0000,False,False,False
34498,0.0000,1.0000,False,False,False
34499,1.0000,0.0000,False,False,False
34500,0.0000,1.0000,False,False,False
34501,0.0000,1.0000,False,False,False
34502,1.0000,0.0000,False,False,False
34503,1.0000,0.0000,False,False,False
34504,1.0000,0.0000,False,False,False
34505,1.0000,0.0000,False,False,False
34506,1.0000,0.0000,False,False,False
34507,1.0000,0.0000,False,False,False
34508,1.0000,0.0000,False,False,False
34509,1.0000,0.0000,False,False,False
34510,0.0000,1.0000,False,False,False
34511,1.0000,0.0000,False,False,False
34512,0.0000,1.0000,False,False,False
34513,0.0000,1.0000,False,False,False
34514,0.0000,1.0000,False,False,False
34515,1.0000,0.0000,False,False,False
34516,1.0000,0.0000,False,False,False
34517,1.0000,0.0000,False,False,False
34518,0.0000,1.0000,False,False,False
34519,1.0000,0.0000,False,False,False
34520,1.0000,0.0000,False,False,False
34521,1.0000,0.0000,False,False,False
34522,1.0000,0.0000,False,False,False
34523,1.0000,0.0000,False,False,False
34524,1.0000,0.0000,False,False,False
34525,0.0000,1.0000,False,False,False
34526,1.0000,0.0000,False,False,False
34527,0.0000,1.0000,False,False,False
34528,1.0000,0.0000,False,False,False
34529,1.0000,0.0000,False,False,False
34530,1.0000,0.0000,False,False,False
34531,1.0000,0.0000,False,False,False
34532,1.0000,0.0000,False,False,False
34533,1.0000,0.0000,False,False,False
34534,1.0000,0.0000,False,False,False
34535,1.0000,0.0000,False,False,False
34536,1.0000,0.0000,False,False,False
34537,0.0000,1.0000,False,False,False
34538,1.0000,0.0000,False,False,False
34539,0.0000,1.0000,False,False,False
34540,0.0000,1.0000,False,False,False
34541,1.0000,0.0000,False,False,False
34542,1.0000,0.0000,False,False,False
34543,1.0000,0.0000,False,False,False
34544,1.0000,0.0000,False,False,False
34545,1.0000,0.0000,False,False,False
34546,1.0000,0.0000,False,False,False
34547,1.0000,0.0000,False,False,False
34548,1.0000,0.0000,False,False,False
34549,1.0000,0.0000,False,False,False
34550,1.0000,0.0000,False,False,False
34551,1.0000,0.0000,False,False,False
34552,1.0000,0.0000,False,False,False
34553,0.0000,1.0000,False,False,False
34554,0.0000,1.0000,False,False,False
34555,1.0000,0.0000,False,False,False
34556,1.0000,0.0000,False,False,False
34557,1.0000,0.0000,False,False,False
34558,1.0000,0.0000,False,False,False
34559,1.0000,0.0000,False,False,False
34560,1.0000,0.0000,False,False,False
34561,1.0000,0.0000,False,False,False
34562,1.0000,0.0000,False,False,False
34563,1.0000,0.0000,False,False,False
34564,1.0000,0.0000,False,False,False
34565,1.0000,0.0000,False,False,False
34566,1.0000,0.0000,False,False,False
34567,1.0000,0.0000,False,False,False
34568,1.0000,0.0000,False,False,False
34569,1.0000,0.0000,False,False,False
34570,1.0000,0.0000,False,False,False
34571,0.0000,1.0000,False,False,False
34572,1.0000,0.0000,False,False,False
34573,1.0000,0.0000,False,False,False
34574,1.0000,0.0000,False,False,False
34575,1.0000,0.0000,False,False,False
34576,1.0000,0.0000,False,False,False
34577,0.0000,1.0000,False,False,False
34578,1.0000,0.0000,False,False,False
34579,1.0000,0.0000,False,False,False
34580,0.0000,1.0000,False,False,False
34581,1.0000,0.0000,False,False,False
34582,1.0000,0.0000,False,False,False
34583,1.0000,0.0000,False,False,False
34584,0.0000,1.0000,False,False,False
34585,0.0000,1.0000,False,False,False
34586,1.0000,0.0000,False,False,False
34587,0.0000,1.0000,False,False,False
34588,0.0000,1.0000,False,False,False
34589,1.0000,0.0000,False,False,False
34590,1.0000,0.0000,False,False,False
34591,1.0000,0.0000,False,False,False
34592,1.0000,0.0000,False,False,False
34593,0.0000,1.0000,False,False,False
34594,0.0000,1.0000,False,False,False
34595,1.0000,0.0000,False,False,False
34596,1.0000,0.0000,False,False,False
34597,1.0000,0.0000,False,False,False
34598,0.0000,1.0000,False,False,False
34599,1.0000,0.0000,False,False,False
34600,1.0000,0.0000,False,False,False
34601,1.0000,0.0000,False,False,False
34602,1.0000,0.0000,False,False,False
34603,1.0000,0.0000,False,False,False
34604,1.0000,0.0000,False,False,False
34605,1.0000,0.0000,False,False,False
34606,1.0000,0.0000,False,False,False
34607,0.0000,1.0000,False,False,False
34608,1.0000,0.0000,False,False,False
34609,1.0000,0.0000,False,False,False
34610,1.0000,0.0000,False,False,False
34611,1.0000,0.0000,False,False,False
34612,0.0000,1.0000,False,False,False
34613,1.0000,0.0000,False,False,False
34614,1.0000,0.0000,False,False,False
34615,1.0000,0.0000,False,False,False
34616,1.0000,0.0000,False,False,False
34617,1.0000,0.0000,False,False,False
34618,1.0000,0.0000,False,False,False
34619,1.0000,0.0000,False,False,False
34620,1.0000,0.0000,False,False,False
34621,1.0000,0.0000,False,False,False
34622,1.0000,0.0000,False,False,False
34623,1.0000,0.0000,False,False,False
34624,1.0000,0.0000,False,False,False
34625,1.0000,0.0000,False,False,False
34626,1.0000,0.0000,False,False,False
34627,1.0000,0.0000,False,False,False
34628,1.0000,0.0000,False,False,False
34629,1.0000,0.0000,False,False,False
34630,1.0000,0.0000,False,False,False
34631,0.0000,1.0000,False,False,False
34632,1.0000,0.0000,False,False,False
34633,1.0000,0.0000,False,False,False
34634,1.0000,0.0000,False,False,False
34635,1.0000,0.0000,False,False,False
34636,1.0000,0.0000,False,False,False
34637,1.0000,0.0000,False,False,False
34638,1.0000,0.0000,False,False,False
34639,1.0000,0.0000,False,False,False
34640,1.0000,0.0000,False,False,False
34641,1.0000,0.0000,False,False,False
34642,1.0000,0.0000,False,False,False
34643,0.0000,1.0000,False,False,False
34644,1.0000,0.0000,False,False,False
34645,1.0000,0.0000,False,False,False
34646,1.0000,0.0000,False,False,False
34647,1.0000,0.0000,False,False,False
34648,0.0000,1.0000,False,False,False
34649,1.0000,0.0000,False,False,False
34650,0.0000,1.0000,False,False,False
34651,1.0000,0.0000,False,False,False
34652,1.0000,0.0000,False,False,False
34653,1.0000,0.0000,False,False,False
34654,0.0000,1.0000,False,False,False
34655,1.0000,0.0000,False,False,False
34656,1.0000,0.0000,False,False,False
34657,1.0000,0.0000,False,False,False
34658,0.0000,1.0000,False,False,False
34659,1.0000,0.0000,False,False,False
34660,1.0000,0.0000,False,False,False
34661,1.0000,0.0000,False,False,False
34662,1.0000,0.0000,False,False,False
34663,1.0000,0.0000,False,False,False
34664,1.0000,0.0000,False,False,False
34665,1.0000,0.0000,False,False,False
34666,1.0000,0.0000,False,False,False
34667,0.0000,1.0000,False,False,False
34668,1.0000,0.0000,False,False,False
34669,0.0000,1.0000,False,False,False
34670,0.0000,1.0000,False,False,False
34671,0.0000,1.0000,False,False,False
34672,1.0000,0.0000,False,False,False
34673,0.0000,1.0000,False,False,False
34674,0.0000,1.0000,False,False,False
34675,1.0000,0.0000,False,False,False
34676,1.0000,0.0000,False,False,False
34677,1.0000,0.0000,False,False,False
34678,1.0000,0.0000,False,False,False
34679,1.0000,0.0000,False,False,False
34680,1.0000,0.0000,False,False,False
34681,0.0000,1.0000,False,False,False
34682,1.0000,0.0000,False,False,False
34683,1.0000,0.0000,False,False,False
34684,1.0000,0.0000,False,False,False
34685,0.0000,1.0000,False,False,False
34686,1.0000,0.0000,False,False,False
34687,0.0000,1.0000,False,False,False
34688,1.0000,0.0000,False,False,False
34689,1.0000,0.0000,False,False,False
34690,1.0000,0.0000,False,False,False
34691,0.0000,1.0000,False,False,False
34692,1.0000,0.0000,False,False,False
34693,1.0000,0.0000,False,False,False
34694,0.0000,1.0000,False,False,False
34695,0.0000,1.0000,False,False,False
34696,1.0000,0.0000,False,False,False
34697,1.0000,0.0000,False,False,False
34698,1.0000,0.0000,False,False,False
34699,0.0000,1.0000,False,False,False
34700,1.0000,0.0000,False,False,False
34701,1.0000,0.0000,False,False,False
34702,0.0000,1.0000,False,False,False
34703,0.0000,1.0000,False,False,False
34704,0.0000,1.0000,False,False,False
34705,1.0000,0.0000,False,False,False
34706,0.0000,1.0000,False,False,False
34707,1.0000,0.0000,False,False,False
34708,1.0000,0.0000,False,False,False
34709,0.0000,1.0000,False,False,False
34710,0.0000,1.0000,False,False,False
34711,0.0000,1.0000,False,False,False
34712,0.0000,1.0000,False,False,False
34713,0.0000,1.0000,False,False,False
34714,1.0000,0.0000,False,False,False
34715,1.0000,0.0000,False,False,False
34716,0.0000,1.0000,False,False,False
34717,1.0000,0.0000,False,False,False
34718,0.0000,1.0000,False,False,False
34719,0.0000,1.0000,False,False,False
34720,0.0000,1.0000,False,False,False
34721,1.0000,0.0000,False,False,False
34722,1.0000,0.0000,False,False,False
34723,1.0000,0.0000,False,False,False
34724,1.0000,0.0000,False,False,False
34725,1.0000,0.0000,False,False,False
34726,1.0000,0.0000,False,False,False
34727,1.0000,0.0000,False,False,False
34728,0.0000,1.0000,False,False,False
34729,1.0000,0.0000,False,False,False
34730,0.0000,1.0000,False,False,False
34731,1.0000,0.0000,False,False,False
34732,1.0000,0.0000,False,False,False
34733,1.0000,0.0000,False,False,False
34734,1.0000,0.0000,False,False,False
34735,0.0000,1.0000,False,False,False
34736,1.0000,0.0000,False,False,False
34737,0.0000,1.0000,False,False,False
34738,1.0000,0.0000,False,False,False
34739,0.0000,1.0000,False,False,False
34740,1.0000,0.0000,False,False,False
34741,1.0000,0.0000,False,False,False
34742,1.0000,0.0000,False,False,False
34743,1.0000,0.0000,False,False,False
34744,0.0000,1.0000,False,False,False
34745,1.0000,0.0000,False,False,False
34746,1.0000,0.0000,False,False,False
34747,1.0000,0.0000,False,False,False
34748,1.0000,0.0000,False,False,False
34749,0.0000,1.0000,False,False,False
34750,1.0000,0.0000,False,False,False
34751,0.0000,1.0000,False,False,False
34752,1.0000,0.0000,False,False,False
34753,1.0000,0.0000,False,False,False
34754,1.0000,0.0000,False,False,False
34755,1.0000,0.0000,False,False,False
34756,1.0000,0.0000,False,False,False
34757,0.0000,1.0000,False,False,False
34758,1.0000,0.0000,False,False,False
34759,1.0000,0.0000,False,False,False
34760,1.0000,0.0000,False,False,False
34761,1.0000,0.0000,False,False,False
34762,1.0000,0.0000,False,False,False
34763,0.0000,1.0000,False,False,False
34764,1.0000,0.0000,False,False,False
34765,1.0000,0.0000,False,False,False
34766,1.0000,0.0000,False,False,False
34767,1.0000,0.0000,False,False,False
34768,1.0000,0.0000,False,False,False
34769,0.0000,1.0000,False,False,False
34770,0.0000,1.0000,False,False,False
34771,1.0000,0.0000,False,False,False
34772,1.0000,0.0000,False,False,False
34773,1.0000,0.0000,False,False,False
34774,1.0000,0.0000,False,False,False
34775,1.0000,0.0000,False,False,False
34776,1.0000,0.0000,False,False,False
34777,1.0000,0.0000,False,False,False
34778,1.0000,0.0000,False,False,False
34779,1.0000,0.0000,False,False,False
34780,1.0000,0.0000,False,False,False
34781,1.0000,0.0000,False,False,False
34782,1.0000,0.0000,False,False,False
34783,1.0000,0.0000,False,False,False
34784,0.0000,1.0000,False,False,False
34785,1.0000,0.0000,False,False,False
34786,1.0000,0.0000,False,False,False
34787,1.0000,0.0000,False,False,False
34788,1.0000,0.0000,False,False,False
34789,0.0000,1.0000,False,False,False
34790,0.0000,1.0000,False,False,False
34791,1.0000,0.0000,False,False,False
34792,1.0000,0.0000,False,False,False
34793,0.0000,1.0000,False,False,False
34794,1.0000,0.0000,False,False,False
34795,1.0000,0.0000,False,False,False
34796,1.0000,0.0000,False,False,False
34797,0.0000,1.0000,False,False,False
34798,0.0000,1.0000,False,False,False
34799,1.0000,0.0000,False,False,False
34800,0.0000,1.0000,False,False,False
34801,0.0000,1.0000,False,False,False
34802,1.0000,0.0000,False,False,False
34803,1.0000,0.0000,False,False,False
34804,0.0000,1.0000,False,False,False
34805,1.0000,0.0000,False,False,False
34806,1.0000,0.0000,False,False,False
34807,0.0000,1.0000,False,False,False
34808,1.0000,0.0000,False,False,False
34809,1.0000,0.0000,False,False,False
34810,1.0000,0.0000,False,False,False
34811,1.0000,0.0000,False,False,False
34812,0.0000,1.0000,False,False,False
34813,0.0000,1.0000,False,False,False
34814,1.0000,0.0000,False,False,False
34815,1.0000,0.0000,False,False,False
34816,1.0000,0.0000,False,False,False
34817,1.0000,0.0000,False,False,False
34818,1.0000,0.0000,False,False,False
34819,0.0000,1.0000,False,False,False
34820,1.0000,0.0000,False,False,False
34821,1.0000,0.0000,False,False,False
34822,1.0000,0.0000,False,False,False
34823,1.0000,0.0000,False,False,False
34824,0.0000,1.0000,False,False,False
34825,0.0000,1.0000,False,False,False
34826,1.0000,0.0000,False,False,False
34827,0.0000,1.0000,False,False,False
34828,0.0000,1.0000,False,False,False
34829,1.0000,0.0000,False,False,False
34830,1.0000,0.0000,False,False,False
34831,0.0000,1.0000,False,False,False
34832,0.0000,1.0000,False,False,False
34833,0.0000,1.0000,False,False,False
34834,0.0000,1.0000,False,False,False
34835,1.0000,0.0000,False,False,False
34836,0.0000,1.0000,False,False,False
34837,0.0000,1.0000,False,False,False
34838,1.0000,0.0000,False,False,False
34839,1.0000,0.0000,False,False,False
34840,0.0000,1.0000,False,False,False
34841,1.0000,0.0000,False,False,False
34842,1.0000,0.0000,False,False,False
34843,1.0000,0.0000,False,False,False
34844,1.0000,0.0000,False,False,False
34845,0.0000,1.0000,False,False,False
34846,1.0000,0.0000,False,False,False
34847,0.0000,1.0000,False,False,False
34848,0.0000,1.0000,False,False,False
34849,1.0000,0.0000,False,False,False
34850,0.0000,1.0000,False,False,False
34851,1.0000,0.0000,False,False,False
34852,0.0000,1.0000,False,False,False
34853,0.0000,1.0000,False,False,False
34854,0.0000,1.0000,False,False,False
34855,1.0000,0.0000,False,False,False
34856,1.0000,0.0000,False,False,False
34857,0.0000,1.0000,False,False,False
34858,1.0000,0.0000,False,False,False
34859,1.0000,0.0000,False,False,False
34860,1.0000,0.0000,False,False,False
34861,1.0000,0.0000,False,False,False
34862,1.0000,0.0000,False,False,False
34863,1.0000,0.0000,False,False,False
34864,1.0000,0.0000,False,False,False
34865,1.0000,0.0000,False,False,False
34866,1.0000,0.0000,False,False,False
34867,1.0000,0.0000,False,False,False
34868,0.0000,1.0000,False,False,False
34869,0.0000,1.0000,False,False,False
34870,0.0000,1.0000,False,False,False
34871,1.0000,0.0000,False,False,False
34872,0.0000,1.0000,False,False,False
34873,0.0000,1.0000,False,False,False
34874,0.0000,1.0000,False,False,False
34875,1.0000,0.0000,False,False,False
34876,1.0000,0.0000,False,False,False
34877,1.0000,0.0000,False,False,False
34878,1.0000,0.0000,False,False,False
34879,1.0000,0.0000,False,False,False
34880,1.0000,0.0000,False,False,False
34881,1.0000,0.0000,False,False,False
34882,0.0000,1.0000,False,False,False
34883,1.0000,0.0000,False,False,False
34884,1.0000,0.0000,False,False,False
34885,1.0000,0.0000,False,False,False
34886,0.0000,1.0000,False,False,False
34887,1.0000,0.0000,False,False,False
34888,0.0000,1.0000,False,False,False
34889,1.0000,0.0000,False,False,False
34890,0.0000,1.0000,False,False,False
34891,1.0000,0.0000,False,False,False
34892,0.0000,1.0000,False,False,False
34893,1.0000,0.0000,False,False,False
34894,1.0000,0.0000,False,False,False
34895,1.0000,0.0000,False,False,False
34896,0.0000,1.0000,False,False,False
34897,1.0000,0.0000,False,False,False
34898,1.0000,0.0000,False,False,False
34899,1.0000,0.0000,False,False,False
34900,1.0000,0.0000,False,False,False
34901,1.0000,0.0000,False,False,False
34902,1.0000,0.0000,False,False,False
34903,1.0000,0.0000,False,False,False
34904,1.0000,0.0000,False,False,False
34905,0.0000,1.0000,False,False,False
34906,0.0000,1.0000,False,False,False
34907,0.0000,1.0000,False,False,False
34908,1.0000,0.0000,False,False,False
34909,1.0000,0.0000,False,False,False
34910,1.0000,0.0000,False,False,False
34911,1.0000,0.0000,False,False,False
34912,0.0000,1.0000,False,False,False
34913,0.0000,1.0000,False,False,False
34914,0.0000,1.0000,False,False,False
34915,1.0000,0.0000,False,False,False
34916,1.0000,0.0000,False,False,False
34917,1.0000,0.0000,False,False,False
34918,0.0000,1.0000,False,False,False
34919,1.0000,0.0000,False,False,False
34920,0.0000,1.0000,False,False,False
34921,1.0000,0.0000,False,False,False
34922,1.0000,0.0000,False,False,False
34923,1.0000,0.0000,False,False,False
34924,0.0000,1.0000,False,False,False
34925,1.0000,0.0000,False,False,False
34926,1.0000,0.0000,False,False,False
34927,1.0000,0.0000,False,False,False
34928,1.0000,0.0000,False,False,False
34929,0.0000,1.0000,False,False,False
34930,1.0000,0.0000,False,False,False
34931,0.0000,1.0000,False,False,False
34932,1.0000,0.0000,False,False,False
34933,1.0000,0.0000,False,False,False
34934,1.0000,0.0000,False,False,False
34935,1.0000,0.0000,False,False,False
34936,1.0000,0.0000,False,False,False
34937,0.0000,1.0000,False,False,False
34938,1.0000,0.0000,False,False,False
34939,1.0000,0.0000,False,False,False
34940,1.0000,0.0000,False,False,False
34941,1.0000,0.0000,False,False,False
34942,0.0000,1.0000,False,False,False
34943,1.0000,0.0000,False,False,False
34944,1.0000,0.0000,False,False,False
34945,0.0000,1.0000,False,False,False
34946,1.0000,0.0000,False,False,False
34947,1.0000,0.0000,False,False,False
34948,1.0000,0.0000,False,False,False
34949,1.0000,0.0000,False,False,False
34950,1.0000,0.0000,False,False,False
34951,1.0000,0.0000,False,False,False
34952,1.0000,0.0000,False,False,False
34953,1.0000,0.0000,False,False,False
34954,1.0000,0.0000,False,False,False
34955,1.0000,0.0000,False,False,False
34956,1.0000,0.0000,False,False,False
34957,0.0000,1.0000,False,False,False
34958,1.0000,0.0000,False,False,False
34959,1.0000,0.0000,False,False,False
34960,1.0000,0.0000,False,False,False
34961,1.0000,0.0000,False,False,False
34962,1.0000,0.0000,False,False,False
34963,1.0000,0.0000,False,False,False
34964,1.0000,0.0000,False,False,False
34965,1.0000,0.0000,False,False,False
34966,0.0000,1.0000,False,False,False
34967,1.0000,0.0000,False,False,False
34968,1.0000,0.0000,False,False,False
34969,1.0000,0.0000,False,False,False
34970,1.0000,0.0000,False,False,False
34971,1.0000,0.0000,False,False,False
34972,1.0000,0.0000,False,False,False
34973,1.0000,0.0000,False,False,False
34974,1.0000,0.0000,False,False,False
34975,1.0000,0.0000,False,False,False
34976,1.0000,0.0000,False,False,False
34977,1.0000,0.0000,False,False,False
34978,1.0000,0.0000,False,False,False
34979,0.0000,1.0000,False,False,False
34980,0.0000,1.0000,False,False,False
34981,1.0000,0.0000,False,False,False
34982,1.0000,0.0000,False,False,False
34983,1.0000,0.0000,False,False,False
34984,1.0000,0.0000,False,False,False
34985,1.0000,0.0000,False,False,False
34986,1.0000,0.0000,False,False,False
34987,1.0000,0.0000,False,False,False
34988,1.0000,0.0000,False,False,False
34989,1.0000,0.0000,False,False,False
34990,1.0000,0.0000,False,False,False
34991,1.0000,0.0000,False,False,False
34992,1.0000,0.0000,False,False,False
34993,1.0000,0.0000,False,False,False
34994,1.0000,0.0000,False,False,False
34995,1.0000,0.0000,False,False,False
34996,1.0000,0.0000,False,False,False
34997,1.0000,0.0000,False,False,False
34998,0.0000,1.0000,False,False,False
34999,1.0000,0.0000,False,False,False
35000,1.0000,0.0000,True,True,False
35001,1.0000,0.0000,True,True,False
35002,1.0000,0.0000,True,True,False
35003,0.0000,1.0000,True,True,False
35004,1.0000,0.0000,True,True,False
35005,1.0000,0.0000,True,True,False
35006,1.0000,0.0000,True,True,False
35007,1.0000,0.0000,True,True,False
35008,1.0000,0.0000,True,True,False
35009,0.0000,1.0000,True,True,False
35010,1.0000,0.0000,True,False,True
35011,1.0000,0.0000,False,False,False
35012,1.0000,0.0000,False,False,False
35013,1.0000,0.0000,False,False,False
35014,0.0000,1.0000,False,False,False
35015,1.0000,0.0000,False,False,False
35016,0.0000,1.0000,False,False,False
35017,1.0000,0.0000,False,False,False
35018,1.0000,0.0000,False,False,False
35019,1.0000,0.0000,False,False,False
35020,1.0000,0.0000,False,False,False
35021,0.0000,1.0000,False,False,False
35022,1.0000,0.0000,False,False,False
35023,1.0000,0.0000,False,False,False
35024,1.0000,0.0000,False,False,False
35025,1.0000,0.0000,False,False,False
35026,1.0000,0.0000,False,False,False
35027,0.0000,1.0000,False,False,False
35028,1.0000,0.0000,False,False,False
35029,0.0000,1.0000,False,False,False
35030,1.0000,0.0000,False,False,False
35031,1.0000,0.0000,False,False,False
35032,1.0000,0.0000,False,False,False
35033,1.0000,0.0000,False,False,False
35034,1.0000,0.0000,False,False,False
35035,0.0000,1.0000,False,False,False
35036,1.0000,0.0000,False,False,False
35037,1.0000,0.0000,False,False,False
35038,1.0000,0.0000,False,False,False
35039,1.0000,0.0000,False,False,False
35040,1.0000,0.0000,False,False,False
35041,1.0000,0.0000,False,False,False
35042,1.0000,0.0000,False,False,False
35043,0.0000,1.0000,False,False,False
35044,1.0000,0.0000,False,False,False
35045,0.0000,1.0000,False,False,False
35046,1.0000,0.0000,False,False,False
35047,1.0000,0.0000,False,False,False
35048,0.0000,1.0000,False,False,False
35049,1.0000,0.0000,False,False,False
35050,1.0000,0.0000,False,False,False
35051,0.0000,1.0000,False,False,False
35052,1.0000,0.0000,False,False,False
35053,1.0000,0.0000,False,False,False
35054,1.0000,0.0000,False,False,False
35055,1.0000,0.0000,False,False,False
35056,1.0000,0.0000,False,False,False
35057,1.0000,0.0000,False,False,False
35058,1.0000,0.0000,False,False,False
35059,1.0000,0.0000,False,False,False
35060,1.0000,0.0000,False,False,False
35061,1.0000,0.0000,False,False,False
35062,1.0000,0.0000,False,False,False
35063,0.0000,1.0000,False,False,False
35064,1.0000,0.0000,False,False,False
35065,1.0000,0.0000,False,False,False
35066,1.0000,0.0000,False,False,False
35067,1.0000,0.0000,False,False,False
35068,1.0000,0.0000,False,False,False
35069,0.0000,1.0000,False,False,False
35070,1.0000,0.0000,False,False,False
35071,0.0000,1.0000,False,False,False
35072,1.0000,0.0000,False,False,False
35073,1.0000,0.0000,False,False,False
35074,1.0000,0.0000,False,False,False
35075,0.0000,1.0000,False,False,False
35076,0.0000,1.0000,False,False,False
35077,1.0000,0.0000,False,False,False
35078,1.0000,0.0000,False,False,False
35079,1.0000,0.0000,False,False,False
35080,0.0000,1.0000,False,False,False
35081,1.0000,0.0000,False,False,False
35082,1.0000,0.0000,False,False,False
35083,1.0000,0.0000,False,False,False
35084,1.0000,0.0000,False,False,False
35085,0.0000,1.0000,False,False,False
35086,0.0000,1.0000,False,False,False
35087,0.0000,1.0000,False,False,False
35088,0.0000,1.0000,False,False,False
35089,1.0000,0.0000,False,False,False
35090,1.0000,0.0000,False,False,False
35091,1.0000,0.0000,False,False,False
35092,0.0000,1.0000,False,False,False
35093,1.0000,0.0000,False,False,False
35094,1.0000,0.0000,False,False,False
35095,1.0000,0.0000,False,False,False
35096,1.0000,0.0000,False,False,False
35097,0.0000,1.0000,False,False,False
35098,0.0000,1.0000,False,False,False
35099,1.0000,0.0000,False,False,False
35100,1.0000,0.0000,False,False,False
35101,1.0000,0.0000,False,False,False
35102,1.0000,0.0000,False,False,False
35103,0.0000,1.0000,False,False,False
35104,0.0000,1.0000,False,False,False
35105,1.0000,0.0000,False,False,False
35106,1.0000,0.0000,False,False,False
35107,0.0000,1.0000,False,False,False
35108,1.0000,0.0000,False,False,False
35109,0.0000,1.0000,False,False,False
35110,1.0000,0.0000,False,False,False
35111,1.0000,0.0000,False,False,False
35112,1.0000,0.0000,False,False,False
35113,0.0000,1.0000,False,False,False
35114,1.0000,0.0000,False,False,False
35115,1.0000,0.0000,False,False,False
35116,1.0000,0.0000,False,False,False
35117,0.0000,1.0000,False,False,False
35118,1.0000,0.0000,False,False,False
35119,1.0000,0.0000,False,False,False
35120,1.0000,0.0000,False,False,False
35121,1.0000,0.0000,False,False,False
35122,1.0000,0.0000,False,False,False
35123,1.0000,0.0000,False,False,False
35124,0.0000,1.0000,False,False,False
35125,1.0000,0.0000,False,False,False
35126,1.0000,0.0000,False,False,False
35127,0.0000,1.0000,False,False,False
35128,0.0000,1.0000,False,False,False
35129,0.0000,1.0000,False,False,False
35130,0.0000,1.0000,False,False,False
35131,0.0000,1.0000,False,False,False
35132,1.0000,0.0000,False,False,False
35133,1.0000,0.0000,False,False,False
35134,1.0000,0.0000,False,False,False
35135,0.0000,1.0000,False,False,False
35136,1.0000,0.0000,False,False,False
35137,0.0000,1.0000,False,False,False
35138,1.0000,0.0000,False,False,False
35139,1.0000,0.0000,False,False,False
35140,1.0000,0.0000,False,False,False
35141,0.0000,1.0000,False,False,False
35142,1.0000,0.0000,False,False,False
35143,1.0000,0.0000,False,False,False
35144,1.0000,0.0000,False,False,False
35145,1.0000,0.0000,False,False,False
35146,1.0000,0.0000,False,False,False
35147,0.0000,1.0000,False,False,False
35148,1.0000,0.0000,False,False,False
35149,1.0000,0.0000,False,False,False
35150,1.0000,0.0000,False,False,False
35151,0.0000,1.0000,False,False,False
35152,1.0000,0.0000,False,False,False
35153,0.0000,1.0000,False,False,False
35154,1.0000,0.0000,False,False,False
35155,1.0000,0.0000,False,False,False
35156,1.0000,0.0000,False,False,False
35157,0.0000,1.0000,False,False,False
35158,1.0000,0.0000,False,False,False
35159,0.0000,1.0000,False,False,False
35160,0.0000,1.0000,False,False,False
35161,0.0000,1.0000,False,False,False
35162,1.0000,0.0000,False,False,False
35163,1.0000,0.0000,False,False,False
35164,1.0000,0.0000,False,False,False
35165,0.0000,1.0000,False,False,False
35166,1.0000,0.0000,False,False,False
35167,0.0000,1.0000,False,False,False
35168,1.0000,0.0000,False,False,False
35169,0.0000,1.0000,False,False,False
35170,1.0000,0.0000,False,False,False
35171,1.0000,0.0000,False,False,False
35172,0.0000,1.0000,False,False,False
35173,1.0000,0.0000,False,False,False
35174,1.0000,0.0000,False,False,False
35175,1.0000,0.0000,False,False,False
35176,1.0000,0.0000,False,False,False
35177,1.0000,0.0000,False,False,False
35178,0.0000,1.0000,False,False,False
35179,1.0000,0.0000,False,False,False
35180,1.0000,0.0000,False,False,False
35181,0.0000,1.0000,False,False,False
35182,1.0000,0.0000,False,False,False
35183,0.0000,1.0000,False,False,False
35184,1.0000,0.0000,False,False,False
35185,1.0000,0.0000,False,False,False
35186,1.0000,0.0000,False,False,False
35187,1.0000,0.0000,False,False,False
35188,1.0000,0.0000,False,False,False
35189,1.0000,0.0000,False,False,False
35190,1.0000,0.0000,False,False,False
35191,1.0000,0.0000,False,False,False
35192,1.0000,0.0000,False,False,False
35193,1.0000,0.0000,False,False,False
35194,0.0000,1.0000,False,False,False
35195,1.0000,0.0000,False,False,False
35196,0.0000,1.0000,False,False,False
35197,1.0000,0.0000,False,False,False
35198,1.0000,0.0000,False,False,False
35199,1.0000,0.0000,False,False,False
35200,1.0000,0.0000,False,False,False
35201,1.0000,0.0000,False,False,False
35202,0.0000,1.0000,False,False,False
35203,1.0000,0.0000,False,False,False
35204,1.0000,0.0000,False,False,False
35205,1.0000,0.0000,False,False,False
35206,1.0000,0.0000,False,False,False
35207,1.0000,0.0000,False,False,False
35208,1.0000,0.0000,False,False,False
35209,1.0000,0.0000,False,False,False
35210,1.0000,0.0000,False,False,False
35211,1.0000,0.0000,False,False,False
35212,1.0000,0.0000,False,False,False
35213,1.0000,0.0000,False,False,False
35214,1.0000,0.0000,False,False,False
35215,1.0000,0.0000,False,False,False
35216,1.0000,0.0000,False,False,False
35217,1.0000,0.0000,False,False,False
35218,1.0000,0.0000,False,False,False
35219,1.0000,0.0000,False,False,False
35220,0.0000,1.0000,False,False,False
35221,1.0000,0.0000,False,False,False
35222,1.0000,0.0000,False,False,False
35223,0.0000,1.0000,False,False,False
35224,1.0000,0.0000,False,False,False
35225,1.0000,0.0000,False,False,False
35226,1.0000,0.0000,False,False,False
35227,1.0000,0.0000,False,False,False
35228,1.0000,0.0000,False,False,False
35229,1.0000,0.0000,False,False,False
35230,1.0000,0.0000,False,False,False
35231,1.0000,0.0000,False,False,False
35232,1.0000,0.0000,False,False,False
35233,1.0000,0.0000,False,False,False
35234,0.0000,1.0000,False,False,False
35235,1.0000,0.0000,False,False,False
35236,1.0000,0.0000,False,False,False
35237,0.0000,1.0000,False,False,False
35238,1.0000,0.0000,False,False,False
35239,1.0000,0.0000,False,False,False
35240,1.0000,0.0000,False,False,False
35241,1.0000,0.0000,False,False,False
35242,1.0000,0.0000,False,False,False
35243,0.0000,1.0000,False,False,False
35244,1.0000,0.0000,False,False,False
35245,1.0000,0.0000,False,False,False
35246,1.0000,0.0000,False,False,False
35247,0.0000,1.0000,False,False,False
35248,1.0000,0.0000,False,False,False
35249,0.0000,1.0000,False,False,False
35250,1.0000,0.0000,False,False,False
35251,1.0000,0.0000,False,False,False
35252,1.0000,0.0000,False,False,False
35253,1.0000,0.0000,False,False,False
35254,0.0000,1.0000,False,False,False
35255,1.0000,0.0000,False,False,False
35256,1.0000,0.0000,False,False,False
35257,1.0000,0.0000,False,False,False
35258,1.0000,0.0000,False,False,False
35259,1.0000,0.0000,False,False,False
35260,1.0000,0.0000,False,False,False
35261,1.0000,0.0000,False,False,False
35262,1.0000,0.0000,False,False,False
35263,0.0000,1.0000,False,False,False
35264,1.0000,0.0000,False,False,False
35265,1.0000,0.0000,False,False,False
35266,1.0000,0.0000,False,False,False
35267,1.0000,0.0000,False,False,False
35268,0.0000,1.0000,False,False,False
35269,1.0000,0.0000,False,False,False
35270,1.0000,0.0000,False,False,False
35271,1.0000,0.0000,False,False,False
35272,1.0000,0.0000,False,False,False
35273,1.0000,0.0000,False,False,False
35274,1.0000,0.0000,False,False,False
35275,1.0000,0.0000,False,False,False
35276,1.0000,0.0000,False,False,False
35277,1.0000,0.0000,False,False,False
35278,1.0000,0.0000,False,False,False
35279,0.0000,1.0000,False,False,False
35280,0.0000,1.0000,False,False,False
35281,0.0000,1.0000,False,False,False
35282,1.0000,0.0000,False,False,False
35283,1.0000,0.0000,False,False,False
35284,0.0000,1.0000,False,False,False
35285,1.0000,0.0000,False,False,False
35286,0.0000,1.0000,False,False,False
35287,1.0000,0.0000,False,False,False
35288,0.0000,1.0000,False,False,False
35289,1.0000,0.0000,False,False,False
35290,1.0000,0.0000,False,False,False
35291,0.0000,1.0000,False,False,False
35292,0.0000,1.0000,False,False,False
35293,1.0000,0.0000,False,False,False
35294,1.0000,0.0000,False,False,False
35295,0.0000,1.0000,False,False,False
35296,1.0000,0.0000,False,False,False
35297,1.0000,0.0000,False,False,False
35298,1.0000,0.0000,False,False,False
35299,1.0000,0.0000,False,False,False
35300,0.0000,1.0000,False,False,False
35301,1.0000,0.0000,False,False,False
35302,1.0000,0.0000,False,False,False
35303,0.0000,1.0000,False,False,False
35304,1.0000,0.0000,False,False,False
35305,1.0000,0.0000,False,False,False
35306,1.0000,0.0000,False,False,False
35307,0.0000,1.0000,False,False,False
35308,1.0000,0.0000,False,False,False
35309,1.0000,0.0000,False,False,False
35310,0.0000,1.0000,False,False,False
35311,1.0000,0.0000,False,False,False
35312,1.0000,0.0000,False,False,False
35313,0.0000,1.0000,False,False,False
35314,0.0000,1.0000,False,False,False
35315,1.0000,0.0000,False,False,False
35316,0.0000,1.0000,False,False,False
35317,0.0000,1.0000,False,False,False
35318,1.0000,0.0000,False,False,False
35319,0.0000,1.0000,False,False,False
35320,0.0000,1.0000,False,False,False
35321,1.0000,0.0000,False,False,False
35322,0.0000,1.0000,False,False,False
35323,1.0000,0.0000,False,False,False
35324,1.0000,0.0000,False,False,False
35325,1.0000,0.0000,False,False,False
35326,0.0000,1.0000,False,False,False
35327,1.0000,0.0000,False,False,False
35328,1.0000,0.0000,False,False,False
35329,0.0000,1.0000,False,False,False
35330,1.0000,0.0000,False,False,False
35331,1.0000,0.0000,False,False,False
35332,0.0000,1.0000,False,False,False
35333,0.0000,1.0000,False,False,False
35334,1.0000,0.0000,False,False,False
35335,1.0000,0.0000,False,False,False
35336,1.0000,0.0000,False,False,False
35337,1.0000,0.0000,False,False,False
35338,1.0000,0.0000,False,False,False
35339,1.0000,0.0000,False,False,False
35340,1.0000,0.0000,False,False,False
35341,1.0000,0.0000,False,False,False
35342,1.0000,0.0000,False,False,False
35343,0.0000,1.0000,False,False,False
35344,1.0000,0.0000,False,False,False
35345,0.0000,1.0000,False,False,False
35346,1.0000,0.0000,False,False,False
35347,1.0000,0.0000,False,False,False
35348,1.0000,0.0000,False,False,False
35349,0.0000,1.0000,False,False,False
35350,1.0000,0.0000,False,False,False
35351,1.0000,0.0000,False,False,False
35352,1.0000,0.0000,False,False,False
35353,1.0000,0.0000,False,False,False
35354,1.0000,0.0000,False,False,False
35355,1.0000,0.0000,False,False,False
35356,0.0000,1.0000,False,False,False
35357,1.0000,0.0000,False,False,False
35358,1.0000,0.0000,False,False,False
35359,0.0000,1.0000,False,False,False
35360,1.0000,0.0000,False,False,False
35361,0.0000,1.0000,False,False,False
35362,1.0000,0.0000,False,False,False
35363,1.0000,0.0000,False,False,False
35364,0.0000,1.0000,False,False,False
35365,0.0000,1.0000,False,False,False
35366,1.0000,0.0000,False,False,False
35367,1.0000,0.0000,False,False,False
35368,0.0000,1.0000,False,False,False
35369,1.0000,0.0000,False,False,False
35370,1.0000,0.0000,False,False,False
35371,1.0000,0.0000,False,False,False
35372,1.0000,0.0000,False,False,False
35373,1.0000,0.0000,False,False,False
35374,0.0000,1.0000,False,False,False
35375,1.0000,0.0000,False,False,False
35376,1.0000,0.0000,False,False,False
35377,1.0000,0.0000,False,False,False
35378,0.0000,1.0000,False,False,False
35379,1.0000,0.0000,False,False,False
35380,1.0000,0.0000,False,False,False
35381,1.0000,0.0000,False,False,False
35382,0.0000,1.0000,False,False,False
35383,1.0000,0.0000,False,False,False
35384,1.0000,0.0000,False,False,False
35385,1.0000,0.0000,False,False,False
35386,1.0000,0.0000,False,False,False
35387,1.0000,0.0000,False,False,False
35388,1.0000,0.0000,False,False,False
35389,1.0000,0.0000,False,False,False
35390,1.0000,0.0000,False,False,False
35391,1.0000,0.0000,False,False,False
35392,1.0000,0.0000,False,False,False
35393,1.0000,0.0000,False,False,False
35394,1.0000,0.0000,False,False,False
35395,1.0000,0.0000,False,False,False
35396,1.0000,0.0000,False,False,False
35397,1.0000,0.0000,False,False,False
35398,1.0000,0.0000,False,False,False
35399,1.0000,0.0000,False,False,False
35400,0.0000,1.0000,False,False,False
35401,1.0000,0.0000,False,False,False
35402,1.0000,0.0000,False,False,False
35403,1.0000,0.0000,False,False,False
35404,1.0000,0.0000,False,False,False
35405,1.0000,0.0000,False,False,False
35406,1.0000,0.0000,False,False,False
35407,1.0000,0.0000,False,False,False
35408,1.0000,0.0000,False,False,False
35409,1.0000,0.0000,False,False,False
35410,1.0000,0.0000,False,False,False
35411,1.0000,0.0000,False,False,False
35412,1.0000,0.0000,False,False,False
35413,1.0000,0.0000,False,False,False
35414,1.0000,0.0000,False,False,False
35415,1.0000,0.0000,False,False,False
35416,1.0000,0.0000,False,False,False
35417,1.0000,0.0000,False,False,False
35418,0.0000,1.0000,False,False,False
35419,0.0000,1.0000,False,False,False
35420,1.0000,0.0000,False,False,False
35421,1.0000,0.0000,False,False,False
35422,1.0000,0.0000,False,False,False
35423,1.0000,0.0000,False,False,False
35424,1.0000,0.0000,False,False,False
35425,1.0000,0.0000,False,False,False
35426,1.0000,0.0000,False,False,False
35427,1.0000,0.0000,False,False,False
35428,1.0000,0.0000,False,False,False
35429,1.0000,0.0000,False,False,False
35430,0.0000,1.0000,False,False,False
35431,0.0000,1.0000,False,False,False
35432,0.0000,1.0000,False,False,False
35433,0.0000,1.0000,False,False,False
35434,1.0000,0.0000,False,False,False
35435,1.0000,0.0000,False,False,False
35436,0.0000,1.0000,False,False,False
35437,1.0000,0.0000,False,False,False
35438,0.0000,1.0000,False,False,False
35439,0.0000,1.0000,False,False,False
35440,0.0000,1.0000,False,False,False
35441,0.0000,1.0000,False,False,False
35442,1.0000,0.0000,False,False,False
35443,1.0000,0.0000,False,False,False
35444,1.0000,0.0000,False,False,False
35445,0.0000,1.0000,False,False,False
35446,1.0000,0.0000,False,False,False
35447,0.0000,1.0000,False,False,False
35448,1.0000,0.0000,False,False,False
35449,1.0000,0.0000,False,False,False
35450,1.0000,0.0000,False,False,False
35451,1.0000,0.0000,False,False,False
35452,1.0000,0.0000,False,False,False
35453,1.0000,0.0000,False,False,False
35454,1.0000,0.0000,False,False,False
35455,1.0000,0.0000,False,False,False
35456,1.0000,0.0000,False,False,False
35457,1.0000,0.0000,False,False,False
35458,0.0000,1.0000,False,False,False
35459,0.0000,1.0000,False,False,False
35460,1.0000,0.0000,False,False,False
35461,1.0000,0.0000,False,False,False
35462,1.0000,0.0000,False,False,False
35463,1.0000,0.0000,False,False,False
35464,1.0000,0.0000,False,False,False
35465,1.0000,0.0000,False,False,False
35466,1.0000,0.0000,False,False,False
35467,1.0000,0.0000,False,False,False
35468,1.0000,0.0000,False,False,False
35469,0.0000,1.0000,False,False,False
35470,0.0000,1.0000,False,False,False
35471,1.0000,0.0000,False,False,False
35472,1.0000,0.0000,False,False,False
35473,1.0000,0.0000,False,False,False
35474,0.0000,1.0000,False,False,False
35475,1.0000,0.0000,False,False,False
35476,1.0000,0.0000,False,False,False
35477,1.0000,0.0000,False,False,False
35478,0.0000,1.0000,False,False,False
35479,1.0000,0.0000,False,False,False
35480,1.0000,0.0000,False,False,False
35481,1.0000,0.0000,False,False,False
35482,0.0000,1.0000,False,False,False
35483,0.0000,1.0000,False,False,False
35484,1.0000,0.0000,False,False,False
35485,1.0000,0.0000,False,False,False
35486,1.0000,0.0000,False,False,False
35487,1.0000,0.0000,False,False,False
35488,0.0000,1.0000,False,False,False
35489,1.0000,0.0000,False,False,False
35490,0.0000,1.0000,False,False,False
35491,1.0000,0.0000,False,False,False
35492,1.0000,0.0000,False,False,False
35493,1.0000,0.0000,False,False,False
35494,1.0000,0.0000,False,False,False
35495,0.0000,1.0000,False,False,False
35496,1.0000,0.0000,False,False,False
35497,0.0000,1.0000,False,False,False
35498,0.0000,1.0000,False,False,False
35499,1.0000,0.0000,False,False,False
35500,0.0000,1.0000,False,False,False
35501,1.0000,0.0000,False,False,False
35502,0.0000,1.0000,False,False,False
35503,1.0000,0.0000,False,False,False
35504,0.0000,1.0000,False,False,False
35505,0.0000,1.0000,False,False,False
35506,1.0000,0.0000,False,False,False
35507,0.0000,1.0000,False,False,False
35508,1.0000,0.0000,False,False,False
35509,1.0000,0.0000,False,False,False
35510,0.0000,1.0000,False,False,False
35511,1.0000,0.0000,False,False,False
35512,1.0000,0.0000,False,False,False
35513,0.0000,1.0000,False,False,False
35514,1.0000,0.0000,False,False,False
35515,0.0000,1.0000,False,False,False
35516,1.0000,0.0000,False,False,False
35517,1.0000,0.0000,False,False,False
35518,1.0000,0.0000,False,False,False
35519,1.0000,0.0000,False,False,False
35520,0.0000,1.0000,False,False,False
35521,1.0000,0.0000,False,False,False
35522,0.0000,1.0000,False,False,False
35523,1.0000,0.0000,False,False,False
35524,1.0000,0.0000,False,False,False
35525,1.0000,0.0000,False,False,False
35526,0.0000,1.0000,False,False,False
35527,1.0000,0.0000,False,False,False
35528,1.0000,0.0000,False,False,False
35529,1.0000,0.0000,False,False,False
35530,1.0000,0.0000,False,False,False
35531,1.0000,0.0000,False,False,False
35532,1.0000,0.0000,False,False,False
35533,0.0000,1.0000,False,False,False
35534,1.0000,0.0000,False,False,False
35535,1.0000,0.0000,False,False,False
35536,1.0000,0.0000,False,False,False
35537,0.0000,1.0000,False,False,False
35538,1.0000,0.0000,False,False,False
35539,1.0000,0.0000,False,False,False
35540,1.0000,0.0000,False,False,False
35541,1.0000,0.0000,False,False,False
35542,1.0000,0.0000,False,False,False
35543,1.0000,0.0000,False,False,False
35544,1.0000,0.0000,False,False,False
35545,1.0000,0.0000,False,False,False
35546,1.0000,0.0000,False,False,False
35547,1.0000,0.0000,False,False,False
35548,0.0000,1.0000,False,False,False
35549,1.0000,0.0000,False,False,False
35550,1.0000,0.0000,False,False,False
35551,0.0000,1.0000,False,False,False
35552,0.0000,1.0000,False,False,False
35553,1.0000,0.0000,False,False,False
35554,1.0000,0.0000,False,False,False
35555,1.0000,0.0000,False,False,False
35556,1.0000,0.0000,False,False,False
35557,0.0000,1.0000,False,False,False
35558,1.0000,0.0000,False,False,False
35559,1.0000,0.0000,False,False,False
35560,1.0000,0.0000,False,False,False
35561,1.0000,0.0000,False,False,False
35562,1.0000,0.0000,False,False,False
35563,0.0000,1.0000,False,False,False
35564,0.0000,1.0000,False,False,False
35565,1.0000,0.0000,False,False,False
35566,1.0000,0.0000,False,False,False
35567,1.0000,0.0000,False,False,False
35568,1.0000,0.0000,False,False,False
35569,1.0000,0.0000,False,False,False
35570,1.0000,0.0000,False,False,False
35571,1.0000,0.0000,False,False,False
35572,1.0000,0.0000,False,False,False
35573,1.0000,0.0000,False,False,False
35574,1.0000,0.0000,False,False,False
35575,1.0000,0.0000,False,False,False
35576,1.0000,0.0000,False,False,False
35577,0.0000,1.0000,False,False,False
35578,1.0000,0.0000,False,False,False
35579,1.0000,0.0000,False,False,False
35580,1.0000,0.0000,False,False,False
35581,1.0000,0.0000,False,False,False
35582,0.0000,1.0000,False,False,False
35583,1.0000,0.0000,False,False,False
35584,1.0000,0.0000,False,False,False
35585,1.0000,0.0000,False,False,False
35586,1.0000,0.0000,False,False,False
35587,1.0000,0.0000,False,False,False
35588,1.0000,0.0000,False,False,False
35589,1.0000,0.0000,False,False,False
35590,1.0000,0.0000,False,False,False
35591,1.0000,0.0000,False,False,False
35592,1.0000,0.0000,False,False,False
35593,1.0000,0.0000,False,False,False
35594,0.0000,1.0000,False,False,False
35595,1.0000,0.0000,False,False,False
35596,1.0000,0.0000,False,False,False
35597,1.0000,0.0000,False,False,False
35598,1.0000,0.0000,False,False,False
35599,1.0000,0.0000,False,False,False
35600,0.0000,1.0000,False,False,False
35601,1.0000,0.0000,False,False,False
35602,1.0000,0.0000,False,False,False
35603,1.0000,0.0000,False,False,False
35604,1.0000,0.0000,False,False,False
35605,1.0000,0.0000,False,False,False
35606,1.0000,0.0000,False,False,False
35607,1.0000,0.0000,False,False,False
35608,1.0000,0.0000,False,False,False
35609,1.0000,0.0000,False,False,False
35610,1.0000,0.0000,False,False,False
35611,1.0000,0.0000,False,False,False
35612,1.0000,0.0000,False,False,False
35613,0.0000,1.0000,False,False,False
35614,1.0000,0.0000,False,False,False
35615,1.0000,0.0000,False,False,False
35616,1.0000,0.0000,False,False,False
35617,1.0000,0.0000,False,False,False
35618,0.0000,1.0000,False,False,False
35619,0.0000,1.0000,False,False,False
35620,1.0000,0.0000,False,False,False
35621,0.0000,1.0000,False,False,False
35622,1.0000,0.0000,False,False,False
35623,0.0000,1.0000,False,False,False
35624,1.0000,0.0000,False,False,False
35625,1.0000,0.0000,False,False,False
35626,0.0000,1.0000,False,False,False
35627,1.0000,0.0000,False,False,False
35628,1.0000,0.0000,False,False,False
35629,1.0000,0.0000,False,False,False
35630,1.0000,0.0000,False,False,False
35631,1.0000,0.0000,False,False,False
35632,1.0000,0.0000,False,False,False
35633,1.0000,0.0000,False,False,False
35634,1.0000,0.0000,False,False,False
35635,1.0000,0.0000,False,False,False
35636,0.0000,1.0000,False,False,False
35637,1.0000,0.0000,False,False,False
35638,1.0000,0.0000,False,False,False
35639,1.0000,0.0000,False,False,False
35640,0.0000,1.0000,False,False,False
35641,1.0000,0.0000,False,False,False
35642,1.0000,0.0000,False,False,False
35643,0.0000,1.0000,False,False,False
35644,0.0000,1.0000,False,False,False
35645,0.0000,1.0000,False,False,False
35646,0.0000,1.0000,False,False,False
35647,0.0000,1.0000,False,False,False
35648,1.0000,0.0000,False,False,False
35649,1.0000,0.0000,False,False,False
35650,1.0000,0.0000,False,False,False
35651,1.0000,0.0000,False,False,False
35652,1.0000,0.0000,False,False,False
35653,1.0000,0.0000,False,False,False
35654,1.0000,0.0000,False,False,False
35655,1.0000,0.0000,False,False,False
35656,1.0000,0.0000,False,False,False
35657,1.0000,0.0000,False,False,False
35658,1.0000,0.0000,False,False,False
35659,1.0000,0.0000,False,False,False
35660,0.0000,1.0000,False,False,False
35661,1.0000,0.0000,False,False,False
35662,0.0000,1.0000,False,False,False
35663,1.0000,0.0000,False,False,False
35664,0.0000,1.0000,False,False,False
35665,1.0000,0.0000,False,False,False
35666,0.0000,1.0000,False,False,False
35667,0.0000,1.0000,False,False,False
35668,0.0000,1.0000,False,False,False
35669,1.0000,0.0000,False,False,False
35670,1.0000,0.0000,False,False,False
35671,1.0000,0.0000,False,False,False
35672,0.0000,1.0000,False,False,False
35673,1.0000,0.0000,False,False,False
35674,1.0000,0.0000,False,False,False
35675,0.0000,1.0000,False,False,False
35676,0.0000,1.0000,False,False,False
35677,1.0000,0.0000,False,False,False
35678,0.0000,1.0000,False,False,False
35679,0.0000,1.0000,False,False,False
35680,1.0000,0.0000,False,False,False
35681,1.0000,0.0000,False,False,False
35682,1.0000,0.0000,False,False,False
35683,0.0000,1.0000,False,False,False
35684,1.0000,0.0000,False,False,False
35685,1.0000,0.0000,False,False,False
35686,1.0000,0.0000,False,False,False
35687,1.0000,0.0000,False,False,False
35688,0.0000,1.0000,False,False,False
35689,1.0000,0.0000,False,False,False
35690,0.0000,1.0000,False,False,False
35691,1.0000,0.0000,False,False,False
35692,1.0000,0.0000,False,False,False
35693,1.0000,0.0000,False,False,False
35694,1.0000,0.0000,False,False,False
35695,0.0000,1.0000,False,False,False
35696,1.0000,0.0000,False,False,False
35697,1.0000,0.0000,False,False,False
35698,1.0000,0.0000,False,False,False
35699,0.0000,1.0000,False,False,False
35700,1.0000,0.0000,False,False,False
35701,1.0000,0.0000,False,False,False
35702,1.0000,0.0000,False,False,False
35703,1.0000,0.0000,False,False,False
35704,1.0000,0.0000,False,False,False
35705,1.0000,0.0000,False,False,False
35706,0.0000,1.0000,False,False,False
35707,0.0000,1.0000,False,False,False
35708,1.0000,0.0000,False,False,False
35709,0.0000,1.0000,False,False,False
35710,1.0000,0.0000,False,False,False
35711,0.0000,1.0000,False,False,False
35712,1.0000,0.0000,False,False,False
35713,1.0000,0.0000,False,False,False
35714,0.0000,1.0000,False,False,False
35715,0.0000,1.0000,False,False,False
35716,1.0000,0.0000,False,False,False
35717,0.0000,1.0000,False,False,False
35718,0.0000,1.0000,False,False,False
35719,1.0000,0.0000,False,False,False
35720,0.0000,1.0000,False,False,False
35721,1.0000,0.0000,False,False,False
35722,0.0000,1.0000,False,False,False
35723,1.0000,0.0000,False,False,False
35724,1.0000,0.0000,False,False,False
35725,1.0000,0.0000,False,False,False
35726,0.0000,1.0000,False,False,False
35727,1.0000,0.0000,False,False,False
35728,0.0000,1.0000,False,False,False
35729,0.0000,1.0000,False,False,False
35730,1.0000,0.0000,False,False,False
35731,1.0000,0.0000,False,False,False
35732,1.0000,0.0000,False,False,False
35733,1.0000,0.0000,False,False,False
35734,1.0000,0.0000,False,False,False
35735,1.0000,0.0000,False,False,False
35736,1.0000,0.0000,False,False,False
35737,1.0000,0.0000,False,False,False
35738,0.0000,1.0000,False,False,False
35739,1.0000,0.0000,False,False,False
35740,0.0000,1.0000,False,False,False
35741,1.0000,0.0000,False,False,False
35742,0.0000,1.0000,False,False,False
35743,1.0000,0.0000,False,False,False
35744,1.0000,0.0000,False,False,False
35745,1.0000,0.0000,False,False,False
35746,1.0000,0.0000,False,False,False
35747,0.0000,1.0000,False,False,False
35748,0.0000,1.0000,False,False,False
35749,1.0000,0.0000,False,False,False
35750,1.0000,0.0000,False,False,False
35751,1.0000,0.0000,False,False,False
35752,0.0000,1.0000,False,False,False
35753,0.0000,1.0000,False,False,False
35754,1.0000,0.0000,False,False,False
35755,1.0000,0.0000,False,False,False
35756,1.0000,0.0000,False,False,False
35757,1.0000,0.0000,False,False,False
35758,1.0000,0.0000,False,False,False
35759,1.0000,0.0000,False,False,False
35760,0.0000,1.0000,False,False,False
35761,1.0000,0.0000,False,False,False
35762,1.0000,0.0000,False,False,False
35763,1.0000,0.0000,False,False,False
35764,0.0000,1.0000,False,False,False
35765,0.0000,1.0000,False,False,False
35766,0.0000,1.0000,False,False,False
35767,0.0000,1.0000,False,False,False
35768,1.0000,0.0000,False,False,False
35769,0.0000,1.0000,False,False,False
35770,1.0000,0.0000,False,False,False
35771,0.0000,1.0000,False,False,False
35772,1.0000,0.0000,False,False,False
35773,1.0000,0.0000,False,False,False
35774,1.0000,0.0000,False,False,False
35775,0.0000,1.0000,False,False,False
35776,1.0000,0.0000,False,False,False
35777,0.0000,1.0000,False,False,False
35778,1.0000,0.0000,False,False,False
35779,1.0000,0.0000,False,False,False
35780,0.0000,1.0000,False,False,False
35781,0.0000,1.0000,False,False,False
35782,1.0000,0.0000,False,False,False
35783,1.0000,0.0000,False,False,False
35784,1.0000,0.0000,False,False,False
35785,1.0000,0.0000,False,False,False
35786,0.0000,1.0000,False,False,False
35787,0.0000,1.0000,False,False,False
35788,1.0000,0.0000,False,False,False
35789,1.0000,0.0000,False,False,False
35790,1.0000,0.0000,False,False,False
35791,0.0000,1.0000,False,False,False
35792,1.0000,0.0000,False,False,False
35793,1.0000,0.0000,False,False,False
35794,1.0000,0.0000,False,False,False
35795,1.0000,0.0000,False,False,False
35796,0.0000,1.0000,False,False,False
35797,1.0000,0.0000,False,False,False
35798,0.0000,1.0000,False,False,False
35799,1.0000,0.0000,False,False,False
35800,0.0000,1.0000,False,False,False
35801,1.0000,0.0000,False,False,False
35802,0.0000,1.0000,False,False,False
35803,1.0000,0.0000,False,False,False
35804,1.0000,0.0000,False,False,False
35805,1.0000,0.0000,False,False,False
35806,1.0000,0.0000,False,False,False
35807,1.0000,0.0000,False,False,False
35808,1.0000,0.0000,False,False,False
35809,0.0000,1.0000,False,False,False
35810,1.0000,0.0000,False,False,False
35811,1.0000,0.0000,False,False,False
35812,1.0000,0.0000,False,False,False
35813,1.0000,0.0000,False,False,False
35814,1.0000,0.0000,False,False,False
35815,0.0000,1.0000,False,False,False
35816,1.0000,0.0000,False,False,False
35817,1.0000,0.0000,False,False,False
35818,0.0000,1.0000,False,False,False
35819,1.0000,0.0000,False,False,False
35820,0.0000,1.0000,False,False,False
35821,0.0000,1.0000,False,False,False
35822,1.0000,0.0000,False,False,False
35823,1.0000,0.0000,False,False,False
35824,1.0000,0.0000,False,False,False
35825,1.0000,0.0000,False,False,False
35826,1.0000,0.0000,False,False,False
35827,1.0000,0.0000,False,False,False
35828,0.0000,1.0000,False,False,False
35829,1.0000,0.0000,False,False,False
35830,1.0000,0.0000,False,False,False
35831,1.0000,0.0000,False,False,False
35832,1.0000,0.0000,False,False,False
35833,1.0000,0.0000,False,False,False
35834,1.0000,0.0000,False,False,False
35835,1.0000,0.0000,False,False,False
35836,1.0000,0.0000,False,False,False
35837,0.0000,1.0000,False,False,False
35838,1.0000,0.0000,False,False,False
35839,1.0000,0.0000,False,False,False
35840,1.0000,0.0000,False,False,False
35841,1.0000,0.0000,False,False,False
35842,1.0000,0.0000,False,False,False
35843,0.0000,1.0000,False,False,False
35844,1.0000,0.0000,False,False,False
35845,1.0000,0.0000,False,False,False
35846,1.0000,0.0000,False,False,False
35847,0.0000,1.0000,False,False,False
35848,1.0000,0.0000,False,False,False
35849,1.0000,0.0000,False,False,False
35850,1.0000,0.0000,False,False,False
35851,1.0000,0.0000,False,False,False
35852,0.0000,1.0000,False,False,False
35853,1.0000,0.0000,False,False,False
35854,1.0000,0.0000,False,False,False
35855,1.0000,0.0000,False,False,False
35856,0.0000,1.0000,False,False,False
35857,0.0000,1.0000,False,False,False
35858,1.0000,0.0000,False,False,False
35859,1.0000,0.0000,False,False,False
35860,0.0000,1.0000,False,False,False
35861,1.0000,0.0000,False,False,False
35862,1.0000,0.0000,False,False,False
35863,1.0000,0.0000,False,False,False
35864,0.0000,1.0000,False,False,False
35865,1.0000,0.0000,False,False,False
35866,0.0000,1.0000,False,False,False
35867,0.0000,1.0000,False,False,False
35868,1.0000,0.0000,False,False,False
35869,0.0000,1.0000,False,False,False
35870,1.0000,0.0000,False,False,False
35871,0.0000,1.0000,False,False,False
35872,0.0000,1.0000,False,False,False
35873,0.0000,1.0000,False,False,False
35874,1.0000,0.0000,False,False,False
35875,0.0000,1.0000,False,False,False
35876,1.0000,0.0000,False,False,False
35877,1.0000,0.0000,False,False,False
35878,1.0000,0.0000,False,False,False
35879,0.0000,1.0000,False,False,False
35880,0.0000,1.0000,False,False,False
35881,1.0000,0.0000,False,False,False
35882,1.0000,0.0000,False,False,False
35883,0.0000,1.0000,False,False,False
35884,1.0000,0.0000,False,False,False
35885,1.0000,0.0000,False,False,False
35886,1.0000,0.0000,False,False,False
35887,1.0000,0.0000,False,False,False
35888,1.0000,0.0000,False,False,False
35889,1.0000,0.0000,False,False,False
35890,1.0000,0.0000,False,False,False
35891,1.0000,0.0000,False,False,False
35892,1.0000,0.0000,False,False,False
35893,1.0000,0.0000,False,False,False
35894,1.0000,0.0000,False,False,False
35895,0.0000,1.0000,False,False,False
35896,0.0000,1.0000,False,False,False
35897,0.0000,1.0000,False,False,False
35898,0.0000,1.0000,False,False,False
35899,1.0000,0.0000,False,False,False
35900,1.0000,0.0000,False,False,False
35901,1.0000,0.0000,False,False,False
35902,0.0000,1.0000,False,False,False
35903,1.0000,0.0000,False,False,False
35904,1.0000,0.0000,False,False,False
35905,0.0000,1.0000,False,False,False
35906,0.0000,1.0000,False,False,False
35907,1.0000,0.0000,False,False,False
35908,1.0000,0.0000,False,False,False
35909,1.0000,0.0000,False,False,False
35910,1.0000,0.0000,False,False,False
35911,1.0000,0.0000,False,False,False
35912,1.0000,0.0000,False,False,False
35913,1.0000,0.0000,False,False,False
35914,1.0000,0.0000,False,False,False
35915,0.0000,1.0000,False,False,False
35916,0.0000,1.0000,False,False,False
35917,1.0000,0.0000,False,False,False
35918,1.0000,0.0000,False,False,False
35919,1.0000,0.0000,False,False,False
35920,1.0000,0.0000,False,False,False
35921,1.0000,0.0000,False,False,False
35922,1.0000,0.0000,False,False,False
35923,0.0000,1.0000,False,False,False
35924,1.0000,0.0000,False,False,False
35925,1.0000,0.0000,False,False,False
35926,0.0000,1.0000,False,False,False
35927,1.0000,0.0000,False,False,False
35928,1.0000,0.0000,False,False,False
35929,0.0000,1.0000,False,False,False
35930,1.0000,0.0000,False,False,False
35931,0.0000,1.0000,False,False,False
35932,0.0000,1.0000,False,False,False
35933,1.0000,0.0000,False,False,False
35934,1.0000,0.0000,False,False,False
35935,1.0000,0.0000,False,False,False
35936,0.0000,1.0000,False,False,False
35937,1.0000,0.0000,False,False,False
35938,1.0000,0.0000,False,False,False
35939,0.0000,1.0000,False,False,False
35940,1.0000,0.0000,False,False,False
35941,1.0000,0.0000,False,False,False
35942,0.0000,1.0000,False,False,False
35943,1.0000,0.0000,False,False,False
35944,1.0000,0.0000,False,False,False
35945,1.0000,0.0000,False,False,False
35946,1.0000,0.0000,False,False,False
35947,0.0000,1.0000,False,False,False
35948,0.0000,1.0000,False,False,False
35949,0.0000,1.0000,False,False,False
35950,0.0000,1.0000,False,False,False
35951,0.0000,1.0000,False,False,False
35952,0.0000,1.0000,False,False,False
35953,0.0000,1.0000,False,False,False
35954,1.0000,0.0000,False,False,False
35955,1.0000,0.0000,False,False,False
35956,1.0000,0.0000,False,False,False
35957,0.0000,1.0000,False,False,False
35958,0.0000,1.0000,False,False,False
35959,1.0000,0.0000,False,False,False
35960,1.0000,0.0000,False,False,False
35961,1.0000,0.0000,False,False,False
35962,1.0000,0.0000,False,False,False
35963,0.0000,1.0000,False,False,False
35964,0.0000,1.0000,False,False,False
35965,1.0000,0.0000,False,False,False
35966,0.0000,1.0000,False,False,False
35967,0.0000,1.0000,False,False,False
35968,0.0000,1.0000,False,False,False
35969,1.0000,0.0000,False,False,False
35970,1.0000,0.0000,False,False,False
35971,1.0000,0.0000,False,False,False
35972,1.0000,0.0000,False,False,False
35973,0.0000,1.0000,False,False,False
35974,1.0000,0.0000,False,False,False
35975,0.0000,1.0000,False,False,False
35976,1.0000,0.0000,False,False,False
35977,0.0000,1.0000,False,False,False
35978,1.0000,0.0000,False,False,False
35979,1.0000,0.0000,False,False,False
35980,1.0000,0.0000,False,False,False
35981,0.0000,1.0000,False,False,False
35982,1.0000,0.0000,False,False,False
35983,1.0000,0.0000,False,False,False
35984,1.0000,0.0000,False,False,False
35985,1.0000,0.0000,False,False,False
35986,1.0000,0.0000,False,False,False
35987,0.0000,1.0000,False,False,False
35988,1.0000,0.0000,False,False,False
35989,1.0000,0.0000,False,False,False
35990,1.0000,0.0000,False,False,False
35991,1.0000,0.0000,False,False,False
35992,1.0000,0.0000,False,False,False
35993,1.0000,0.0000,False,False,False
35994,1.0000,0.0000,False,False,False
35995,1.0000,0.0000,False,False,False
35996,0.0000,1.0000,False,False,False
35997,1.0000,0.0000,False,False,False
35998,1.0000,0.0000,False,False,False
35999,0.0000,1.0000,False,False,False
36000,1.0000,0.0000,False,False,False
36001,0.0000,1.0000,False,False,False
36002,1.0000,0.0000,False,False,False
36003,1.0000,0.0000,False,False,False
36004,1.0000,0.0000,False,False,False
36005,1.0000,0.0000,False,False,False
36006,1.0000,0.0000,False,False,False
36007,1.0000,0.0000,False,False,False
36008,1.0000,0.0000,False,False,False
36009,1.0000,0.0000,False,False,False
36010,0.0000,1.0000,False,False,False
36011,1.0000,0.0000,False,False,False
36012,1.0000,0.0000,False,False,False
36013,1.0000,0.0000,False,False,False
36014,0.0000,1.0000,False,False,False
36015,1.0000,0.0000,False,False,False
36016,1.0000,0.0000,False,False,False
36017,1.0000,0.0000,False,False,False
36018,0.0000,1.0000,False,False,False
36019,1.0000,0.0000,False,False,False
36020,1.0000,0.0000,False,False,False
36021,1.0000,0.0000,False,False,False
36022,0.0000,1.0000,False,False,False
36023,1.0000,0.0000,False,False,False
36024,1.0000,0.0000,False,False,False
36025,1.0000,0.0000,False,False,False
36026,1.0000,0.0000,False,False,False
36027,1.0000,0.0000,False,False,False
36028,0.0000,1.0000,False,False,False
36029,1.0000,0.0000,False,False,False
36030,0.0000,1.0000,False,False,False
36031,1.0000,0.0000,False,False,False
36032,0.0000,1.0000,False,False,False
36033,1.0000,0.0000,False,False,False
36034,1.0000,0.0000,False,False,False
36035,1.0000,0.0000,False,False,False
36036,1.0000,0.0000,False,False,False
36037,1.0000,0.0000,False,False,False
36038,0.0000,1.0000,False,False,False
36039,1.0000,0.0000,False,False,False
36040,0.0000,1.0000,False,False,False
36041,1.0000,0.0000,False,False,False
36042,1.0000,0.0000,False,False,False
36043,0.0000,1.0000,False,False,False
36044,0.0000,1.0000,False,False,False
36045,1.0000,0.0000,False,False,False
36046,1.0000,0.0000,False,False,False
36047,0.0000,1.0000,False,False,False
36048,1.0000,0.0000,False,False,False
36049,1.0000,0.0000,False,False,False
36050,1.0000,0.0000,False,False,False
36051,0.0000,1.0000,False,False,False
36052,1.0000,0.0000,False,False,False
36053,0.0000,1.0000,False,False,False
36054,0.0000,1.0000,False,False,False
36055,1.0000,0.0000,False,False,False
36056,0.0000,1.0000,False,False,False
36057,1.0000,0.0000,False,False,False
36058,1.0000,0.0000,False,False,False
36059,0.0000,1.0000,False,False,False
36060,1.0000,0.0000,False,False,False
36061,0.0000,1.0000,False,False,False
36062,0.0000,1.0000,False,False,False
36063,1.0000,0.0000,False,False,False
36064,0.0000,1.0000,False,False,False
36065,1.0000,0.0000,False,False,False
36066,0.0000,1.0000,False,False,False
36067,0.0000,1.0000,False,False,False
36068,1.0000,0.0000,False,False,False
36069,0.0000,1.0000,False,False,False
36070,0.0000,1.0000,False,False,False
36071,0.0000,1.0000,False,False,False
36072,1.0000,0.0000,False,False,False
36073,1.0000,0.0000,False,False,False
36074,1.0000,0.0000,False,False,False
36075,1.0000,0.0000,False,False,False
36076,0.0000,1.0000,False,False,False
36077,1.0000,0.0000,False,False,False
36078,1.0000,0.0000,False,False,False
36079,0.0000,1.0000,False,False,False
36080,1.0000,0.0000,False,False,False
36081,0.0000,1.0000,False,False,False
36082,1.0000,0.0000,False,False,False
36083,1.0000,0.0000,False,False,False
36084,1.0000,0.0000,False,False,False
36085,0.0000,1.0000,False,False,False
36086,1.0000,0.0000,False,False,False
36087,1.0000,0.0000,False,False,False
36088,1.0000,0.0000,False,False,False
36089,1.0000,0.0000,False,False,False
36090,0.0000,1.0000,False,False,False
36091,0.0000,1.0000,False,False,False
36092,1.0000,0.0000,False,False,False
36093,1.0000,0.0000,False,False,False
36094,0.0000,1.0000,False,False,False
36095,0.0000,1.0000,False,False,False
36096,1.0000,0.0000,False,False,False
36097,1.0000,0.0000,False,False,False
36098,1.0000,0.0000,False,False,False
36099,1.0000,0.0000,False,False,False
36100,0.0000,1.0000,False,False,False
36101,1.0000,0.0000,False,False,False
36102,1.0000,0.0000,False,False,False
36103,1.0000,0.0000,False,False,False
36104,1.0000,0.0000,False,False,False
36105,0.0000,1.0000,False,False,False
36106,0.0000,1.0000,False,False,False
36107,0.0000,1.0000,False,False,False
36108,0.0000,1.0000,False,False,False
36109,0.0000,1.0000,False,False,False
36110,1.0000,0.0000,False,False,False
36111,0.0000,1.0000,False,False,False
36112,0.0000,1.0000,False,False,False
36113,0.0000,1.0000,False,False,False
36114,1.0000,0.0000,False,False,False
36115,0.0000,1.0000,False,False,False
36116,1.0000,0.0000,False,False,False
36117,0.0000,1.0000,False,False,False
36118,0.0000,1.0000,False,False,False
36119,0.0000,1.0000,False,False,False
36120,1.0000,0.0000,False,False,False
36121,1.0000,0.0000,False,False,False
36122,1.0000,0.0000,False,False,False
36123,1.0000,0.0000,False,False,False
36124,1.0000,0.0000,False,False,False
36125,1.0000,0.0000,False,False,False
36126,0.0000,1.0000,False,False,False
36127,0.0000,1.0000,False,False,False
36128,0.0000,1.0000,False,False,False
36129,1.0000,0.0000,False,False,False
36130,1.0000,0.0000,False,False,False
36131,0.0000,1.0000,False,False,False
36132,0.0000,1.0000,False,False,False
36133,1.0000,0.0000,False,False,False
36134,1.0000,0.0000,False,False,False
36135,1.0000,0.0000,False,False,False
36136,1.0000,0.0000,False,False,False
36137,0.0000,1.0000,False,False,False
36138,1.0000,0.0000,False,False,False
36139,0.0000,1.0000,False,False,False
36140,0.0000,1.0000,False,False,False
36141,1.0000,0.0000,False,False,False
36142,1.0000,0.0000,False,False,False
36143,1.0000,0.0000,False,False,False
36144,1.0000,0.0000,False,False,False
36145,0.0000,1.0000,False,False,False
36146,0.0000,1.0000,False,False,False
36147,1.0000,0.0000,False,False,False
36148,1.0000,0.0000,False,False,False
36149,1.0000,0.0000,False,False,False
36150,0.0000,1.0000,False,False,False
36151,1.0000,0.0000,False,False,False
36152,1.0000,0.0000,False,False,False
36153,1.0000,0.0000,False,False,False
36154,1.0000,0.0000,False,False,False
36155,1.0000,0.0000,False,False,False
36156,0.0000,1.0000,False,False,False
36157,1.0000,0.0000,False,False,False
36158,1.0000,0.0000,False,False,False
36159,1.0000,0.0000,False,False,False
36160,1.0000,0.0000,False,False,False
36161,0.0000,1.0000,False,False,False
36162,1.0000,0.0000,False,False,False
36163,1.0000,0.0000,False,False,False
36164,0.0000,1.0000,False,False,False
36165,1.0000,0.0000,False,False,False
36166,1.0000,0.0000,False,False,False
36167,1.0000,0.0000,False,False,False
36168,1.0000,0.0000,False,False,False
36169,1.0000,0.0000,False,False,False
36170,1.0000,0.0000,False,False,False
36171,1.0000,0.0000,False,False,False
36172,1.0000,0.0000,False,False,False
36173,1.0000,0.0000,False,False,False
36174,0.0000,1.0000,False,False,False
36175,1.0000,0.0000,False,False,False
36176,1.0000,0.0000,False,False,False
36177,1.0000,0.0000,False,False,False
36178,0.0000,1.0000,False,False,False
36179,1.0000,0.0000,False,False,False
36180,1.0000,0.0000,False,False,False
36181,1.0000,0.0000,False,False,False
36182,0.0000,1.0000,False,False,False
36183,1.0000,0.0000,False,False,False
36184,0.0000,1.0000,False,False,False
36185,1.0000,0.0000,False,False,False
36186,1.0000,0.0000,False,False,False
36187,1.0000,0.0000,False,False,False
36188,1.0000,0.0000,False,False,False
36189,0.0000,1.0000,False,False,False
36190,1.0000,0.0000,False,False,False
36191,0.0000,1.0000,False,False,False
36192,1.0000,0.0000,False,False,False
36193,1.0000,0.0000,False,False,False
36194,0.0000,1.0000,False,False,False
36195,0.0000,1.0000,False,False,False
36196,1.0000,0.0000,False,False,False
36197,1.0000,0.0000,False,False,False
36198,0.0000,1.0000,False,False,False
36199,1.0000,0.0000,False,False,False
36200,0.0000,1.0000,False,False,False
36201,1.0000,0.0000,False,False,False
36202,1.0000,0.0000,False,False,False
36203,1.0000,0.0000,False,False,False
36204,0.0000,1.0000,False,False,False
36205,1.0000,0.0000,False,False,False
36206,1.0000,0.0000,False,False,False
36207,1.0000,0.0000,False,False,False
36208,1.0000,0.0000,False,False,False
36209,1.0000,0.0000,False,False,False
36210,1.0000,0.0000,False,False,False
36211,1.0000,0.0000,False,False,False
36212,1.0000,0.0000,False,False,False
36213,1.0000,0.0000,False,False,False
36214,1.0000,0.0000,False,False,False
36215,1.0000,0.0000,False,False,False
36216,1.0000,0.0000,False,False,False
36217,1.0000,0.0000,False,False,False
36218,0.0000,1.0000,False,False,False
36219,1.0000,0.0000,False,False,False
36220,1.0000,0.0000,False,False,False
36221,0.0000,1.0000,False,False,False
36222,1.0000,0.0000,False,False,False
36223,1.0000,0.0000,False,False,False
36224,0.0000,1.0000,False,False,False
36225,1.0000,0.0000,False,False,False
36226,1.0000,0.0000,False,False,False
36227,1.0000,0.0000,False,False,False
36228,1.0000,0.0000,False,False,False
36229,1.0000,0.0000,False,False,False
36230,0.0000,1.0000,False,False,False
36231,1.0000,0.0000,False,False,False
36232,1.0000,0.0000,False,False,False
36233,1.0000,0.0000,False,False,False
36234,1.0000,0.0000,False,False,False
36235,1.0000,0.0000,False,False,False
36236,1.0000,0.0000,False,False,False
36237,1.0000,0.0000,False,False,False
36238,0.0000,1.0000,False,False,False
36239,0.0000,1.0000,False,False,False
36240,1.0000,0.0000,False,False,False
36241,0.0000,1.0000,False,False,False
36242,1.0000,0.0000,False,False,False
36243,1.0000,0.0000,False,False,False
36244,1.0000,0.0000,False,False,False
36245,1.0000,0.0000,False,False,False
36246,1.0000,0.0000,False,False,False
36247,1.0000,0.0000,False,False,False
36248,0.0000,1.0000,False,False,False
36249,1.0000,0.0000,False,False,False
36250,1.0000,0.0000,False,False,False
36251,1.0000,0.0000,False,False,False
36252,1.0000,0.0000,False,False,False
36253,1.0000,0.0000,False,False,False
36254,0.0000,1.0000,False,False,False
36255,1.0000,0.0000,False,False,False
36256,0.0000,1.0000,False,False,False
36257,1.0000,0.0000,False,False,False
36258,1.0000,0.0000,False,False,False
36259,0.0000,1.0000,False,False,False
36260,1.0000,0.0000,False,False,False
36261,1.0000,0.0000,False,False,False
36262,1.0000,0.0000,False,False,False
36263,0.0000,1.0000,False,False,False
36264,0.0000,1.0000,False,False,False
36265,1.0000,0.0000,False,False,False
36266,0.0000,1.0000,False,False,False
36267,1.0000,0.0000,False,False,False
36268,0.0000,1.0000,False,False,False
36269,1.0000,0.0000,False,False,False
36270,1.0000,0.0000,False,False,False
36271,1.0000,0.0000,False,False,False
36272,0.0000,1.0000,False,False,False
36273,1.0000,0.0000,False,False,False
36274,1.0000,0.0000,False,False,False
36275,1.0000,0.0000,False,False,False
36276,1.0000,0.0000,False,False,False
36277,1.0000,0.0000,False,False,False
36278,1.0000,0.0000,False,False,False
36279,1.0000,0.0000,False,False,False
36280,1.0000,0.0000,False,False,False
36281,0.0000,1.0000,False,False,False
36282,0.0000,1.0000,False,False,False
36283,1.0000,0.0000,False,False,False
36284,1.0000,0.0000,False,False,False
36285,0.0000,1.0000,False,False,False
36286,1.0000,0.0000,False,False,False
36287,1.0000,0.0000,False,False,False
36288,0.0000,1.0000,False,False,False
36289,1.0000,0.0000,False,False,False
36290,0.0000,1.0000,False,False,False
36291,1.0000,0.0000,False,False,False
36292,1.0000,0.0000,False,False,False
36293,1.0000,0.0000,False,False,False
36294,1.0000,0.0000,False,False,False
36295,0.0000,1.0000,False,False,False
36296,1.0000,0.0000,False,False,False
36297,1.0000,0.0000,False,False,False
36298,0.0000,1.0000,False,False,False
36299,1.0000,0.0000,False,False,False
36300,1.0000,0.0000,False,False,False
36301,0.0000,1.0000,False,False,False
36302,1.0000,0.0000,False,False,False
36303,1.0000,0.0000,False,False,False
36304,1.0000,0.0000,False,False,False
36305,0.0000,1.0000,False,False,False
36306,1.0000,0.0000,False,False,False
36307,1.0000,0.0000,False,False,False
36308,1.0000,0.0000,False,False,False
36309,1.0000,0.0000,False,False,False
36310,1.0000,0.0000,False,False,False
36311,0.0000,1.0000,False,False,False
36312,1.0000,0.0000,False,False,False
36313,0.0000,1.0000,False,False,False
36314,1.0000,0.0000,False,False,False
36315,1.0000,0.0000,False,False,False
36316,1.0000,0.0000,False,False,False
36317,1.0000,0.0000,False,False,False
36318,1.0000,0.0000,False,False,False
36319,0.0000,1.0000,False,False,False
36320,0.0000,1.0000,False,False,False
36321,1.0000,0.0000,False,False,False
36322,1.0000,0.0000,False,False,False
36323,1.0000,0.0000,False,False,False
36324,1.0000,0.0000,False,False,False
36325,1.0000,0.0000,False,False,False
36326,1.0000,0.0000,False,False,False
36327,1.0000,0.0000,False,False,False
36328,1.0000,0.0000,False,False,False
36329,0.0000,1.0000,False,False,False
36330,1.0000,0.0000,False,False,False
36331,0.0000,1.0000,False,False,False
36332,0.0000,1.0000,False,False,False
36333,1.0000,0.0000,False,False,False
36334,1.0000,0.0000,False,False,False
36335,1.0000,0.0000,False,False,False
36336,1.0000,0.0000,False,False,False
36337,0.0000,1.0000,False,False,False
36338,0.0000,1.0000,False,False,False
36339,1.0000,0.0000,False,False,False
36340,0.0000,1.0000,False,False,False
36341,0.0000,1.0000,False,False,False
36342,1.0000,0.0000,False,False,False
36343,1.0000,0.0000,False,False,False
36344,1.0000,0.0000,False,False,False
36345,1.0000,0.0000,False,False,False
36346,1.0000,0.0000,False,False,False
36347,1.0000,0.0000,False,False,False
36348,1.0000,0.0000,False,False,False
36349,0.0000,1.0000,False,False,False
36350,1.0000,0.0000,False,False,False
36351,1.0000,0.0000,False,False,False
36352,1.0000,0.0000,False,False,False
36353,1.0000,0.0000,False,False,False
36354,1.0000,0.0000,False,False,False
36355,1.0000,0.0000,False,False,False
36356,1.0000,0.0000,False,False,False
36357,0.0000,1.0000,False,False,False
36358,0.0000,1.0000,False,False,False
36359,1.0000,0.0000,False,False,False
36360,0.0000,1.0000,False,False,False
36361,1.0000,0.0000,False,False,False
36362,1.0000,0.0000,False,False,False
36363,1.0000,0.0000,False,False,False
36364,0.0000,1.0000,False,False,False
36365,0.0000,1.0000,False,False,False
36366,0.0000,1.0000,False,False,False
36367,0.0000,1.0000,False,False,False
36368,1.0000,0.0000,False,False,False
36369,1.0000,0.0000,False,False,False
36370,1.0000,0.0000,False,False,False
36371,1.0000,0.0000,False,False,False
36372,0.0000,1.0000,False,False,False
36373,1.0000,0.0000,False,False,False
36374,1.0000,0.0000,False,False,False
36375,1.0000,0.0000,False,False,False
36376,1.0000,0.0000,False,False,False
36377,0.0000,1.0000,False,False,False
36378,1.0000,0.0000,False,False,False
36379,1.0000,0.0000,False,False,False
36380,0.0000,1.0000,False,False,False
36381,1.0000,0.0000,False,False,False
36382,1.0000,0.0000,False,False,False
36383,1.0000,0.0000,False,False,False
36384,1.0000,0.0000,False,False,False
36385,0.0000,1.0000,False,False,False
36386,1.0000,0.0000,False,False,False
36387,1.0000,0.0000,False,False,False
36388,1.0000,0.0000,False,False,False
36389,1.0000,0.0000,False,False,False
36390,1.0000,0.0000,False,False,False
36391,0.0000,1.0000,False,False,False
36392,1.0000,0.0000,False,False,False
36393,0.0000,1.0000,False,False,False
36394,0.0000,1.0000,False,False,False
36395,1.0000,0.0000,False,False,False
36396,0.0000,1.0000,False,False,False
36397,1.0000,0.0000,False,False,False
36398,1.0000,0.0000,False,False,False
36399,1.0000,0.0000,False,False,False
36400,1.0000,0.0000,False,False,False
36401,1.0000,0.0000,False,False,False
36402,0.0000,1.0000,False,False,False
36403,1.0000,0.0000,False,False,False
36404,0.0000,1.0000,False,False,False
36405,1.0000,0.0000,False,False,False
36406,1.0000,0.0000,False,False,False
36407,1.0000,0.0000,False,False,False
36408,1.0000,0.0000,False,False,False
36409,0.0000,1.0000,False,False,False
36410,0.0000,1.0000,False,False,False
36411,1.0000,0.0000,False,False,False
36412,1.0000,0.0000,False,False,False
36413,1.0000,0.0000,False,False,False
36414,1.0000,0.0000,False,False,False
36415,1.0000,0.0000,False,False,False
36416,0.0000,1.0000,False,False,False
36417,0.0000,1.0000,False,False,False
36418,1.0000,0.0000,False,False,False
36419,1.0000,0.0000,False,False,False
36420,0.0000,1.0000,False,False,False
36421,1.0000,0.0000,False,False,False
36422,0.0000,1.0000,False,False,False
36423,0.0000,1.0000,False,False,False
36424,1.0000,0.0000,False,False,False
36425,1.0000,0.0000,False,False,False
36426,0.0000,1.0000,False,False,False
36427,1.0000,0.0000,False,False,False
36428,1.0000,0.0000,False,False,False
36429,1.0000,0.0000,False,False,False
36430,0.0000,1.0000,False,False,False
36431,0.0000,1.0000,False,False,False
36432,1.0000,0.0000,False,False,False
36433,1.0000,0.0000,False,False,False
36434,1.0000,0.0000,False,False,False
36435,1.0000,0.0000,False,False,False
36436,1.0000,0.0000,False,False,False
36437,1.0000,0.0000,False,False,False
36438,0.0000,1.0000,False,False,False
36439,1.0000,0.0000,False,False,False
36440,0.0000,1.0000,False,False,False
36441,1.0000,0.0000,False,False,False
36442,0.0000,1.0000,False,False,False
36443,1.0000,0.0000,False,False,False
36444,0.0000,1.0000,False,False,False
36445,1.0000,0.0000,False,False,False
36446,1.0000,0.0000,False,False,False
36447,1.0000,0.0000,False,False,False
36448,0.0000,1.0000,False,False,False
36449,1.0000,0.0000,False,False,False
36450,1.0000,0.0000,False,False,False
36451,0.0000,1.0000,False,False,False
36452,1.0000,0.0000,False,False,False
36453,0.0000,1.0000,False,False,False
36454,1.0000,0.0000,False,False,False
36455,1.0000,0.0000,False,False,False
36456,1.0000,0.0000,False,False,False
36457,1.0000,0.0000,False,False,False
36458,1.0000,0.0000,False,False,False
36459,0.0000,1.0000,False,False,False
36460,1.0000,0.0000,False,False,False
36461,0.0000,1.0000,False,False,False
36462,1.0000,0.0000,False,False,False
36463,1.0000,0.0000,False,False,False
36464,1.0000,0.0000,False,False,False
36465,0.0000,1.0000,False,False,False
36466,1.0000,0.0000,False,False,False
36467,1.0000,0.0000,False,False,False
36468,1.0000,0.0000,False,False,False
36469,0.0000,1.0000,False,False,False
36470,1.0000,0.0000,False,False,False
36471,0.0000,1.0000,False,False,False
36472,1.0000,0.0000,False,False,False
36473,1.0000,0.0000,False,False,False
36474,1.0000,0.0000,False,False,False
36475,1.0000,0.0000,False,False,False
36476,0.0000,1.0000,False,False,False
36477,1.0000,0.0000,False,False,False
36478,1.0000,0.0000,False,False,False
36479,1.0000,0.0000,False,False,False
36480,1.0000,0.0000,False,False,False
36481,1.0000,0.0000,False,False,False
36482,1.0000,0.0000,False,False,False
36483,0.0000,1.0000,False,False,False
36484,1.0000,0.0000,False,False,False
36485,1.0000,0.0000,False,False,False
36486,1.0000,0.0000,False,False,False
36487,1.0000,0.0000,False,False,False
36488,1.0000,0.0000,False,False,False
36489,1.0000,0.0000,False,False,False
36490,0.0000,1.0000,False,False,False
36491,0.0000,1.0000,False,False,False
36492,1.0000,0.0000,False,False,False
36493,1.0000,0.0000,False,False,False
36494,1.0000,0.0000,False,False,False
36495,1.0000,0.0000,False,False,False
36496,1.0000,0.0000,False,False,False
36497,0.0000,1.0000,False,False,False
36498,1.0000,0.0000,False,False,False
36499,1.0000,0.0000,False,False,False
36500,1.0000,0.0000,False,False,False
36501,0.0000,1.0000,False,False,False
36502,0.0000,1.0000,False,False,False
36503,1.0000,0.0000,False,False,False
36504,1.0000,0.0000,False,False,False
36505,0.0000,1.0000,False,False,False
36506,1.0000,0.0000,False,False,False
36507,1.0000,0.0000,False,False,False
36508,1.0000,0.0000,False,False,False
36509,1.0000,0.0000,False,False,False
36510,0.0000,1.0000,False,False,False
36511,1.0000,0.0000,False,False,False
36512,1.0000,0.0000,False,False,False
36513,1.0000,0.0000,False,False,False
36514,1.0000,0.0000,False,False,False
36515,1.0000,0.0000,False,False,False
36516,1.0000,0.0000,False,False,False
36517,0.0000,1.0000,False,False,False
36518,1.0000,0.0000,False,False,False
36519,1.0000,0.0000,False,False,False
36520,0.0000,1.0000,False,False,False
36521,1.0000,0.0000,False,False,False
36522,0.0000,1.0000,False,False,False
36523,1.0000,0.0000,False,False,False
36524,1.0000,0.0000,False,False,False
36525,1.0000,0.0000,False,False,False
36526,1.0000,0.0000,False,False,False
36527,0.0000,1.0000,False,False,False
36528,0.0000,1.0000,False,False,False
36529,1.0000,0.0000,False,False,False
36530,0.0000,1.0000,False,False,False
36531,1.0000,0.0000,False,False,False
36532,1.0000,0.0000,False,False,False
36533,0.0000,1.0000,False,False,False
36534,0.0000,1.0000,False,False,False
36535,1.0000,0.0000,False,False,False
36536,0.0000,1.0000,False,False,False
36537,1.0000,0.0000,False,False,False
36538,1.0000,0.0000,False,False,False
36539,1.0000,0.0000,False,False,False
36540,1.0000,0.0000,False,False,False
36541,1.0000,0.0000,False,False,False
36542,0.0000,1.0000,False,False,False
36543,1.0000,0.0000,False,False,False
36544,0.0000,1.0000,False,False,False
36545,1.0000,0.0000,False,False,False
36546,1.0000,0.0000,False,False,False
36547,1.0000,0.0000,False,False,False
36548,0.0000,1.0000,False,False,False
36549,1.0000,0.0000,False,False,False
36550,1.0000,0.0000,False,False,False
36551,1.0000,0.0000,False,False,False
36552,0.0000,1.0000,False,False,False
36553,1.0000,0.0000,False,False,False
36554,1.0000,0.0000,False,False,False
36555,0.0000,1.0000,False,False,False
36556,1.0000,0.0000,False,False,False
36557,1.0000,0.0000,False,False,False
36558,1.0000,0.0000,False,False,False
36559,1.0000,0.0000,False,False,False
36560,1.0000,0.0000,False,False,False
36561,1.0000,0.0000,False,False,False
36562,0.0000,1.0000,False,False,False
36563,0.0000,1.0000,False,False,False
36564,1.0000,0.0000,False,False,False
36565,1.0000,0.0000,False,False,False
36566,1.0000,0.0000,False,False,False
36567,1.0000,0.0000,False,False,False
36568,1.0000,0.0000,False,False,False
36569,1.0000,0.0000,False,False,False
36570,1.0000,0.0000,False,False,False
36571,1.0000,0.0000,False,False,False
36572,0.0000,1.0000,False,False,False
36573,0.0000,1.0000,False,False,False
36574,0.0000,1.0000,False,False,False
36575,1.0000,0.0000,False,False,False
36576,1.0000,0.0000,False,False,False
36577,0.0000,1.0000,False,False,False
36578,1.0000,0.0000,False,False,False
36579,1.0000,0.0000,False,False,False
36580,0.0000,1.0000,False,False,False
36581,1.0000,0.0000,False,False,False
36582,1.0000,0.0000,False,False,False
36583,1.0000,0.0000,False,False,False
36584,1.0000,0.0000,False,False,False
36585,1.0000,0.0000,False,False,False
36586,1.0000,0.0000,False,False,False
36587,0.0000,1.0000,False,False,False
36588,0.0000,1.0000,False,False,False
36589,1.0000,0.0000,False,False,False
36590,0.0000,1.0000,False,False,False
36591,1.0000,0.0000,False,False,False
36592,1.0000,0.0000,False,False,False
36593,1.0000,0.0000,False,False,False
36594,1.0000,0.0000,False,False,False
36595,1.0000,0.0000,False,False,False
36596,1.0000,0.0000,False,False,False
36597,0.0000,1.0000,False,False,False
36598,1.0000,0.0000,False,False,False
36599,1.0000,0.0000,False,False,False
36600,1.0000,0.0000,False,False,False
36601,0.0000,1.0000,False,False,False
36602,0.0000,1.0000,False,False,False
36603,1.0000,0.0000,False,False,False
36604,1.0000,0.0000,False,False,False
36605,1.0000,0.0000,False,False,False
36606,1.0000,0.0000,False,False,False
36607,0.0000,1.0000,False,False,False
36608,0.0000,1.0000,False,False,False
36609,1.0000,0.0000,False,False,False
36610,0.0000,1.0000,False,False,False
36611,1.0000,0.0000,False,False,False
36612,1.0000,0.0000,False,False,False
36613,1.0000,0.0000,False,False,False
36614,1.0000,0.0000,False,False,False
36615,1.0000,0.0000,False,False,False
36616,0.0000,1.0000,False,False,False
36617,0.0000,1.0000,False,False,False
36618,0.0000,1.0000,False,False,False
36619,1.0000,0.0000,False,False,False
36620,1.0000,0.0000,False,False,False
36621,1.0000,0.0000,False,False,False
36622,1.0000,0.0000,False,False,False
36623,0.0000,1.0000,False,False,False
36624,1.0000,0.0000,False,False,False
36625,0.0000,1.0000,False,False,False
36626,1.0000,0.0000,False,False,False
36627,1.0000,0.0000,False,False,False
36628,1.0000,0.0000,False,False,False
36629,1.0000,0.0000,False,False,False
36630,1.0000,0.0000,False,False,False
36631,0.0000,1.0000,False,False,False
36632,1.0000,0.0000,False,False,False
36633,0.0000,1.0000,False,False,False
36634,1.0000,0.0000,False,False,False
36635,1.0000,0.0000,False,False,False
36636,1.0000,0.0000,False,False,False
36637,1.0000,0.0000,False,False,False
36638,1.0000,0.0000,False,False,False
36639,0.0000,1.0000,False,False,False
36640,1.0000,0.0000,False,False,False
36641,1.0000,0.0000,False,False,False
36642,0.0000,1.0000,False,False,False
36643,1.0000,0.0000,False,False,False
36644,1.0000,0.0000,False,False,False
36645,1.0000,0.0000,False,False,False
36646,1.0000,0.0000,False,False,False
36647,1.0000,0.0000,False,False,False
36648,0.0000,1.0000,False,False,False
36649,0.0000,1.0000,False,False,False
36650,1.0000,0.0000,False,False,False
36651,0.0000,1.0000,False,False,False
36652,1.0000,0.0000,False,False,False
36653,1.0000,0.0000,False,False,False
36654,1.0000,0.0000,False,False,False
36655,1.0000,0.0000,False,False,False
36656,1.0000,0.0000,False,False,False
36657,0.0000,1.0000,False,False,False
36658,1.0000,0.0000,False,False,False
36659,0.0000,1.0000,False,False,False
36660,1.0000,0.0000,False,False,False
36661,1.0000,0.0000,False,False,False
36662,0.0000,1.0000,False,False,False
36663,1.0000,0.0000,False,False,False
36664,1.0000,0.0000,False,False,False
36665,0.0000,1.0000,False,False,False
36666,1.0000,0.0000,False,False,False
36667,1.0000,0.0000,False,False,False
36668,0.0000,1.0000,False,False,False
36669,1.0000,0.0000,False,False,False
36670,1.0000,0.0000,False,False,False
36671,1.0000,0.0000,False,False,False
36672,1.0000,0.0000,False,False,False
36673,1.0000,0.0000,False,False,False
36674,0.0000,1.0000,False,False,False
36675,1.0000,0.0000,False,False,False
36676,1.0000,0.0000,False,False,False
36677,1.0000,0.0000,False,False,False
36678,1.0000,0.0000,False,False,False
36679,0.0000,1.0000,False,False,False
36680,1.0000,0.0000,False,False,False
36681,1.0000,0.0000,False,False,False
36682,0.0000,1.0000,False,False,False
36683,0.0000,1.0000,False,False,False
36684,1.0000,0.0000,False,False,False
36685,1.0000,0.0000,False,False,False
36686,1.0000,0.0000,False,False,False
36687,0.0000,1.0000,False,False,False
36688,1.0000,0.0000,False,False,False
36689,1.0000,0.0000,False,False,False
36690,1.0000,0.0000,False,False,False
36691,0.0000,1.0000,False,False,False
36692,1.0000,0.0000,False,False,False
36693,0.0000,1.0000,False,False,False
36694,1.0000,0.0000,False,False,False
36695,1.0000,0.0000,False,False,False
36696,1.0000,0.0000,False,False,False
36697,0.0000,1.0000,False,False,False
36698,0.0000,1.0000,False,False,False
36699,0.0000,1.0000,False,False,False
36700,1.0000,0.0000,False,False,False
36701,1.0000,0.0000,False,False,False
36702,0.0000,1.0000,False,False,False
36703,0.0000,1.0000,False,False,False
36704,1.0000,0.0000,False,False,False
36705,1.0000,0.0000,False,False,False
36706,1.0000,0.0000,False,False,False
36707,1.0000,0.0000,False,False,False
36708,1.0000,0.0000,False,False,False
36709,0.0000,1.0000,False,False,False
36710,1.0000,0.0000,False,False,False
36711,0.0000,1.0000,False,False,False
36712,1.0000,0.0000,False,False,False
36713,1.0000,0.0000,False,False,False
36714,0.0000,1.0000,False,False,False
36715,1.0000,0.0000,False,False,False
36716,1.0000,0.0000,False,False,False
36717,0.0000,1.0000,False,False,False
36718,1.0000,0.0000,False,False,False
36719,1.0000,0.0000,False,False,False
36720,0.0000,1.0000,False,False,False
36721,1.0000,0.0000,False,False,False
36722,0.0000,1.0000,False,False,False
36723,1.0000,0.0000,False,False,False
36724,1.0000,0.0000,False,False,False
36725,0.0000,1.0000,False,False,False
36726,1.0000,0.0000,False,False,False
36727,1.0000,0.0000,False,False,False
36728,1.0000,0.0000,False,False,False
36729,0.0000,1.0000,False,False,False
36730,1.0000,0.0000,False,False,False
36731,1.0000,0.0000,False,False,False
36732,0.0000,1.0000,False,False,False
36733,1.0000,0.0000,False,False,False
36734,1.0000,0.0000,False,False,False
36735,0.0000,1.0000,False,False,False
36736,1.0000,0.0000,False,False,False
36737,1.0000,0.0000,False,False,False
36738,1.0000,0.0000,False,False,False
36739,1.0000,0.0000,False,False,False
36740,1.0000,0.0000,False,False,False
36741,0.0000,1.0000,False,False,False
36742,1.0000,0.0000,False,False,False
36743,1.0000,0.0000,False,False,False
36744,1.0000,0.0000,False,False,False
36745,1.0000,0.0000,False,False,False
36746,1.0000,0.0000,False,False,False
36747,1.0000,0.0000,False,False,False
36748,1.0000,0.0000,False,False,False
36749,0.0000,1.0000,False,False,False
36750,1.0000,0.0000,False,False,False
36751,1.0000,0.0000,False,False,False
36752,1.0000,0.0000,False,False,False
36753,1.0000,0.0000,False,False,False
36754,1.0000,0.0000,False,False,False
36755,1.0000,0.0000,False,False,False
36756,1.0000,0.0000,False,False,False
36757,0.0000,1.0000,False,False,False
36758,1.0000,0.0000,False,False,False
36759,1.0000,0.0000,False,False,False
36760,0.0000,1.0000,False,False,False
36761,1.0000,0.0000,False,False,False
36762,0.0000,1.0000,False,False,False
36763,1.0000,0.0000,False,False,False
36764,1.0000,0.0000,False,False,False
36765,0.0000,1.0000,False,False,False
36766,1.0000,0.0000,False,False,False
36767,0.0000,1.0000,False,False,False
36768,1.0000,0.0000,False,False,False
36769,0.0000,1.0000,False,False,False
36770,0.0000,1.0000,False,False,False
36771,1.0000,0.0000,False,False,False
36772,1.0000,0.0000,False,False,False
36773,1.0000,0.0000,False,False,False
36774,1.0000,0.0000,False,False,False
36775,1.0000,0.0000,False,False,False
36776,1.0000,0.0000,False,False,False
36777,1.0000,0.0000,False,False,False
36778,1.0000,0.0000,False,False,False
36779,0.0000,1.0000,False,False,False
36780,0.0000,1.0000,False,False,False
36781,0.0000,1.0000,False,False,False
36782,0.0000,1.0000,False,False,False
36783,0.0000,1.0000,False,False,False
36784,1.0000,0.0000,False,False,False
36785,1.0000,0.0000,False,False,False
36786,1.0000,0.0000,False,False,False
36787,0.0000,1.0000,False,False,False
36788,1.0000,0.0000,False,False,False
36789,1.0000,0.0000,False,False,False
36790,1.0000,0.0000,False,False,False
36791,1.0000,0.0000,False,False,False
36792,1.0000,0.0000,False,False,False
36793,1.0000,0.0000,False,False,False
36794,1.0000,0.0000,False,False,False
36795,0.0000,1.0000,False,False,False
36796,1.0000,0.0000,False,False,False
36797,0.0000,1.0000,False,False,False
36798,0.0000,1.0000,False,False,False
36799,1.0000,0.0000,False,False,False
36800,1.0000,0.0000,False,False,False
36801,1.0000,0.0000,False,False,False
36802,1.0000,0.0000,False,False,False
36803,1.0000,0.0000,False,False,False
36804,1.0000,0.0000,False,False,False
36805,0.0000,1.0000,False,False,False
36806,1.0000,0.0000,False,False,False
36807,1.0000,0.0000,False,False,False
36808,1.0000,0.0000,False,False,False
36809,0.0000,1.0000,False,False,False
36810,1.0000,0.0000,False,False,False
36811,1.0000,0.0000,False,False,False
36812,1.0000,0.0000,False,False,False
36813,1.0000,0.0000,False,False,False
36814,0.0000,1.0000,False,False,False
36815,1.0000,0.0000,False,False,False
36816,0.0000,1.0000,False,False,False
36817,1.0000,0.0000,False,False,False
36818,1.0000,0.0000,False,False,False
36819,1.0000,0.0000,False,False,False
36820,1.0000,0.0000,False,False,False
36821,1.0000,0.0000,False,False,False
36822,1.0000,0.0000,False,False,False
36823,1.0000,0.0000,False,False,False
36824,1.0000,0.0000,False,False,False
36825,0.0000,1.0000,False,False,False
36826,1.0000,0.0000,False,False,False
36827,1.0000,0.0000,False,False,False
36828,1.0000,0.0000,False,False,False
36829,0.0000,1.0000,False,False,False
36830,1.0000,0.0000,False,False,False
36831,1.0000,0.0000,False,False,False
36832,1.0000,0.0000,False,False,False
36833,0.0000,1.0000,False,False,False
36834,1.0000,0.0000,False,False,False
36835,1.0000,0.0000,False,False,False
36836,1.0000,0.0000,False,False,False
36837,0.0000,1.0000,False,False,False
36838,1.0000,0.0000,False,False,False
36839,1.0000,0.0000,False,False,False
36840,0.0000,1.0000,False,False,False
36841,1.0000,0.0000,False,False,False
36842,0.0000,1.0000,False,False,False
36843,1.0000,0.0000,False,False,False
36844,0.0000,1.0000,False,False,False
36845,1.0000,0.0000,False,False,False
36846,1.0000,0.0000,False,False,False
36847,1.0000,0.0000,False,False,False
36848,0.0000,1.0000,False,False,False
36849,1.0000,0.0000,False,False,False
36850,1.0000,0.0000,False,False,False
36851,1.0000,0.0000,False,False,False
36852,1.0000,0.0000,False,False,False
36853,1.0000,0.0000,False,False,False
36854,1.0000,0.0000,False,False,False
36855,0.0000,1.0000,False,False,False
36856,1.0000,0.0000,False,False,False
36857,1.0000,0.0000,False,False,False
36858,1.0000,0.0000,False,False,False
36859,0.0000,1.0000,False,False,False
36860,1.0000,0.0000,False,False,False
36861,1.0000,0.0000,False,False,False
36862,1.0000,0.0000,False,False,False
36863,0.0000,1.0000,False,False,False
36864,1.0000,0.0000,False,False,False
36865,1.0000,0.0000,False,False,False
36866,1.0000,0.0000,False,False,False
36867,1.0000,0.0000,False,False,False
36868,1.0000,0.0000,False,False,False
36869,1.0000,0.0000,False,False,False
36870,1.0000,0.0000,False,False,False
36871,1.0000,0.0000,False,False,False
36872,0.0000,1.0000,False,False,False
36873,1.0000,0.0000,False,False,False
36874,1.0000,0.0000,False,False,False
36875,0.0000,1.0000,False,False,False
36876,0.0000,1.0000,False,False,False
36877,1.0000,0.0000,False,False,False
36878,1.0000,0.0000,False,False,False
36879,1.0000,0.0000,False,False,False
36880,0.0000,1.0000,False,False,False
36881,0.0000,1.0000,False,False,False
36882,1.0000,0.0000,False,False,False
36883,0.0000,1.0000,False,False,False
36884,0.0000,1.0000,False,False,False
36885,1.0000,0.0000,False,False,False
36886,1.0000,0.0000,False,False,False
36887,1.0000,0.0000,False,False,False
36888,1.0000,0.0000,False,False,False
36889,1.0000,0.0000,False,False,False
36890,1.0000,0.0000,False,False,False
36891,1.0000,0.0000,False,False,False
36892,0.0000,1.0000,False,False,False
36893,1.0000,0.0000,False,False,False
36894,1.0000,0.0000,False,False,False
36895,0.0000,1.0000,False,False,False
36896,1.0000,0.0000,False,False,False
36897,1.0000,0.0000,False,False,False
36898,1.0000,0.0000,False,False,False
36899,1.0000,0.0000,False,False,False
36900,1.0000,0.0000,False,False,False
36901,1.0000,0.0000,False,False,False
36902,0.0000,1.0000,False,False,False
36903,1.0000,0.0000,False,False,False
36904,1.0000,0.0000,False,False,False
36905,1.0000,0.0000,False,False,False
36906,0.0000,1.0000,False,False,False
36907,1.0000,0.0000,False,False,False
36908,1.0000,0.0000,False,False,False
36909,1.0000,0.0000,False,False,False
36910,1.0000,0.0000,False,False,False
36911,1.0000,0.0000,False,False,False
36912,0.0000,1.0000,False,False,False
36913,1.0000,0.0000,False,False,False
36914,0.0000,1.0000,False,False,False
36915,1.0000,0.0000,False,False,False
36916,1.0000,0.0000,False,False,False
36917,0.0000,1.0000,False,False,False
36918,0.0000,1.0000,False,False,False
36919,1.0000,0.0000,False,False,False
36920,0.0000,1.0000,False,False,False
36921,1.0000,0.0000,False,False,False
36922,0.0000,1.0000,False,False,False
36923,1.0000,0.0000,False,False,False
36924,1.0000,0.0000,False,False,False
36925,0.0000,1.0000,False,False,False
36926,1.0000,0.0000,False,False,False
36927,1.0000,0.0000,False,False,False
36928,0.0000,1.0000,False,False,False
36929,1.0000,0.0000,False,False,False
36930,1.0000,0.0000,False,False,False
36931,1.0000,0.0000,False,False,False
36932,1.0000,0.0000,False,False,False
36933,1.0000,0.0000,False,False,False
36934,0.0000,1.0000,False,False,False
36935,1.0000,0.0000,False,False,False
36936,1.0000,0.0000,False,False,False
36937,1.0000,0.0000,False,False,False
36938,0.0000,1.0000,False,False,False
36939,1.0000,0.0000,False,False,False
36940,1.0000,0.0000,False,False,False
36941,1.0000,0.0000,False,False,False
36942,1.0000,0.0000,False,False,False
36943,1.0000,0.0000,False,False,False
36944,1.0000,0.0000,False,False,False
36945,1.0000,0.0000,False,False,False
36946,1.0000,0.0000,False,False,False
36947,1.0000,0.0000,False,False,False
36948,1.0000,0.0000,False,False,False
36949,0.0000,1.0000,False,False,False
36950,1.0000,0.0000,False,False,False
36951,1.0000,0.0000,False,False,False
36952,1.0000,0.0000,False,False,False
36953,0.0000,1.0000,False,False,False
36954,1.0000,0.0000,False,False,False
36955,0.0000,1.0000,False,False,False
36956,1.0000,0.0000,False,False,False
36957,0.0000,1.0000,False,False,False
36958,1.0000,0.0000,False,False,False
36959,0.0000,1.0000,False,False,False
36960,1.0000,0.0000,False,False,False
36961,1.0000,0.0000,False,False,False
36962,1.0000,0.0000,False,False,False
36963,1.0000,0.0000,False,False,False
36964,1.0000,0.0000,False,False,False
36965,1.0000,0.0000,False,False,False
36966,1.0000,0.0000,False,False,False
36967,1.0000,0.0000,False,False,False
36968,1.0000,0.0000,False,False,False
36969,1.0000,0.0000,False,False,False
36970,1.0000,0.0000,False,False,False
36971,1.0000,0.0000,False,False,False
36972,1.0000,0.0000,False,False,False
36973,1.0000,0.0000,False,False,False
36974,0.0000,1.0000,False,False,False
36975,0.0000,1.0000,False,False,False
36976,1.0000,0.0000,False,False,False
36977,0.0000,1.0000,False,False,False
36978,0.0000,1.0000,False,False,False
36979,1.0000,0.0000,False,False,False
36980,1.0000,0.0000,False,False,False
36981,1.0000,0.0000,False,False,False
36982,1.0000,0.0000,False,False,False
36983,1.0000,0.0000,False,False,False
36984,1.0000,0.0000,False,False,False
36985,1.0000,0.0000,False,False,False
36986,1.0000,0.0000,False,False,False
36987,1.0000,0.0000,False,False,False
36988,0.0000,1.0000,False,False,False
36989,1.0000,0.0000,False,False,False
36990,1.0000,0.0000,False,False,False
36991,1.0000,0.0000,False,False,False
36992,1.0000,0.0000,False,False,False
36993,0.0000,1.0000,False,False,False
36994,1.0000,0.0000,False,False,False
36995,1.0000,0.0000,False,False,False
36996,1.0000,0.0000,False,False,False
36997,1.0000,0.0000,False,False,False
36998,1.0000,0.0000,False,False,False
36999,0.0000,1.0000,False,False,False
37000,1.0000,0.0000,False,False,False
37001,1.0000,0.0000,False,False,False
37002,1.0000,0.0000,False,False,False
37003,1.0000,0.0000,False,False,False
37004,1.0000,0.0000,False,False,False
37005,1.0000,0.0000,False,False,False
37006,0.0000,1.0000,False,False,False
37007,1.0000,0.0000,False,False,False
37008,1.0000,0.0000,False,False,False
37009,0.0000,1.0000,False,False,False
37010,0.0000,1.0000,False,False,False
37011,1.0000,0.0000,False,False,False
37012,0.0000,1.0000,False,False,False
37013,1.0000,0.0000,False,False,False
37014,1.0000,0.0000,False,False,False
37015,1.0000,0.0000,False,False,False
37016,1.0000,0.0000,False,False,False
37017,0.0000,1.0000,False,False,False
37018,1.0000,0.0000,False,False,False
37019,0.0000,1.0000,False,False,False
37020,1.0000,0.0000,False,False,False
37021,0.0000,1.0000,False,False,False
37022,1.0000,0.0000,False,False,False
37023,0.0000,1.0000,False,False,False
37024,0.0000,1.0000,False,False,False
37025,1.0000,0.0000,False,False,False
37026,1.0000,0.0000,False,False,False
37027,1.0000,0.0000,False,False,False
37028,0.0000,1.0000,False,False,False
37029,1.0000,0.0000,False,False,False
37030,1.0000,0.0000,False,False,False
37031,1.0000,0.0000,False,False,False
37032,0.0000,1.0000,False,False,False
37033,0.0000,1.0000,False,False,False
37034,0.0000,1.0000,False,False,False
37035,0.0000,1.0000,False,False,False
37036,1.0000,0.0000,False,False,False
37037,1.0000,0.0000,False,False,False
37038,0.0000,1.0000,False,False,False
37039,1.0000,0.0000,False,False,False
37040,0.0000,1.0000,False,False,False
37041,1.0000,0.0000,False,False,False
37042,1.0000,0.0000,False,False,False
37043,0.0000,1.0000,False,False,False
37044,1.0000,0.0000,False,False,False
37045,1.0000,0.0000,False,False,False
37046,0.0000,1.0000,False,False,False
37047,1.0000,0.0000,False,False,False
37048,1.0000,0.0000,False,False,False
37049,1.0000,0.0000,False,False,False
37050,1.0000,0.0000,False,False,False
37051,1.0000,0.0000,False,False,False
37052,1.0000,0.0000,False,False,False
37053,0.0000,1.0000,False,False,False
37054,1.0000,0.0000,False,False,False
37055,1.0000,0.0000,False,False,False
37056,0.0000,1.0000,False,False,False
37057,1.0000,0.0000,False,False,False
37058,0.0000,1.0000,False,False,False
37059,1.0000,0.0000,False,False,False
37060,1.0000,0.0000,False,False,False
37061,1.0000,0.0000,False,False,False
37062,1.0000,0.0000,False,False,False
37063,1.0000,0.0000,False,False,False
37064,1.0000,0.0000,False,False,False
37065,1.0000,0.0000,False,False,False
37066,0.0000,1.0000,False,False,False
37067,1.0000,0.0000,False,False,False
37068,1.0000,0.0000,False,False,False
37069,1.0000,0.0000,False,False,False
37070,1.0000,0.0000,False,False,False
37071,1.0000,0.0000,False,False,False
37072,1.0000,0.0000,False,False,False
37073,1.0000,0.0000,False,False,False
37074,1.0000,0.0000,False,False,False
37075,0.0000,1.0000,False,False,False
37076,1.0000,0.0000,False,False,False
37077,1.0000,0.0000,False,False,False
37078,0.0000,1.0000,False,False,False
37079,1.0000,0.0000,False,False,False
37080,1.0000,0.0000,False,False,False
37081,1.0000,0.0000,False,False,False
37082,0.0000,1.0000,False,False,False
37083,1.0000,0.0000,False,False,False
37084,0.0000,1.0000,False,False,False
37085,1.0000,0.0000,False,False,False
37086,0.0000,1.0000,False,False,False
37087,1.0000,0.0000,False,False,False
37088,1.0000,0.0000,False,False,False
37089,1.0000,0.0000,False,False,False
37090,0.0000,1.0000,False,False,False
37091,1.0000,0.0000,False,False,False
37092,1.0000,0.0000,False,False,False
37093,1.0000,0.0000,False,False,False
37094,1.0000,0.0000,False,False,False
37095,1.0000,0.0000,False,False,False
37096,1.0000,0.0000,False,False,False
37097,1.0000,0.0000,False,False,False
37098,1.0000,0.0000,False,False,False
37099,1.0000,0.0000,False,False,False
37100,1.0000,0.0000,False,False,False
37101,1.0000,0.0000,False,False,False
37102,1.0000,0.0000,False,False,False
37103,0.0000,1.0000,False,False,False
37104,1.0000,0.0000,False,False,False
37105,1.0000,0.0000,False,False,False
37106,1.0000,0.0000,False,False,False
37107,1.0000,0.0000,False,False,False
37108,1.0000,0.0000,False,False,False
37109,1.0000,0.0000,False,False,False
37110,1.0000,0.0000,False,False,False
37111,0.0000,1.0000,False,False,False
37112,1.0000,0.0000,False,False,False
37113,1.0000,0.0000,False,False,False
37114,1.0000,0.0000,False,False,False
37115,1.0000,0.0000,False,False,False
37116,0.0000,1.0000,False,False,False
37117,1.0000,0.0000,False,False,False
37118,1.0000,0.0000,False,False,False
37119,1.0000,0.0000,False,False,False
37120,1.0000,0.0000,False,False,False
37121,0.0000,1.0000,False,False,False
37122,1.0000,0.0000,False,False,False
37123,1.0000,0.0000,False,False,False
37124,1.0000,0.0000,False,False,False
37125,0.0000,1.0000,False,False,False
37126,1.0000,0.0000,False,False,False
37127,1.0000,0.0000,False,False,False
37128,1.0000,0.0000,False,False,False
37129,0.0000,1.0000,False,False,False
37130,1.0000,0.0000,False,False,False
37131,1.0000,0.0000,False,False,False
37132,1.0000,0.0000,False,False,False
37133,0.0000,1.0000,False,False,False
37134,1.0000,0.0000,False,False,False
37135,1.0000,0.0000,False,False,False
37136,1.0000,0.0000,False,False,False
37137,1.0000,0.0000,False,False,False
37138,1.0000,0.0000,False,False,False
37139,1.0000,0.0000,False,False,False
37140,1.0000,0.0000,False,False,False
37141,1.0000,0.0000,False,False,False
37142,0.0000,1.0000,False,False,False
37143,1.0000,0.0000,False,False,False
37144,1.0000,0.0000,False,False,False
37145,0.0000,1.0000,False,False,False
37146,1.0000,0.0000,False,False,False
37147,1.0000,0.0000,False,False,False
37148,1.0000,0.0000,False,False,False
37149,0.0000,1.0000,False,False,False
37150,1.0000,0.0000,False,False,False
37151,0.0000,1.0000,False,False,False
37152,0.0000,1.0000,False,False,False
37153,1.0000,0.0000,False,False,False
37154,0.0000,1.0000,False,False,False
37155,0.0000,1.0000,False,False,False
37156,1.0000,0.0000,False,False,False
37157,1.0000,0.0000,False,False,False
37158,1.0000,0.0000,False,False,False
37159,1.0000,0.0000,False,False,False
37160,1.0000,0.0000,False,False,False
37161,1.0000,0.0000,False,False,False
37162,1.0000,0.0000,False,False,False
37163,1.0000,0.0000,False,False,False
37164,1.0000,0.0000,False,False,False
37165,1.0000,0.0000,False,False,False
37166,0.0000,1.0000,False,False,False
37167,1.0000,0.0000,False,False,False
37168,1.0000,0.0000,False,False,False
37169,1.0000,0.0000,False,False,False
37170,1.0000,0.0000,False,False,False
37171,0.0000,1.0000,False,False,False
37172,1.0000,0.0000,False,False,False
37173,0.0000,1.0000,False,False,False
37174,1.0000,0.0000,False,False,False
37175,1.0000,0.0000,False,False,False
37176,0.0000,1.0000,False,False,False
37177,1.0000,0.0000,False,False,False
37178,1.0000,0.0000,False,False,False
37179,1.0000,0.0000,False,False,False
37180,1.0000,0.0000,False,False,False
37181,1.0000,0.0000,False,False,False
37182,1.0000,0.0000,False,False,False
37183,1.0000,0.0000,False,False,False
37184,1.0000,0.0000,False,False,False
37185,1.0000,0.0000,False,False,False
37186,1.0000,0.0000,False,False,False
37187,1.0000,0.0000,False,False,False
37188,0.0000,1.0000,False,False,False
37189,0.0000,1.0000,False,False,False
37190,1.0000,0.0000,False,False,False
37191,1.0000,0.0000,False,False,False
37192,1.0000,0.0000,False,False,False
37193,1.0000,0.0000,False,False,False
37194,1.0000,0.0000,False,False,False
37195,1.0000,0.0000,False,False,False
37196,1.0000,0.0000,False,False,False
37197,0.0000,1.0000,False,False,False
37198,1.0000,0.0000,False,False,False
37199,1.0000,0.0000,False,False,False
37200,0.0000,1.0000,False,False,False
37201,1.0000,0.0000,False,False,False
37202,1.0000,0.0000,False,False,False
37203,1.0000,0.0000,False,False,False
37204,1.0000,0.0000,False,False,False
37205,1.0000,0.0000,False,False,False
37206,0.0000,1.0000,False,False,False
37207,0.0000,1.0000,False,False,False
37208,0.0000,1.0000,False,False,False
37209,1.0000,0.0000,False,False,False
37210,1.0000,0.0000,False,False,False
37211,1.0000,0.0000,False,False,False
37212,1.0000,0.0000,False,False,False
37213,1.0000,0.0000,False,False,False
37214,1.0000,0.0000,False,False,False
37215,1.0000,0.0000,False,False,False
37216,1.0000,0.0000,False,False,False
37217,0.0000,1.0000,False,False,False
37218,1.0000,0.0000,False,False,False
37219,1.0000,0.0000,False,False,False
37220,1.0000,0.0000,False,False,False
37221,0.0000,1.0000,False,False,False
37222,1.0000,0.0000,False,False,False
37223,1.0000,0.0000,False,False,False
37224,1.0000,0.0000,False,False,False
37225,0.0000,1.0000,False,False,False
37226,1.0000,0.0000,False,False,False
37227,1.0000,0.0000,False,False,False
37228,1.0000,0.0000,False,False,False
37229,1.0000,0.0000,False,False,False
37230,1.0000,0.0000,False,False,False
37231,1.0000,0.0000,False,False,False
37232,1.0000,0.0000,False,False,False
37233,1.0000,0.0000,False,False,False
37234,0.0000,1.0000,False,False,False
37235,1.0000,0.0000,False,False,False
37236,0.0000,1.0000,False,False,False
37237,0.0000,1.0000,False,False,False
37238,1.0000,0.0000,False,False,False
37239,1.0000,0.0000,False,False,False
37240,0.0000,1.0000,False,False,False
37241,1.0000,0.0000,False,False,False
37242,1.0000,0.0000,False,False,False
37243,1.0000,0.0000,False,False,False
37244,0.0000,1.0000,False,False,False
37245,1.0000,0.0000,False,False,False
37246,1.0000,0.0000,False,False,False
37247,1.0000,0.0000,False,False,False
37248,1.0000,0.0000,False,False,False
37249,0.0000,1.0000,False,False,False
37250,1.0000,0.0000,False,False,False
37251,0.0000,1.0000,False,False,False
37252,0.0000,1.0000,False,False,False
37253,1.0000,0.0000,False,False,False
37254,1.0000,0.0000,False,False,False
37255,0.0000,1.0000,False,False,False
37256,1.0000,0.0000,False,False,False
37257,1.0000,0.0000,False,False,False
37258,1.0000,0.0000,False,False,False
37259,1.0000,0.0000,False,False,False
37260,1.0000,0.0000,False,False,False
37261,0.0000,1.0000,False,False,False
37262,0.0000,1.0000,False,False,False
37263,1.0000,0.0000,False,False,False
37264,1.0000,0.0000,False,False,False
37265,1.0000,0.0000,False,False,False
37266,1.0000,0.0000,False,False,False
37267,1.0000,0.0000,False,False,False
37268,1.0000,0.0000,False,False,False
37269,1.0000,0.0000,False,False,False
37270,0.0000,1.0000,False,False,False
37271,0.0000,1.0000,False,False,False
37272,1.0000,0.0000,False,False,False
37273,1.0000,0.0000,False,False,False
37274,1.0000,0.0000,False,False,False
37275,1.0000,0.0000,False,False,False
37276,0.0000,1.0000,False,False,False
37277,1.0000,0.0000,False,False,False
37278,1.0000,0.0000,False,False,False
37279,1.0000,0.0000,False,False,False
37280,0.0000,1.0000,False,False,False
37281,1.0000,0.0000,False,False,False
37282,1.0000,0.0000,False,False,False
37283,1.0000,0.0000,False,False,False
37284,1.0000,0.0000,False,False,False
37285,1.0000,0.0000,False,False,False
37286,1.0000,0.0000,False,False,False
37287,0.0000,1.0000,False,False,False
37288,1.0000,0.0000,False,False,False
37289,1.0000,0.0000,False,False,False
37290,1.0000,0.0000,False,False,False
37291,1.0000,0.0000,False,False,False
37292,0.0000,1.0000,False,False,False
37293,1.0000,0.0000,False,False,False
37294,0.0000,1.0000,False,False,False
37295,1.0000,0.0000,False,False,False
37296,1.0000,0.0000,False,False,False
37297,1.0000,0.0000,False,False,False
37298,1.0000,0.0000,False,False,False
37299,1.0000,0.0000,False,False,False
37300,0.0000,1.0000,False,False,False
37301,1.0000,0.0000,False,False,False
37302,0.0000,1.0000,False,False,False
37303,0.0000,1.0000,False,False,False
37304,1.0000,0.0000,False,False,False
37305,1.0000,0.0000,False,False,False
37306,1.0000,0.0000,False,False,False
37307,0.0000,1.0000,False,False,False
37308,1.0000,0.0000,False,False,False
37309,0.0000,1.0000,False,False,False
37310,0.0000,1.0000,False,False,False
37311,1.0000,0.0000,False,False,False
37312,1.0000,0.0000,False,False,False
37313,1.0000,0.0000,False,False,False
37314,1.0000,0.0000,False,False,False
37315,1.0000,0.0000,False,False,False
37316,1.0000,0.0000,False,False,False
37317,1.0000,0.0000,False,False,False
37318,0.0000,1.0000,False,False,False
37319,1.0000,0.0000,False,False,False
37320,1.0000,0.0000,False,False,False
37321,1.0000,0.0000,False,False,False
37322,1.0000,0.0000,False,False,False
37323,1.0000,0.0000,False,False,False
37324,1.0000,0.0000,False,False,False
37325,1.0000,0.0000,False,False,False
37326,0.0000,1.0000,False,False,False
37327,0.0000,1.0000,False,False,False
37328,1.0000,0.0000,False,False,False
37329,1.0000,0.0000,False,False,False
37330,1.0000,0.0000,False,False,False
37331,1.0000,0.0000,False,False,False
37332,1.0000,0.0000,False,False,False
37333,1.0000,0.0000,False,False,False
37334,1.0000,0.0000,False,False,False
37335,1.0000,0.0000,False,False,False
37336,1.0000,0.0000,False,False,False
37337,1.0000,0.0000,False,False,False
37338,1.0000,0.0000,False,False,False
37339,0.0000,1.0000,False,False,False
37340,0.0000,1.0000,False,False,False
37341,1.0000,0.0000,False,False,False
37342,0.0000,1.0000,False,False,False
37343,1.0000,0.0000,False,False,False
37344,1.0000,0.0000,False,False,False
37345,1.0000,0.0000,False,False,False
37346,1.0000,0.0000,False,False,False
37347,1.0000,0.0000,False,False,False
37348,1.0000,0.0000,False,False,False
37349,1.0000,0.0000,False,False,False
37350,1.0000,0.0000,False,False,False
37351,1.0000,0.0000,False,False,False
37352,1.0000,0.0000,False,False,False
37353,0.0000,1.0000,False,False,False
37354,1.0000,0.0000,False,False,False
37355,1.0000,0.0000,False,False,False
37356,1.0000,0.0000,False,False,False
37357,1.0000,0.0000,False,False,False
37358,0.0000,1.0000,False,False,False
37359,1.0000,0.0000,False,False,False
37360,1.0000,0.0000,False,False,False
37361,0.0000,1.0000,False,False,False
37362,0.0000,1.0000,False,False,False
37363,1.0000,0.0000,False,False,False
37364,1.0000,0.0000,False,False,False
37365,0.0000,1.0000,False,False,False
37366,0.0000,1.0000,False,False,False
37367,0.0000,1.0000,False,False,False
37368,1.0000,0.0000,False,False,False
37369,0.0000,1.0000,False,False,False
37370,0.0000,1.0000,False,False,False
37371,1.0000,0.0000,False,False,False
37372,1.0000,0.0000,False,False,False
37373,1.0000,0.0000,False,False,False
37374,1.0000,0.0000,False,False,False
37375,1.0000,0.0000,False,False,False
37376,1.0000,0.0000,False,False,False
37377,1.0000,0.0000,False,False,False
37378,1.0000,0.0000,False,False,False
37379,0.0000,1.0000,False,False,False
37380,1.0000,0.0000,False,False,False
37381,1.0000,0.0000,False,False,False
37382,1.0000,0.0000,False,False,False
37383,1.0000,0.0000,False,False,False
37384,0.0000,1.0000,False,False,False
37385,1.0000,0.0000,False,False,False
37386,1.0000,0.0000,False,False,False
37387,1.0000,0.0000,False,False,False
37388,1.0000,0.0000,False,False,False
37389,1.0000,0.0000,False,False,False
37390,0.0000,1.0000,False,False,False
37391,1.0000,0.0000,False,False,False
37392,1.0000,0.0000,False,False,False
37393,0.0000,1.0000,False,False,False
37394,1.0000,0.0000,False,False,False
37395,1.0000,0.0000,False,False,False
37396,1.0000,0.0000,False,False,False
37397,1.0000,0.0000,False,False,False
37398,1.0000,0.0000,False,False,False
37399,0.0000,1.0000,False,False,False
37400,1.0000,0.0000,False,False,False
37401,1.0000,0.0000,False,False,False
37402,0.0000,1.0000,False,False,False
37403,1.0000,0.0000,False,False,False
37404,1.0000,0.0000,False,False,False
37405,1.0000,0.0000,False,False,False
37406,0.0000,1.0000,False,False,False
37407,1.0000,0.0000,False,False,False
37408,1.0000,0.0000,False,False,False
37409,1.0000,0.0000,False,False,False
37410,1.0000,0.0000,False,False,False
37411,1.0000,0.0000,False,False,False
37412,1.0000,0.0000,False,False,False
37413,0.0000,1.0000,False,False,False
37414,0.0000,1.0000,False,False,False
37415,1.0000,0.0000,False,False,False
37416,0.0000,1.0000,False,False,False
37417,0.0000,1.0000,False,False,False
37418,1.0000,0.0000,False,False,False
37419,0.0000,1.0000,False,False,False
37420,0.0000,1.0000,False,False,False
37421,1.0000,0.0000,False,False,False
37422,0.0000,1.0000,False,False,False
37423,1.0000,0.0000,False,False,False
37424,1.0000,0.0000,False,False,False
37425,0.0000,1.0000,False,False,False
37426,0.0000,1.0000,False,False,False
37427,1.0000,0.0000,False,False,False
37428,1.0000,0.0000,False,False,False
37429,0.0000,1.0000,False,False,False
37430,1.0000,0.0000,False,False,False
37431,0.0000,1.0000,False,False,False
37432,1.0000,0.0000,False,False,False
37433,1.0000,0.0000,False,False,False
37434,0.0000,1.0000,False,False,False
37435,0.0000,1.0000,False,False,False
37436,1.0000,0.0000,False,False,False
37437,0.0000,1.0000,False,False,False
37438,1.0000,0.0000,False,False,False
37439,0.0000,1.0000,False,False,False
37440,0.0000,1.0000,False,False,False
37441,1.0000,0.0000,False,False,False
37442,1.0000,0.0000,False,False,False
37443,0.0000,1.0000,False,False,False
37444,1.0000,0.0000,False,False,False
37445,1.0000,0.0000,False,False,False
37446,1.0000,0.0000,False,False,False
37447,1.0000,0.0000,False,False,False
37448,1.0000,0.0000,False,False,False
37449,0.0000,1.0000,False,False,False
37450,0.0000,1.0000,False,False,False
37451,1.0000,0.0000,False,False,False
37452,1.0000,0.0000,False,False,False
37453,1.0000,0.0000,False,False,False
37454,1.0000,0.0000,False,False,False
37455,1.0000,0.0000,False,False,False
37456,0.0000,1.0000,False,False,False
37457,0.0000,1.0000,False,False,False
37458,0.0000,1.0000,False,False,False
37459,0.0000,1.0000,False,False,False
37460,1.0000,0.0000,False,False,False
37461,0.0000,1.0000,False,False,False
37462,1.0000,0.0000,False,False,False
37463,1.0000,0.0000,False,False,False
37464,1.0000,0.0000,False,False,False
37465,1.0000,0.0000,False,False,False
37466,1.0000,0.0000,False,False,False
37467,1.0000,0.0000,False,False,False
37468,1.0000,0.0000,False,False,False
37469,0.0000,1.0000,False,False,False
37470,1.0000,0.0000,False,False,False
37471,1.0000,0.0000,False,False,False
37472,1.0000,0.0000,False,False,False
37473,1.0000,0.0000,False,False,False
37474,1.0000,0.0000,False,False,False
37475,1.0000,0.0000,False,False,False
37476,1.0000,0.0000,False,False,False
37477,1.0000,0.0000,False,False,False
37478,0.0000,1.0000,False,False,False
37479,1.0000,0.0000,False,False,False
37480,1.0000,0.0000,False,False,False
37481,1.0000,0.0000,False,False,False
37482,1.0000,0.0000,False,False,False
37483,1.0000,0.0000,False,False,False
37484,1.0000,0.0000,False,False,False
37485,1.0000,0.0000,False,False,False
37486,0.0000,1.0000,False,False,False
37487,0.0000,1.0000,False,False,False
37488,1.0000,0.0000,False,False,False
37489,0.0000,1.0000,False,False,False
37490,1.0000,0.0000,False,False,False
37491,1.0000,0.0000,False,False,False
37492,1.0000,0.0000,False,False,False
37493,1.0000,0.0000,False,False,False
37494,0.0000,1.0000,False,False,False
37495,1.0000,0.0000,False,False,False
37496,1.0000,0.0000,False,False,False
37497,0.0000,1.0000,False,False,False
37498,0.0000,1.0000,False,False,False
37499,1.0000,0.0000,False,False,False
37500,1.0000,0.0000,True,True,False
37501,0.0000,1.0000,True,True,False
37502,1.0000,0.0000,True,True,False
37503,0.0000,1.0000,True,True,False
37504,1.0000,0.0000,True,True,False
37505,1.0000,0.0000,True,True,False
37506,1.0000,0.0000,True,True,False
37507,1.0000,0.0000,True,True,False
37508,1.0000,0.0000,True,True,False
37509,0.0000,1.0000,True,True,False
37510,0.0000,1.0000,True,False,True
37511,1.0000,0.0000,False,False,False
37512,1.0000,0.0000,False,False,False
37513,1.0000,0.0000,False,False,False
37514,1.0000,0.0000,False,False,False
37515,1.0000,0.0000,False,False,False
37516,0.0000,1.0000,False,False,False
37517,1.0000,0.0000,False,False,False
37518,1.0000,0.0000,False,False,False
37519,0.0000,1.0000,False,False,False
37520,1.0000,0.0000,False,False,False
37521,1.0000,0.0000,False,False,False
37522,1.0000,0.0000,False,False,False
37523,1.0000,0.0000,False,False,False
37524,1.0000,0.0000,False,False,False
37525,1.0000,0.0000,False,False,False
37526,1.0000,0.0000,False,False,False
37527,1.0000,0.0000,False,False,False
37528,0.0000,1.0000,False,False,False
37529,1.0000,0.0000,False,False,False
37530,1.0000,0.0000,False,False,False
37531,1.0000,0.0000,False,False,False
37532,1.0000,0.0000,False,False,False
37533,1.0000,0.0000,False,False,False
37534,1.0000,0.0000,False,False,False
37535,1.0000,0.0000,False,False,False
37536,1.0000,0.0000,False,False,False
37537,1.0000,0.0000,False,False,False
37538,1.0000,0.0000,False,False,False
37539,1.0000,0.0000,False,False,False
37540,0.0000,1.0000,False,False,False
37541,1.0000,0.0000,False,False,False
37542,0.0000,1.0000,False,False,False
37543,1.0000,0.0000,False,False,False
37544,1.0000,0.0000,False,False,False
37545,1.0000,0.0000,False,False,False
37546,1.0000,0.0000,False,False,False
37547,0.0000,1.0000,False,False,False
37548,0.0000,1.0000,False,False,False
37549,1.0000,0.0000,False,False,False
37550,1.0000,0.0000,False,False,False
37551,1.0000,0.0000,False,False,False
37552,1.0000,0.0000,False,False,False
37553,1.0000,0.0000,False,False,False
37554,1.0000,0.0000,False,False,False
37555,0.0000,1.0000,False,False,False
37556,0.0000,1.0000,False,False,False
37557,0.0000,1.0000,False,False,False
37558,0.0000,1.0000,False,False,False
37559,1.0000,0.0000,False,False,False
37560,1.0000,0.0000,False,False,False
37561,1.0000,0.0000,False,False,False
37562,0.0000,1.0000,False,False,False
37563,1.0000,0.0000,False,False,False
37564,0.0000,1.0000,False,False,False
37565,1.0000,0.0000,False,False,False
37566,1.0000,0.0000,False,False,False
37567,0.0000,1.0000,False,False,False
37568,1.0000,0.0000,False,False,False
37569,1.0000,0.0000,False,False,False
37570,1.0000,0.0000,False,False,False
37571,1.0000,0.0000,False,False,False
37572,1.0000,0.0000,False,False,False
37573,0.0000,1.0000,False,False,False
37574,0.0000,1.0000,False,False,False
37575,0.0000,1.0000,False,False,False
37576,0.0000,1.0000,False,False,False
37577,0.0000,1.0000,False,False,False
37578,0.0000,1.0000,False,False,False
37579,0.0000,1.0000,False,False,False
37580,0.0000,1.0000,False,False,False
37581,0.0000,1.0000,False,False,False
37582,1.0000,0.0000,False,False,False
37583,1.0000,0.0000,False,False,False
37584,0.0000,1.0000,False,False,False
37585,1.0000,0.0000,False,False,False
37586,0.0000,1.0000,False,False,False
37587,1.0000,0.0000,False,False,False
37588,0.0000,1.0000,False,False,False
37589,1.0000,0.0000,False,False,False
37590,1.0000,0.0000,False,False,False
37591,1.0000,0.0000,False,False,False
37592,1.0000,0.0000,False,False,False
37593,1.0000,0.0000,False,False,False
37594,1.0000,0.0000,False,False,False
37595,0.0000,1.0000,False,False,False
37596,0.0000,1.0000,False,False,False
37597,1.0000,0.0000,False,False,False
37598,1.0000,0.0000,False,False,False
37599,0.0000,1.0000,False,False,False
37600,0.0000,1.0000,False,False,False
37601,1.0000,0.0000,False,False,False
37602,1.0000,0.0000,False,False,False
37603,0.0000,1.0000,False,False,False
37604,1.0000,0.0000,False,False,False
37605,1.0000,0.0000,False,False,False
37606,0.0000,1.0000,False,False,False
37607,1.0000,0.0000,False,False,False
37608,1.0000,0.0000,False,False,False
37609,1.0000,0.0000,False,False,False
37610,1.0000,0.0000,False,False,False
37611,1.0000,0.0000,False,False,False
37612,1.0000,0.0000,False,False,False
37613,1.0000,0.0000,False,False,False
37614,0.0000,1.0000,False,False,False
37615,1.0000,0.0000,False,False,False
37616,1.0000,0.0000,False,False,False
37617,1.0000,0.0000,False,False,False
37618,1.0000,0.0000,False,False,False
37619,0.0000,1.0000,False,False,False
37620,0.0000,1.0000,False,False,False
37621,0.0000,1.0000,False,False,False
37622,1.0000,0.0000,False,False,False
37623,1.0000,0.0000,False,False,False
37624,1.0000,0.0000,False,False,False
37625,1.0000,0.0000,False,False,False
37626,0.0000,1.0000,False,False,False
37627,1.0000,0.0000,False,False,False
37628,1.0000,0.0000,False,False,False
37629,1.0000,0.0000,False,False,False
37630,1.0000,0.0000,False,False,False
37631,1.0000,0.0000,False,False,False
37632,0.0000,1.0000,False,False,False
37633,1.0000,0.0000,False,False,False
37634,1.0000,0.0000,False,False,False
37635,0.0000,1.0000,False,False,False
37636,1.0000,0.0000,False,False,False
37637,1.0000,0.0000,False,False,False
37638,1.0000,0.0000,False,False,False
37639,1.0000,0.0000,False,False,False
37640,1.0000,0.0000,False,False,False
37641,0.0000,1.0000,False,False,False
37642,0.0000,1.0000,False,False,False
37643,1.0000,0.0000,False,False,False
37644,1.0000,0.0000,False,False,False
37645,1.0000,0.0000,False,False,False
37646,0.0000,1.0000,False,False,False
37647,1.0000,0.0000,False,False,False
37648,0.0000,1.0000,False,False,False
37649,1.0000,0.0000,False,False,False
37650,1.0000,0.0000,False,False,False
37651,0.0000,1.0000,False,False,False
37652,1.0000,0.0000,False,False,False
37653,0.0000,1.0000,False,False,False
37654,1.0000,0.0000,False,False,False
37655,1.0000,0.0000,False,False,False
37656,0.0000,1.0000,False,False,False
37657,0.0000,1.0000,False,False,False
37658,0.0000,1.0000,False,False,False
37659,1.0000,0.0000,False,False,False
37660,1.0000,0.0000,False,False,False
37661,1.0000,0.0000,False,False,False
37662,0.0000,1.0000,False,False,False
37663,1.0000,0.0000,False,False,False
37664,0.0000,1.0000,False,False,False
37665,1.0000,0.0000,False,False,False
37666,1.0000,0.0000,False,False,False
37667,0.0000,1.0000,False,False,False
37668,1.0000,0.0000,False,False,False
37669,1.0000,0.0000,False,False,False
37670,1.0000,0.0000,False,False,False
37671,1.0000,0.0000,False,False,False
37672,0.0000,1.0000,False,False,False
37673,0.0000,1.0000,False,False,False
37674,1.0000,0.0000,False,False,False
37675,0.0000,1.0000,False,False,False
37676,1.0000,0.0000,False,False,False
37677,0.0000,1.0000,False,False,False
37678,0.0000,1.0000,False,False,False
37679,1.0000,0.0000,False,False,False
37680,1.0000,0.0000,False,False,False
37681,0.0000,1.0000,False,False,False
37682,1.0000,0.0000,False,False,False
37683,1.0000,0.0000,False,False,False
37684,1.0000,0.0000,False,False,False
37685,1.0000,0.0000,False,False,False
37686,1.0000,0.0000,False,False,False
37687,1.0000,0.0000,False,False,False
37688,1.0000,0.0000,False,False,False
37689,1.0000,0.0000,False,False,False
37690,1.0000,0.0000,False,False,False
37691,0.0000,1.0000,False,False,False
37692,1.0000,0.0000,False,False,False
37693,1.0000,0.0000,False,False,False
37694,1.0000,0.0000,False,False,False
37695,1.0000,0.0000,False,False,False
37696,1.0000,0.0000,False,False,False
37697,1.0000,0.0000,False,False,False
37698,1.0000,0.0000,False,False,False
37699,1.0000,0.0000,False,False,False
37700,0.0000,1.0000,False,False,False
37701,0.0000,1.0000,False,False,False
37702,1.0000,0.0000,False,False,False
37703,1.0000,0.0000,False,False,False
37704,0.0000,1.0000,False,False,False
37705,0.0000,1.0000,False,False,False
37706,1.0000,0.0000,False,False,False
37707,1.0000,0.0000,False,False,False
37708,1.0000,0.0000,False,False,False
37709,0.0000,1.0000,False,False,False
37710,0.0000,1.0000,False,False,False
37711,0.0000,1.0000,False,False,False
37712,0.0000,1.0000,False,False,False
37713,0.0000,1.0000,False,False,False
37714,1.0000,0.0000,False,False,False
37715,1.0000,0.0000,False,False,False
37716,1.0000,0.0000,False,False,False
37717,1.0000,0.0000,False,False,False
37718,0.0000,1.0000,False,False,False
37719,1.0000,0.0000,False,False,False
37720,1.0000,0.0000,False,False,False
37721,1.0000,0.0000,False,False,False
37722,0.0000,1.0000,False,False,False
37723,0.0000,1.0000,False,False,False
37724,1.0000,0.0000,False,False,False
37725,1.0000,0.0000,False,False,False
37726,0.0000,1.0000,False,False,False
37727,0.0000,1.0000,False,False,False
37728,1.0000,0.0000,False,False,False
37729,0.0000,1.0000,False,False,False
37730,0.0000,1.0000,False,False,False
37731,0.0000,1.0000,False,False,False
37732,1.0000,0.0000,False,False,False
37733,1.0000,0.0000,False,False,False
37734,0.0000,1.0000,False,False,False
37735,1.0000,0.0000,False,False,False
37736,0.0000,1.0000,False,False,False
37737,1.0000,0.0000,False,False,False
37738,1.0000,0.0000,False,False,False
37739,1.0000,0.0000,False,False,False
37740,1.0000,0.0000,False,False,False
37741,0.0000,1.0000,False,False,False
37742,1.0000,0.0000,False,False,False
37743,0.0000,1.0000,False,False,False
37744,0.0000,1.0000,False,False,False
37745,1.0000,0.0000,False,False,False
37746,1.0000,0.0000,False,False,False
37747,1.0000,0.0000,False,False,False
37748,1.0000,0.0000,False,False,False
37749,1.0000,0.0000,False,False,False
37750,0.0000,1.0000,False,False,False
37751,1.0000,0.0000,False,False,False
37752,1.0000,0.0000,False,False,False
37753,1.0000,0.0000,False,False,False
37754,1.0000,0.0000,False,False,False
37755,1.0000,0.0000,False,False,False
37756,1.0000,0.0000,False,False,False
37757,0.0000,1.0000,False,False,False
37758,1.0000,0.0000,False,False,False
37759,1.0000,0.0000,False,False,False
37760,1.0000,0.0000,False,False,False
37761,1.0000,0.0000,False,False,False
37762,0.0000,1.0000,False,False,False
37763,1.0000,0.0000,False,False,False
37764,1.0000,0.0000,False,False,False
37765,1.0000,0.0000,False,False,False
37766,0.0000,1.0000,False,False,False
37767,1.0000,0.0000,False,False,False
37768,1.0000,0.0000,False,False,False
37769,1.0000,0.0000,False,False,False
37770,0.0000,1.0000,False,False,False
37771,0.0000,1.0000,False,False,False
37772,0.0000,1.0000,False,False,False
37773,1.0000,0.0000,False,False,False
37774,0.0000,1.0000,False,False,False
37775,1.0000,0.0000,False,False,False
37776,0.0000,1.0000,False,False,False
37777,1.0000,0.0000,False,False,False
37778,1.0000,0.0000,False,False,False
37779,1.0000,0.0000,False,False,False
37780,1.0000,0.0000,False,False,False
37781,1.0000,0.0000,False,False,False
37782,0.0000,1.0000,False,False,False
37783,1.0000,0.0000,False,False,False
37784,1.0000,0.0000,False,False,False
37785,0.0000,1.0000,False,False,False
37786,1.0000,0.0000,False,False,False
37787,0.0000,1.0000,False,False,False
37788,1.0000,0.0000,False,False,False
37789,1.0000,0.0000,False,False,False
37790,0.0000,1.0000,False,False,False
37791,1.0000,0.0000,False,False,False
37792,1.0000,0.0000,False,False,False
37793,0.0000,1.0000,False,False,False
37794,0.0000,1.0000,False,False,False
37795,1.0000,0.0000,False,False,False
37796,0.0000,1.0000,False,False,False
37797,0.0000,1.0000,False,False,False
37798,1.0000,0.0000,False,False,False
37799,1.0000,0.0000,False,False,False
37800,1.0000,0.0000,False,False,False
37801,1.0000,0.0000,False,False,False
37802,0.0000,1.0000,False,False,False
37803,1.0000,0.0000,False,False,False
37804,1.0000,0.0000,False,False,False
37805,1.0000,0.0000,False,False,False
37806,0.0000,1.0000,False,False,False
37807,1.0000,0.0000,False,False,False
37808,1.0000,0.0000,False,False,False
37809,0.0000,1.0000,False,False,False
37810,1.0000,0.0000,False,False,False
37811,0.0000,1.0000,False,False,False
37812,0.0000,1.0000,False,False,False
37813,1.0000,0.0000,False,False,False
37814,1.0000,0.0000,False,False,False
37815,0.0000,1.0000,False,False,False
37816,0.0000,1.0000,False,False,False
37817,1.0000,0.0000,False,False,False
37818,0.0000,1.0000,False,False,False
37819,1.0000,0.0000,False,False,False
37820,1.0000,0.0000,False,False,False
37821,1.0000,0.0000,False,False,False
37822,1.0000,0.0000,False,False,False
37823,1.0000,0.0000,False,False,False
37824,1.0000,0.0000,False,False,False
37825,0.0000,1.0000,False,False,False
37826,1.0000,0.0000,False,False,False
37827,1.0000,0.0000,False,False,False
37828,0.0000,1.0000,False,False,False
37829,1.0000,0.0000,False,False,False
37830,1.0000,0.0000,False,False,False
37831,1.0000,0.0000,False,False,False
37832,1.0000,0.0000,False,False,False
37833,1.0000,0.0000,False,False,False
37834,1.0000,0.0000,False,False,False
37835,1.0000,0.0000,False,False,False
37836,1.0000,0.0000,False,False,False
37837,1.0000,0.0000,False,False,False
37838,1.0000,0.0000,False,False,False
37839,1.0000,0.0000,False,False,False
37840,1.0000,0.0000,False,False,False
37841,1.0000,0.0000,False,False,False
37842,1.0000,0.0000,False,False,False
37843,1.0000,0.0000,False,False,False
37844,1.0000,0.0000,False,False,False
37845,0.0000,1.0000,False,False,False
37846,1.0000,0.0000,False,False,False
37847,1.0000,0.0000,False,False,False
37848,1.0000,0.0000,False,False,False
37849,1.0000,0.0000,False,False,False
37850,0.0000,1.0000,False,False,False
37851,0.0000,1.0000,False,False,False
37852,0.0000,1.0000,False,False,False
37853,1.0000,0.0000,False,False,False
37854,0.0000,1.0000,False,False,False
37855,0.0000,1.0000,False,False,False
37856,1.0000,0.0000,False,False,False
37857,0.0000,1.0000,False,False,False
37858,1.0000,0.0000,False,False,False
37859,1.0000,0.0000,False,False,False
37860,1.0000,0.0000,False,False,False
37861,1.0000,0.0000,False,False,False
37862,1.0000,0.0000,False,False,False
37863,1.0000,0.0000,False,False,False
37864,1.0000,0.0000,False,False,False
37865,1.0000,0.0000,False,False,False
37866,1.0000,0.0000,False,False,False
37867,1.0000,0.0000,False,False,False
37868,1.0000,0.0000,False,False,False
37869,0.0000,1.0000,False,False,False
37870,1.0000,0.0000,False,False,False
37871,1.0000,0.0000,False,False,False
37872,1.0000,0.0000,False,False,False
37873,0.0000,1.0000,False,False,False
37874,1.0000,0.0000,False,False,False
37875,1.0000,0.0000,False,False,False
37876,1.0000,0.0000,False,False,False
37877,0.0000,1.0000,False,False,False
37878,0.0000,1.0000,False,False,False
37879,1.0000,0.0000,False,False,False
37880,1.0000,0.0000,False,False,False
37881,0.0000,1.0000,False,False,False
37882,1.0000,0.0000,False,False,False
37883,0.0000,1.0000,False,False,False
37884,1.0000,0.0000,False,False,False
37885,1.0000,0.0000,False,False,False
37886,1.0000,0.0000,False,False,False
37887,0.0000,1.0000,False,False,False
37888,0.0000,1.0000,False,False,False
37889,1.0000,0.0000,False,False,False
37890,1.0000,0.0000,False,False,False
37891,1.0000,0.0000,False,False,False
37892,1.0000,0.0000,False,False,False
37893,1.0000,0.0000,False,False,False
37894,1.0000,0.0000,False,False,False
37895,0.0000,1.0000,False,False,False
37896,1.0000,0.0000,False,False,False
37897,1.0000,0.0000,False,False,False
37898,1.0000,0.0000,False,False,False
37899,0.0000,1.0000,False,False,False
37900,1.0000,0.0000,False,False,False
37901,0.0000,1.0000,False,False,False
37902,1.0000,0.0000,False,False,False
37903,1.0000,0.0000,False,False,False
37904,0.0000,1.0000,False,False,False
37905,1.0000,0.0000,False,False,False
37906,0.0000,1.0000,False,False,False
37907,1.0000,0.0000,False,False,False
37908,1.0000,0.0000,False,False,False
37909,0.0000,1.0000,False,False,False
37910,1.0000,0.0000,False,False,False
37911,1.0000,0.0000,False,False,False
37912,1.0000,0.0000,False,False,False
37913,1.0000,0.0000,False,False,False
37914,1.0000,0.0000,False,False,False
37915,1.0000,0.0000,False,False,False
37916,0.0000,1.0000,False,False,False
37917,1.0000,0.0000,False,False,False
37918,1.0000,0.0000,False,False,False
37919,1.0000,0.0000,False,False,False
37920,1.0000,0.0000,False,False,False
37921,1.0000,0.0000,False,False,False
37922,1.0000,0.0000,False,False,False
37923,1.0000,0.0000,False,False,False
37924,0.0000,1.0000,False,False,False
37925,0.0000,1.0000,False,False,False
37926,0.0000,1.0000,False,False,False
37927,1.0000,0.0000,False,False,False
37928,1.0000,0.0000,False,False,False
37929,1.0000,0.0000,False,False,False
37930,1.0000,0.0000,False,False,False
37931,1.0000,0.0000,False,False,False
37932,1.0000,0.0000,False,False,False
37933,0.0000,1.0000,False,False,False
37934,1.0000,0.0000,False,False,False
37935,0.0000,1.0000,False,False,False
37936,1.0000,0.0000,False,False,False
37937,0.0000,1.0000,False,False,False
37938,1.0000,0.0000,False,False,False
37939,1.0000,0.0000,False,False,False
37940,1.0000,0.0000,False,False,False
37941,0.0000,1.0000,False,False,False
37942,1.0000,0.0000,False,False,False
37943,1.0000,0.0000,False,False,False
37944,1.0000,0.0000,False,False,False
37945,1.0000,0.0000,False,False,False
37946,1.0000,0.0000,False,False,False
37947,1.0000,0.0000,False,False,False
37948,1.0000,0.0000,False,False,False
37949,0.0000,1.0000,False,False,False
37950,0.0000,1.0000,False,False,False
37951,0.0000,1.0000,False,False,False
37952,0.0000,1.0000,False,False,False
37953,0.0000,1.0000,False,False,False
37954,1.0000,0.0000,False,False,False
37955,1.0000,0.0000,False,False,False
37956,1.0000,0.0000,False,False,False
37957,1.0000,0.0000,False,False,False
37958,0.0000,1.0000,False,False,False
37959,1.0000,0.0000,False,False,False
37960,1.0000,0.0000,False,False,False
37961,1.0000,0.0000,False,False,False
37962,1.0000,0.0000,False,False,False
37963,1.0000,0.0000,False,False,False
37964,1.0000,0.0000,False,False,False
37965,1.0000,0.0000,False,False,False
37966,0.0000,1.0000,False,False,False
37967,1.0000,0.0000,False,False,False
37968,0.0000,1.0000,False,False,False
37969,1.0000,0.0000,False,False,False
37970,1.0000,0.0000,False,False,False
37971,1.0000,0.0000,False,False,False
37972,0.0000,1.0000,False,False,False
37973,0.0000,1.0000,False,False,False
37974,1.0000,0.0000,False,False,False
37975,1.0000,0.0000,False,False,False
37976,1.0000,0.0000,False,False,False
37977,0.0000,1.0000,False,False,False
37978,1.0000,0.0000,False,False,False
37979,1.0000,0.0000,False,False,False
37980,1.0000,0.0000,False,False,False
37981,1.0000,0.0000,False,False,False
37982,1.0000,0.0000,False,False,False
37983,1.0000,0.0000,False,False,False
37984,1.0000,0.0000,False,False,False
37985,1.0000,0.0000,False,False,False
37986,0.0000,1.0000,False,False,False
37987,1.0000,0.0000,False,False,False
37988,1.0000,0.0000,False,False,False
37989,0.0000,1.0000,False,False,False
37990,1.0000,0.0000,False,False,False
37991,1.0000,0.0000,False,False,False
37992,1.0000,0.0000,False,False,False
37993,0.0000,1.0000,False,False,False
37994,1.0000,0.0000,False,False,False
37995,1.0000,0.0000,False,False,False
37996,0.0000,1.0000,False,False,False
37997,1.0000,0.0000,False,False,False
37998,1.0000,0.0000,False,False,False
37999,1.0000,0.0000,False,False,False
38000,1.0000,0.0000,False,False,False
38001,1.0000,0.0000,False,False,False
38002,0.0000,1.0000,False,False,False
38003,1.0000,0.0000,False,False,False
38004,1.0000,0.0000,False,False,False
38005,1.0000,0.0000,False,False,False
38006,1.0000,0.0000,False,False,False
38007,1.0000,0.0000,False,False,False
38008,1.0000,0.0000,False,False,False
38009,1.0000,0.0000,False,False,False
38010,1.0000,0.0000,False,False,False
38011,1.0000,0.0000,False,False,False
38012,1.0000,0.0000,False,False,False
38013,1.0000,0.0000,False,False,False
38014,1.0000,0.0000,False,False,False
38015,1.0000,0.0000,False,False,False
38016,1.0000,0.0000,False,False,False
38017,1.0000,0.0000,False,False,False
38018,1.0000,0.0000,False,False,False
38019,1.0000,0.0000,False,False,False
38020,1.0000,0.0000,False,False,False
38021,1.0000,0.0000,False,False,False
38022,1.0000,0.0000,False,False,False
38023,1.0000,0.0000,False,False,False
38024,1.0000,0.0000,False,False,False
38025,1.0000,0.0000,False,False,False
38026,1.0000,0.0000,False,False,False
38027,1.0000,0.0000,False,False,False
38028,1.0000,0.0000,False,False,False
38029,0.0000,1.0000,False,False,False
38030,1.0000,0.0000,False,False,False
38031,1.0000,0.0000,False,False,False
38032,1.0000,0.0000,False,False,False
38033,0.0000,1.0000,False,False,False
38034,1.0000,0.0000,False,False,False
38035,1.0000,0.0000,False,False,False
38036,1.0000,0.0000,False,False,False
38037,1.0000,0.0000,False,False,False
38038,1.0000,0.0000,False,False,False
38039,0.0000,1.0000,False,False,False
38040,1.0000,0.0000,False,False,False
38041,1.0000,0.0000,False,False,False
38042,1.0000,0.0000,False,False,False
38043,0.0000,1.0000,False,False,False
38044,1.0000,0.0000,False,False,False
38045,1.0000,0.0000,False,False,False
38046,1.0000,0.0000,False,False,False
38047,1.0000,0.0000,False,False,False
38048,0.0000,1.0000,False,False,False
38049,1.0000,0.0000,False,False,False
38050,1.0000,0.0000,False,False,False
38051,1.0000,0.0000,False,False,False
38052,1.0000,0.0000,False,False,False
38053,1.0000,0.0000,False,False,False
38054,0.0000,1.0000,False,False,False
38055,1.0000,0.0000,False,False,False
38056,0.0000,1.0000,False,False,False
38057,1.0000,0.0000,False,False,False
38058,0.0000,1.0000,False,False,False
38059,0.0000,1.0000,False,False,False
38060,1.0000,0.0000,False,False,False
38061,0.0000,1.0000,False,False,False
38062,0.0000,1.0000,False,False,False
38063,1.0000,0.0000,False,False,False
38064,0.0000,1.0000,False,False,False
38065,1.0000,0.0000,False,False,False
38066,1.0000,0.0000,False,False,False
38067,0.0000,1.0000,False,False,False
38068,0.0000,1.0000,False,False,False
38069,1.0000,0.0000,False,False,False
38070,1.0000,0.0000,False,False,False
38071,1.0000,0.0000,False,False,False
38072,1.0000,0.0000,False,False,False
38073,1.0000,0.0000,False,False,False
38074,0.0000,1.0000,False,False,False
38075,0.0000,1.0000,False,False,False
38076,1.0000,0.0000,False,False,False
38077,1.0000,0.0000,False,False,False
38078,1.0000,0.0000,False,False,False
38079,1.0000,0.0000,False,False,False
38080,1.0000,0.0000,False,False,False
38081,1.0000,0.0000,False,False,False
38082,1.0000,0.0000,False,False,False
38083,1.0000,0.0000,False,False,False
38084,0.0000,1.0000,False,False,False
38085,0.0000,1.0000,False,False,False
38086,0.0000,1.0000,False,False,False
38087,0.0000,1.0000,False,False,False
38088,1.0000,0.0000,False,False,False
38089,0.0000,1.0000,False,False,False
38090,1.0000,0.0000,False,False,False
38091,1.0000,0.0000,False,False,False
38092,1.0000,0.0000,False,False,False
38093,1.0000,0.0000,False,False,False
38094,1.0000,0.0000,False,False,False
38095,1.0000,0.0000,False,False,False
38096,1.0000,0.0000,False,False,False
38097,0.0000,1.0000,False,False,False
38098,1.0000,0.0000,False,False,False
38099,1.0000,0.0000,False,False,False
38100,0.0000,1.0000,False,False,False
38101,0.0000,1.0000,False,False,False
38102,1.0000,0.0000,False,False,False
38103,1.0000,0.0000,False,False,False
38104,1.0000,0.0000,False,False,False
38105,1.0000,0.0000,False,False,False
38106,0.0000,1.0000,False,False,False
38107,1.0000,0.0000,False,False,False
38108,1.0000,0.0000,False,False,False
38109,1.0000,0.0000,False,False,False
38110,1.0000,0.0000,False,False,False
38111,1.0000,0.0000,False,False,False
38112,1.0000,0.0000,False,False,False
38113,1.0000,0.0000,False,False,False
38114,0.0000,1.0000,False,False,False
38115,1.0000,0.0000,False,False,False
38116,1.0000,0.0000,False,False,False
38117,1.0000,0.0000,False,False,False
38118,1.0000,0.0000,False,False,False
38119,0.0000,1.0000,False,False,False
38120,0.0000,1.0000,False,False,False
38121,0.0000,1.0000,False,False,False
38122,1.0000,0.0000,False,False,False
38123,1.0000,0.0000,False,False,False
38124,0.0000,1.0000,False,False,False
38125,0.0000,1.0000,False,False,False
38126,0.0000,1.0000,False,False,False
38127,1.0000,0.0000,False,False,False
38128,1.0000,0.0000,False,False,False
38129,1.0000,0.0000,False,False,False
38130,0.0000,1.0000,False,False,False
38131,1.0000,0.0000,False,False,False
38132,1.0000,0.0000,False,False,False
38133,1.0000,0.0000,False,False,False
38134,1.0000,0.0000,False,False,False
38135,0.0000,1.0000,False,False,False
38136,1.0000,0.0000,False,False,False
38137,1.0000,0.0000,False,False,False
38138,0.0000,1.0000,False,False,False
38139,1.0000,0.0000,False,False,False
38140,1.0000,0.0000,False,False,False
38141,1.0000,0.0000,False,False,False
38142,1.0000,0.0000,False,False,False
38143,1.0000,0.0000,False,False,False
38144,0.0000,1.0000,False,False,False
38145,1.0000,0.0000,False,False,False
38146,1.0000,0.0000,False,False,False
38147,1.0000,0.0000,False,False,False
38148,0.0000,1.0000,False,False,False
38149,1.0000,0.0000,False,False,False
38150,1.0000,0.0000,False,False,False
38151,1.0000,0.0000,False,False,False
38152,0.0000,1.0000,False,False,False
38153,1.0000,0.0000,False,False,False
38154,1.0000,0.0000,False,False,False
38155,0.0000,1.0000,False,False,False
38156,1.0000,0.0000,False,False,False
38157,0.0000,1.0000,False,False,False
38158,0.0000,1.0000,False,False,False
38159,1.0000,0.0000,False,False,False
38160,0.0000,1.0000,False,False,False
38161,1.0000,0.0000,False,False,False
38162,0.0000,1.0000,False,False,False
38163,1.0000,0.0000,False,False,False
38164,1.0000,0.0000,False,False,False
38165,1.0000,0.0000,False,False,False
38166,0.0000,1.0000,False,False,False
38167,1.0000,0.0000,False,False,False
38168,1.0000,0.0000,False,False,False
38169,1.0000,0.0000,False,False,False
38170,1.0000,0.0000,False,False,False
38171,1.0000,0.0000,False,False,False
38172,1.0000,0.0000,False,False,False
38173,1.0000,0.0000,False,False,False
38174,1.0000,0.0000,False,False,False
38175,0.0000,1.0000,False,False,False
38176,1.0000,0.0000,False,False,False
38177,1.0000,0.0000,False,False,False
38178,1.0000,0.0000,False,False,False
38179,1.0000,0.0000,False,False,False
38180,0.0000,1.0000,False,False,False
38181,1.0000,0.0000,False,False,False
38182,1.0000,0.0000,False,False,False
38183,1.0000,0.0000,False,False,False
38184,0.0000,1.0000,False,False,False
38185,1.0000,0.0000,False,False,False
38186,1.0000,0.0000,False,False,False
38187,1.0000,0.0000,False,False,False
38188,1.0000,0.0000,False,False,False
38189,1.0000,0.0000,False,False,False
38190,0.0000,1.0000,False,False,False
38191,0.0000,1.0000,False,False,False
38192,1.0000,0.0000,False,False,False
38193,0.0000,1.0000,False,False,False
38194,1.0000,0.0000,False,False,False
38195,1.0000,0.0000,False,False,False
38196,1.0000,0.0000,False,False,False
38197,0.0000,1.0000,False,False,False
38198,1.0000,0.0000,False,False,False
38199,0.0000,1.0000,False,False,False
38200,0.0000,1.0000,False,False,False
38201,1.0000,0.0000,False,False,False
38202,0.0000,1.0000,False,False,False
38203,1.0000,0.0000,False,False,False
38204,1.0000,0.0000,False,False,False
38205,1.0000,0.0000,False,False,False
38206,0.0000,1.0000,False,False,False
38207,1.0000,0.0000,False,False,False
38208,0.0000,1.0000,False,False,False
38209,1.0000,0.0000,False,False,False
38210,0.0000,1.0000,False,False,False
38211,1.0000,0.0000,False,False,False
38212,1.0000,0.0000,False,False,False
38213,1.0000,0.0000,False,False,False
38214,1.0000,0.0000,False,False,False
38215,1.0000,0.0000,False,False,False
38216,1.0000,0.0000,False,False,False
38217,0.0000,1.0000,False,False,False
38218,1.0000,0.0000,False,False,False
38219,0.0000,1.0000,False,False,False
38220,1.0000,0.0000,False,False,False
38221,1.0000,0.0000,False,False,False
38222,1.0000,0.0000,False,False,False
38223,0.0000,1.0000,False,False,False
38224,1.0000,0.0000,False,False,False
38225,0.0000,1.0000,False,False,False
38226,1.0000,0.0000,False,False,False
38227,1.0000,0.0000,False,False,False
38228,0.0000,1.0000,False,False,False
38229,1.0000,0.0000,False,False,False
38230,1.0000,0.0000,False,False,False
38231,1.0000,0.0000,False,False,False
38232,1.0000,0.0000,False,False,False
38233,1.0000,0.0000,False,False,False
38234,1.0000,0.0000,False,False,False
38235,1.0000,0.0000,False,False,False
38236,0.0000,1.0000,False,False,False
38237,1.0000,0.0000,False,False,False
38238,0.0000,1.0000,False,False,False
38239,1.0000,0.0000,False,False,False
38240,1.0000,0.0000,False,False,False
38241,1.0000,0.0000,False,False,False
38242,1.0000,0.0000,False,False,False
38243,1.0000,0.0000,False,False,False
38244,1.0000,0.0000,False,False,False
38245,1.0000,0.0000,False,False,False
38246,0.0000,1.0000,False,False,False
38247,0.0000,1.0000,False,False,False
38248,0.0000,1.0000,False,False,False
38249,1.0000,0.0000,False,False,False
38250,1.0000,0.0000,False,False,False
38251,1.0000,0.0000,False,False,False
38252,1.0000,0.0000,False,False,False
38253,1.0000,0.0000,False,False,False
38254,1.0000,0.0000,False,False,False
38255,0.0000,1.0000,False,False,False
38256,1.0000,0.0000,False,False,False
38257,0.0000,1.0000,False,False,False
38258,1.0000,0.0000,False,False,False
38259,1.0000,0.0000,False,False,False
38260,1.0000,0.0000,False,False,False
38261,1.0000,0.0000,False,False,False
38262,1.0000,0.0000,False,False,False
38263,1.0000,0.0000,False,False,False
38264,1.0000,0.0000,False,False,False
38265,1.0000,0.0000,False,False,False
38266,1.0000,0.0000,False,False,False
38267,1.0000,0.0000,False,False,False
38268,1.0000,0.0000,False,False,False
38269,1.0000,0.0000,False,False,False
38270,1.0000,0.0000,False,False,False
38271,0.0000,1.0000,False,False,False
38272,0.0000,1.0000,False,False,False
38273,0.0000,1.0000,False,False,False
38274,0.0000,1.0000,False,False,False
38275,1.0000,0.0000,False,False,False
38276,1.0000,0.0000,False,False,False
38277,1.0000,0.0000,False,False,False
38278,1.0000,0.0000,False,False,False
38279,1.0000,0.0000,False,False,False
38280,1.0000,0.0000,False,False,False
38281,1.0000,0.0000,False,False,False
38282,1.0000,0.0000,False,False,False
38283,1.0000,0.0000,False,False,False
38284,0.0000,1.0000,False,False,False
38285,0.0000,1.0000,False,False,False
38286,1.0000,0.0000,False,False,False
38287,1.0000,0.0000,False,False,False
38288,1.0000,0.0000,False,False,False
38289,1.0000,0.0000,False,False,False
38290,0.0000,1.0000,False,False,False
38291,0.0000,1.0000,False,False,False
38292,1.0000,0.0000,False,False,False
38293,1.0000,0.0000,False,False,False
38294,1.0000,0.0000,False,False,False
38295,1.0000,0.0000,False,False,False
38296,1.0000,0.0000,False,False,False
38297,1.0000,0.0000,False,False,False
38298,0.0000,1.0000,False,False,False
38299,1.0000,0.0000,False,False,False
38300,0.0000,1.0000,False,False,False
38301,1.0000,0.0000,False,False,False
38302,1.0000,0.0000,False,False,False
38303,1.0000,0.0000,False,False,False
38304,1.0000,0.0000,False,False,False
38305,1.0000,0.0000,False,False,False
38306,1.0000,0.0000,False,False,False
38307,0.0000,1.0000,False,False,False
38308,0.0000,1.0000,False,False,False
38309,0.0000,1.0000,False,False,False
38310,1.0000,0.0000,False,False,False
38311,1.0000,0.0000,False,False,False
38312,1.0000,0.0000,False,False,False
38313,0.0000,1.0000,False,False,False
38314,1.0000,0.0000,False,False,False
38315,0.0000,1.0000,False,False,False
38316,1.0000,0.0000,False,False,False
38317,1.0000,0.0000,False,False,False
38318,1.0000,0.0000,False,False,False
38319,1.0000,0.0000,False,False,False
38320,1.0000,0.0000,False,False,False
38321,0.0000,1.0000,False,False,False
38322,1.0000,0.0000,False,False,False
38323,1.0000,0.0000,False,False,False
38324,0.0000,1.0000,False,False,False
38325,1.0000,0.0000,False,False,False
38326,1.0000,0.0000,False,False,False
38327,0.0000,1.0000,False,False,False
38328,1.0000,0.0000,False,False,False
38329,1.0000,0.0000,False,False,False
38330,1.0000,0.0000,False,False,False
38331,1.0000,0.0000,False,False,False
38332,0.0000,1.0000,False,False,False
38333,1.0000,0.0000,False,False,False
38334,1.0000,0.0000,False,False,False
38335,1.0000,0.0000,False,False,False
38336,1.0000,0.0000,False,False,False
38337,1.0000,0.0000,False,False,False
38338,1.0000,0.0000,False,False,False
38339,1.0000,0.0000,False,False,False
38340,0.0000,1.0000,False,False,False
38341,1.0000,0.0000,False,False,False
38342,0.0000,1.0000,False,False,False
38343,1.0000,0.0000,False,False,False
38344,0.0000,1.0000,False,False,False
38345,1.0000,0.0000,False,False,False
38346,1.0000,0.0000,False,False,False
38347,0.0000,1.0000,False,False,False
38348,0.0000,1.0000,False,False,False
38349,1.0000,0.0000,False,False,False
38350,0.0000,1.0000,False,False,False
38351,1.0000,0.0000,False,False,False
38352,1.0000,0.0000,False,False,False
38353,1.0000,0.0000,False,False,False
38354,1.0000,0.0000,False,False,False
38355,1.0000,0.0000,False,False,False
38356,1.0000,0.0000,False,False,False
38357,1.0000,0.0000,False,False,False
38358,1.0000,0.0000,False,False,False
38359,0.0000,1.0000,False,False,False
38360,1.0000,0.0000,False,False,False
38361,1.0000,0.0000,False,False,False
38362,1.0000,0.0000,False,False,False
38363,1.0000,0.0000,False,False,False
38364,1.0000,0.0000,False,False,False
38365,1.0000,0.0000,False,False,False
38366,1.0000,0.0000,False,False,False
38367,1.0000,0.0000,False,False,False
38368,1.0000,0.0000,False,False,False
38369,1.0000,0.0000,False,False,False
38370,1.0000,0.0000,False,False,False
38371,0.0000,1.0000,False,False,False
38372,0.0000,1.0000,False,False,False
38373,1.0000,0.0000,False,False,False
38374,1.0000,0.0000,False,False,False
38375,0.0000,1.0000,False,False,False
38376,1.0000,0.0000,False,False,False
38377,1.0000,0.0000,False,False,False
38378,1.0000,0.0000,False,False,False
38379,1.0000,0.0000,False,False,False
38380,1.0000,0.0000,False,False,False
38381,1.0000,0.0000,False,False,False
38382,1.0000,0.0000,False,False,False
38383,0.0000,1.0000,False,False,False
38384,0.0000,1.0000,False,False,False
38385,1.0000,0.0000,False,False,False
38386,1.0000,0.0000,False,False,False
38387,1.0000,0.0000,False,False,False
38388,1.0000,0.0000,False,False,False
38389,1.0000,0.0000,False,False,False
38390,1.0000,0.0000,False,False,False
38391,0.0000,1.0000,False,False,False
38392,1.0000,0.0000,False,False,False
38393,1.0000,0.0000,False,False,False
38394,1.0000,0.0000,False,False,False
38395,1.0000,0.0000,False,False,False
38396,1.0000,0.0000,False,False,False
38397,1.0000,0.0000,False,False,False
38398,1.0000,0.0000,False,False,False
38399,1.0000,0.0000,False,False,False
38400,1.0000,0.0000,False,False,False
38401,1.0000,0.0000,False,False,False
38402,1.0000,0.0000,False,False,False
38403,0.0000,1.0000,False,False,False
38404,0.0000,1.0000,False,False,False
38405,1.0000,0.0000,False,False,False
38406,1.0000,0.0000,False,False,False
38407,1.0000,0.0000,False,False,False
38408,1.0000,0.0000,False,False,False
38409,1.0000,0.0000,False,False,False
38410,1.0000,0.0000,False,False,False
38411,1.0000,0.0000,False,False,False
38412,1.0000,0.0000,False,False,False
38413,1.0000,0.0000,False,False,False
38414,1.0000,0.0000,False,False,False
38415,1.0000,0.0000,False,False,False
38416,1.0000,0.0000,False,False,False
38417,1.0000,0.0000,False,False,False
38418,1.0000,0.0000,False,False,False
38419,1.0000,0.0000,False,False,False
38420,0.0000,1.0000,False,False,False
38421,1.0000,0.0000,False,False,False
38422,0.0000,1.0000,False,False,False
38423,1.0000,0.0000,False,False,False
38424,0.0000,1.0000,False,False,False
38425,1.0000,0.0000,False,False,False
38426,0.0000,1.0000,False,False,False
38427,1.0000,0.0000,False,False,False
38428,1.0000,0.0000,False,False,False
38429,1.0000,0.0000,False,False,False
38430,0.0000,1.0000,False,False,False
38431,0.0000,1.0000,False,False,False
38432,1.0000,0.0000,False,False,False
38433,1.0000,0.0000,False,False,False
38434,0.0000,1.0000,False,False,False
38435,0.0000,1.0000,False,False,False
38436,0.0000,1.0000,False,False,False
38437,1.0000,0.0000,False,False,False
38438,1.0000,0.0000,False,False,False
38439,1.0000,0.0000,False,False,False
38440,1.0000,0.0000,False,False,False
38441,1.0000,0.0000,False,False,False
38442,1.0000,0.0000,False,False,False
38443,1.0000,0.0000,False,False,False
38444,1.0000,0.0000,False,False,False
38445,1.0000,0.0000,False,False,False
38446,1.0000,0.0000,False,False,False
38447,1.0000,0.0000,False,False,False
38448,1.0000,0.0000,False,False,False
38449,1.0000,0.0000,False,False,False
38450,0.0000,1.0000,False,False,False
38451,1.0000,0.0000,False,False,False
38452,0.0000,1.0000,False,False,False
38453,0.0000,1.0000,False,False,False
38454,1.0000,0.0000,False,False,False
38455,1.0000,0.0000,False,False,False
38456,0.0000,1.0000,False,False,False
38457,1.0000,0.0000,False,False,False
38458,1.0000,0.0000,False,False,False
38459,0.0000,1.0000,False,False,False
38460,1.0000,0.0000,False,False,False
38461,1.0000,0.0000,False,False,False
38462,1.0000,0.0000,False,False,False
38463,1.0000,0.0000,False,False,False
38464,1.0000,0.0000,False,False,False
38465,1.0000,0.0000,False,False,False
38466,1.0000,0.0000,False,False,False
38467,0.0000,1.0000,False,False,False
38468,1.0000,0.0000,False,False,False
38469,1.0000,0.0000,False,False,False
38470,1.0000,0.0000,False,False,False
38471,0.0000,1.0000,False,False,False
38472,1.0000,0.0000,False,False,False
38473,1.0000,0.0000,False,False,False
38474,1.0000,0.0000,False,False,False
38475,1.0000,0.0000,False,False,False
38476,1.0000,0.0000,False,False,False
38477,1.0000,0.0000,False,False,False
38478,1.0000,0.0000,False,False,False
38479,1.0000,0.0000,False,False,False
38480,1.0000,0.0000,False,False,False
38481,1.0000,0.0000,False,False,False
38482,1.0000,0.0000,False,False,False
38483,1.0000,0.0000,False,False,False
38484,1.0000,0.0000,False,False,False
38485,1.0000,0.0000,False,False,False
38486,1.0000,0.0000,False,False,False
38487,1.0000,0.0000,False,False,False
38488,1.0000,0.0000,False,False,False
38489,1.0000,0.0000,False,False,False
38490,1.0000,0.0000,False,False,False
38491,0.0000,1.0000,False,False,False
38492,0.0000,1.0000,False,False,False
38493,0.0000,1.0000,False,False,False
38494,0.0000,1.0000,False,False,False
38495,1.0000,0.0000,False,False,False
38496,1.0000,0.0000,False,False,False
38497,1.0000,0.0000,False,False,False
38498,1.0000,0.0000,False,False,False
38499,1.0000,0.0000,False,False,False
38500,1.0000,0.0000,False,False,False
38501,1.0000,0.0000,False,False,False
38502,1.0000,0.0000,False,False,False
38503,1.0000,0.0000,False,False,False
38504,1.0000,0.0000,False,False,False
38505,0.0000,1.0000,False,False,False
38506,1.0000,0.0000,False,False,False
38507,1.0000,0.0000,False,False,False
38508,1.0000,0.0000,False,False,False
38509,1.0000,0.0000,False,False,False
38510,0.0000,1.0000,False,False,False
38511,1.0000,0.0000,False,False,False
38512,0.0000,1.0000,False,False,False
38513,1.0000,0.0000,False,False,False
38514,1.0000,0.0000,False,False,False
38515,1.0000,0.0000,False,False,False
38516,1.0000,0.0000,False,False,False
38517,1.0000,0.0000,False,False,False
38518,1.0000,0.0000,False,False,False
38519,1.0000,0.0000,False,False,False
38520,0.0000,1.0000,False,False,False
38521,1.0000,0.0000,False,False,False
38522,1.0000,0.0000,False,False,False
38523,1.0000,0.0000,False,False,False
38524,1.0000,0.0000,False,False,False
38525,0.0000,1.0000,False,False,False
38526,0.0000,1.0000,False,False,False
38527,0.0000,1.0000,False,False,False
38528,0.0000,1.0000,False,False,False
38529,0.0000,1.0000,False,False,False
38530,1.0000,0.0000,False,False,False
38531,1.0000,0.0000,False,False,False
38532,1.0000,0.0000,False,False,False
38533,0.0000,1.0000,False,False,False
38534,1.0000,0.0000,False,False,False
38535,1.0000,0.0000,False,False,False
38536,1.0000,0.0000,False,False,False
38537,0.0000,1.0000,False,False,False
38538,1.0000,0.0000,False,False,False
38539,0.0000,1.0000,False,False,False
38540,0.0000,1.0000,False,False,False
38541,1.0000,0.0000,False,False,False
38542,0.0000,1.0000,False,False,False
38543,1.0000,0.0000,False,False,False
38544,0.0000,1.0000,False,False,False
38545,0.0000,1.0000,False,False,False
38546,1.0000,0.0000,False,False,False
38547,1.0000,0.0000,False,False,False
38548,1.0000,0.0000,False,False,False
38549,1.0000,0.0000,False,False,False
38550,0.0000,1.0000,False,False,False
38551,1.0000,0.0000,False,False,False
38552,1.0000,0.0000,False,False,False
38553,1.0000,0.0000,False,False,False
38554,1.0000,0.0000,False,False,False
38555,1.0000,0.0000,False,False,False
38556,0.0000,1.0000,False,False,False
38557,1.0000,0.0000,False,False,False
38558,1.0000,0.0000,False,False,False
38559,0.0000,1.0000,False,False,False
38560,1.0000,0.0000,False,False,False
38561,1.0000,0.0000,False,False,False
38562,1.0000,0.0000,False,False,False
38563,1.0000,0.0000,False,False,False
38564,1.0000,0.0000,False,False,False
38565,0.0000,1.0000,False,False,False
38566,1.0000,0.0000,False,False,False
38567,1.0000,0.0000,False,False,False
38568,1.0000,0.0000,False,False,False
38569,0.0000,1.0000,False,False,False
38570,1.0000,0.0000,False,False,False
38571,1.0000,0.0000,False,False,False
38572,1.0000,0.0000,False,False,False
38573,0.0000,1.0000,False,False,False
38574,1.0000,0.0000,False,False,False
38575,1.0000,0.0000,False,False,False
38576,1.0000,0.0000,False,False,False
38577,1.0000,0.0000,False,False,False
38578,1.0000,0.0000,False,False,False
38579,1.0000,0.0000,False,False,False
38580,1.0000,0.0000,False,False,False
38581,1.0000,0.0000,False,False,False
38582,0.0000,1.0000,False,False,False
38583,0.0000,1.0000,False,False,False
38584,1.0000,0.0000,False,False,False
38585,0.0000,1.0000,False,False,False
38586,0.0000,1.0000,False,False,False
38587,0.0000,1.0000,False,False,False
38588,1.0000,0.0000,False,False,False
38589,1.0000,0.0000,False,False,False
38590,1.0000,0.0000,False,False,False
38591,1.0000,0.0000,False,False,False
38592,1.0000,0.0000,False,False,False
38593,1.0000,0.0000,False,False,False
38594,1.0000,0.0000,False,False,False
38595,1.0000,0.0000,False,False,False
38596,1.0000,0.0000,False,False,False
38597,0.0000,1.0000,False,False,False
38598,1.0000,0.0000,False,False,False
38599,1.0000,0.0000,False,False,False
38600,1.0000,0.0000,False,False,False
38601,1.0000,0.0000,False,False,False
38602,1.0000,0.0000,False,False,False
38603,0.0000,1.0000,False,False,False
38604,1.0000,0.0000,False,False,False
38605,1.0000,0.0000,False,False,False
38606,1.0000,0.0000,False,False,False
38607,1.0000,0.0000,False,False,False
38608,1.0000,0.0000,False,False,False
38609,0.0000,1.0000,False,False,False
38610,1.0000,0.0000,False,False,False
38611,1.0000,0.0000,False,False,False
38612,1.0000,0.0000,False,False,False
38613,1.0000,0.0000,False,False,False
38614,1.0000,0.0000,False,False,False
38615,1.0000,0.0000,False,False,False
38616,1.0000,0.0000,False,False,False
38617,1.0000,0.0000,False,False,False
38618,1.0000,0.0000,False,False,False
38619,1.0000,0.0000,False,False,False
38620,0.0000,1.0000,False,False,False
38621,1.0000,0.0000,False,False,False
38622,0.0000,1.0000,False,False,False
38623,1.0000,0.0000,False,False,False
38624,1.0000,0.0000,False,False,False
38625,0.0000,1.0000,False,False,False
38626,1.0000,0.0000,False,False,False
38627,1.0000,0.0000,False,False,False
38628,0.0000,1.0000,False,False,False
38629,1.0000,0.0000,False,False,False
38630,1.0000,0.0000,False,False,False
38631,1.0000,0.0000,False,False,False
38632,0.0000,1.0000,False,False,False
38633,0.0000,1.0000,False,False,False
38634,1.0000,0.0000,False,False,False
38635,1.0000,0.0000,False,False,False
38636,1.0000,0.0000,False,False,False
38637,0.0000,1.0000,False,False,False
38638,1.0000,0.0000,False,False,False
38639,1.0000,0.0000,False,False,False
38640,1.0000,0.0000,False,False,False
38641,1.0000,0.0000,False,False,False
38642,0.0000,1.0000,False,False,False
38643,1.0000,0.0000,False,False,False
38644,0.0000,1.0000,False,False,False
38645,1.0000,0.0000,False,False,False
38646,1.0000,0.0000,False,False,False
38647,0.0000,1.0000,False,False,False
38648,0.0000,1.0000,False,False,False
38649,1.0000,0.0000,False,False,False
38650,0.0000,1.0000,False,False,False
38651,1.0000,0.0000,False,False,False
38652,1.0000,0.0000,False,False,False
38653,1.0000,0.0000,False,False,False
38654,1.0000,0.0000,False,False,False
38655,1.0000,0.0000,False,False,False
38656,0.0000,1.0000,False,False,False
38657,1.0000,0.0000,False,False,False
38658,1.0000,0.0000,False,False,False
38659,1.0000,0.0000,False,False,False
38660,1.0000,0.0000,False,False,False
38661,0.0000,1.0000,False,False,False
38662,1.0000,0.0000,False,False,False
38663,0.0000,1.0000,False,False,False
38664,1.0000,0.0000,False,False,False
38665,1.0000,0.0000,False,False,False
38666,1.0000,0.0000,False,False,False
38667,1.0000,0.0000,False,False,False
38668,1.0000,0.0000,False,False,False
38669,1.0000,0.0000,False,False,False
38670,1.0000,0.0000,False,False,False
38671,1.0000,0.0000,False,False,False
38672,1.0000,0.0000,False,False,False
38673,0.0000,1.0000,False,False,False
38674,1.0000,0.0000,False,False,False
38675,1.0000,0.0000,False,False,False
38676,1.0000,0.0000,False,False,False
38677,1.0000,0.0000,False,False,False
38678,1.0000,0.0000,False,False,False
38679,0.0000,1.0000,False,False,False
38680,0.0000,1.0000,False,False,False
38681,0.0000,1.0000,False,False,False
38682,1.0000,0.0000,False,False,False
38683,1.0000,0.0000,False,False,False
38684,0.0000,1.0000,False,False,False
38685,1.0000,0.0000,False,False,False
38686,1.0000,0.0000,False,False,False
38687,1.0000,0.0000,False,False,False
38688,0.0000,1.0000,False,False,False
38689,0.0000,1.0000,False,False,False
38690,0.0000,1.0000,False,False,False
38691,1.0000,0.0000,False,False,False
38692,1.0000,0.0000,False,False,False
38693,1.0000,0.0000,False,False,False
38694,1.0000,0.0000,False,False,False
38695,0.0000,1.0000,False,False,False
38696,1.0000,0.0000,False,False,False
38697,0.0000,1.0000,False,False,False
38698,1.0000,0.0000,False,False,False
38699,0.0000,1.0000,False,False,False
38700,0.0000,1.0000,False,False,False
38701,0.0000,1.0000,False,False,False
38702,1.0000,0.0000,False,False,False
38703,1.0000,0.0000,False,False,False
38704,0.0000,1.0000,False,False,False
38705,1.0000,0.0000,False,False,False
38706,1.0000,0.0000,False,False,False
38707,0.0000,1.0000,False,False,False
38708,1.0000,0.0000,False,False,False
38709,1.0000,0.0000,False,False,False
38710,1.0000,0.0000,False,False,False
38711,1.0000,0.0000,False,False,False
38712,0.0000,1.0000,False,False,False
38713,1.0000,0.0000,False,False,False
38714,1.0000,0.0000,False,False,False
38715,1.0000,0.0000,False,False,False
38716,0.0000,1.0000,False,False,False
38717,1.0000,0.0000,False,False,False
38718,0.0000,1.0000,False,False,False
38719,1.0000,0.0000,False,False,False
38720,1.0000,0.0000,False,False,False
38721,1.0000,0.0000,False,False,False
38722,1.0000,0.0000,False,False,False
38723,1.0000,0.0000,False,False,False
38724,1.0000,0.0000,False,False,False
38725,0.0000,1.0000,False,False,False
38726,1.0000,0.0000,False,False,False
38727,1.0000,0.0000,False,False,False
38728,1.0000,0.0000,False,False,False
38729,1.0000,0.0000,False,False,False
38730,0.0000,1.0000,False,False,False
38731,0.0000,1.0000,False,False,False
38732,1.0000,0.0000,False,False,False
38733,0.0000,1.0000,False,False,False
38734,1.0000,0.0000,False,False,False
38735,1.0000,0.0000,False,False,False
38736,1.0000,0.0000,False,False,False
38737,0.0000,1.0000,False,False,False
38738,1.0000,0.0000,False,False,False
38739,0.0000,1.0000,False,False,False
38740,1.0000,0.0000,False,False,False
38741,1.0000,0.0000,False,False,False
38742,1.0000,0.0000,False,False,False
38743,1.0000,0.0000,False,False,False
38744,0.0000,1.0000,False,False,False
38745,1.0000,0.0000,False,False,False
38746,0.0000,1.0000,False,False,False
38747,1.0000,0.0000,False,False,False
38748,0.0000,1.0000,False,False,False
38749,1.0000,0.0000,False,False,False
38750,1.0000,0.0000,False,False,False
38751,1.0000,0.0000,False,False,False
38752,1.0000,0.0000,False,False,False
38753,1.0000,0.0000,False,False,False
38754,0.0000,1.0000,False,False,False
38755,0.0000,1.0000,False,False,False
38756,1.0000,0.0000,False,False,False
38757,1.0000,0.0000,False,False,False
38758,1.0000,0.0000,False,False,False
38759,1.0000,0.0000,False,False,False
38760,0.0000,1.0000,False,False,False
38761,1.0000,0.0000,False,False,False
38762,0.0000,1.0000,False,False,False
38763,1.0000,0.0000,False,False,False
38764,1.0000,0.0000,False,False,False
38765,1.0000,0.0000,False,False,False
38766,1.0000,0.0000,False,False,False
38767,0.0000,1.0000,False,False,False
38768,0.0000,1.0000,False,False,False
38769,1.0000,0.0000,False,False,False
38770,1.0000,0.0000,False,False,False
38771,0.0000,1.0000,False,False,False
38772,1.0000,0.0000,False,False,False
38773,1.0000,0.0000,False,False,False
38774,1.0000,0.0000,False,False,False
38775,1.0000,0.0000,False,False,False
38776,1.0000,0.0000,False,False,False
38777,1.0000,0.0000,False,False,False
38778,1.0000,0.0000,False,False,False
38779,1.0000,0.0000,False,False,False
38780,1.0000,0.0000,False,False,False
38781,1.0000,0.0000,False,False,False
38782,0.0000,1.0000,False,False,False
38783,0.0000,1.0000,False,False,False
38784,0.0000,1.0000,False,False,False
38785,1.0000,0.0000,False,False,False
38786,1.0000,0.0000,False,False,False
38787,1.0000,0.0000,False,False,False
38788,0.0000,1.0000,False,False,False
38789,1.0000,0.0000,False,False,False
38790,1.0000,0.0000,False,False,False
38791,1.0000,0.0000,False,False,False
38792,0.0000,1.0000,False,False,False
38793,0.0000,1.0000,False,False,False
38794,1.0000,0.0000,False,False,False
38795,1.0000,0.0000,False,False,False
38796,1.0000,0.0000,False,False,False
38797,1.0000,0.0000,False,False,False
38798,0.0000,1.0000,False,False,False
38799,1.0000,0.0000,False,False,False
38800,1.0000,0.0000,False,False,False
38801,1.0000,0.0000,False,False,False
38802,1.0000,0.0000,False,False,False
38803,1.0000,0.0000,False,False,False
38804,0.0000,1.0000,False,False,False
38805,1.0000,0.0000,False,False,False
38806,1.0000,0.0000,False,False,False
38807,0.0000,1.0000,False,False,False
38808,0.0000,1.0000,False,False,False
38809,1.0000,0.0000,False,False,False
38810,1.0000,0.0000,False,False,False
38811,0.0000,1.0000,False,False,False
38812,1.0000,0.0000,False,False,False
38813,1.0000,0.0000,False,False,False
38814,1.0000,0.0000,False,False,False
38815,1.0000,0.0000,False,False,False
38816,1.0000,0.0000,False,False,False
38817,1.0000,0.0000,False,False,False
38818,0.0000,1.0000,False,False,False
38819,0.0000,1.0000,False,False,False
38820,0.0000,1.0000,False,False,False
38821,0.0000,1.0000,False,False,False
38822,1.0000,0.0000,False,False,False
38823,1.0000,0.0000,False,False,False
38824,0.0000,1.0000,False,False,False
38825,1.0000,0.0000,False,False,False
38826,0.0000,1.0000,False,False,False
38827,1.0000,0.0000,False,False,False
38828,1.0000,0.0000,False,False,False
38829,1.0000,0.0000,False,False,False
38830,1.0000,0.0000,False,False,False
38831,1.0000,0.0000,False,False,False
38832,1.0000,0.0000,False,False,False
38833,0.0000,1.0000,False,False,False
38834,0.0000,1.0000,False,False,False
38835,0.0000,1.0000,False,False,False
38836,0.0000,1.0000,False,False,False
38837,0.0000,1.0000,False,False,False
38838,0.0000,1.0000,False,False,False
38839,1.0000,0.0000,False,False,False
38840,1.0000,0.0000,False,False,False
38841,1.0000,0.0000,False,False,False
38842,1.0000,0.0000,False,False,False
38843,1.0000,0.0000,False,False,False
38844,1.0000,0.0000,False,False,False
38845,0.0000,1.0000,False,False,False
38846,1.0000,0.0000,False,False,False
38847,1.0000,0.0000,False,False,False
38848,0.0000,1.0000,False,False,False
38849,1.0000,0.0000,False,False,False
38850,0.0000,1.0000,False,False,False
38851,0.0000,1.0000,False,False,False
38852,1.0000,0.0000,False,False,False
38853,0.0000,1.0000,False,False,False
38854,1.0000,0.0000,False,False,False
38855,1.0000,0.0000,False,False,False
38856,0.0000,1.0000,False,False,False
38857,0.0000,1.0000,False,False,False
38858,0.0000,1.0000,False,False,False
38859,0.0000,1.0000,False,False,False
38860,0.0000,1.0000,False,False,False
38861,0.0000,1.0000,False,False,False
38862,1.0000,0.0000,False,False,False
38863,0.0000,1.0000,False,False,False
38864,1.0000,0.0000,False,False,False
38865,1.0000,0.0000,False,False,False
38866,1.0000,0.0000,False,False,False
38867,1.0000,0.0000,False,False,False
38868,0.0000,1.0000,False,False,False
38869,1.0000,0.0000,False,False,False
38870,1.0000,0.0000,False,False,False
38871,0.0000,1.0000,False,False,False
38872,1.0000,0.0000,False,False,False
38873,1.0000,0.0000,False,False,False
38874,1.0000,0.0000,False,False,False
38875,0.0000,1.0000,False,False,False
38876,0.0000,1.0000,False,False,False
38877,1.0000,0.0000,False,False,False
38878,1.0000,0.0000,False,False,False
38879,1.0000,0.0000,False,False,False
38880,1.0000,0.0000,False,False,False
38881,1.0000,0.0000,False,False,False
38882,0.0000,1.0000,False,False,False
38883,1.0000,0.0000,False,False,False
38884,0.0000,1.0000,False,False,False
38885,1.0000,0.0000,False,False,False
38886,0.0000,1.0000,False,False,False
38887,0.0000,1.0000,False,False,False
38888,1.0000,0.0000,False,False,False
38889,0.0000,1.0000,False,False,False
38890,1.0000,0.0000,False,False,False
38891,1.0000,0.0000,False,False,False
38892,1.0000,0.0000,False,False,False
38893,1.0000,0.0000,False,False,False
38894,1.0000,0.0000,False,False,False
38895,0.0000,1.0000,False,False,False
38896,0.0000,1.0000,False,False,False
38897,1.0000,0.0000,False,False,False
38898,0.0000,1.0000,False,False,False
38899,1.0000,0.0000,False,False,False
38900,1.0000,0.0000,False,False,False
38901,0.0000,1.0000,False,False,False
38902,1.0000,0.0000,False,False,False
38903,1.0000,0.0000,False,False,False
38904,1.0000,0.0000,False,False,False
38905,1.0000,0.0000,False,False,False
38906,1.0000,0.0000,False,False,False
38907,0.0000,1.0000,False,False,False
38908,1.0000,0.0000,False,False,False
38909,1.0000,0.0000,False,False,False
38910,1.0000,0.0000,False,False,False
38911,1.0000,0.0000,False,False,False
38912,1.0000,0.0000,False,False,False
38913,0.0000,1.0000,False,False,False
38914,1.0000,0.0000,False,False,False
38915,1.0000,0.0000,False,False,False
38916,0.0000,1.0000,False,False,False
38917,0.0000,1.0000,False,False,False
38918,1.0000,0.0000,False,False,False
38919,1.0000,0.0000,False,False,False
38920,1.0000,0.0000,False,False,False
38921,1.0000,0.0000,False,False,False
38922,1.0000,0.0000,False,False,False
38923,1.0000,0.0000,False,False,False
38924,1.0000,0.0000,False,False,False
38925,1.0000,0.0000,False,False,False
38926,1.0000,0.0000,False,False,False
38927,1.0000,0.0000,False,False,False
38928,1.0000,0.0000,False,False,False
38929,0.0000,1.0000,False,False,False
38930,0.0000,1.0000,False,False,False
38931,0.0000,1.0000,False,False,False
38932,1.0000,0.0000,False,False,False
38933,1.0000,0.0000,False,False,False
38934,1.0000,0.0000,False,False,False
38935,1.0000,0.0000,False,False,False
38936,1.0000,0.0000,False,False,False
38937,1.0000,0.0000,False,False,False
38938,1.0000,0.0000,False,False,False
38939,1.0000,0.0000,False,False,False
38940,1.0000,0.0000,False,False,False
38941,1.0000,0.0000,False,False,False
38942,1.0000,0.0000,False,False,False
38943,1.0000,0.0000,False,False,False
38944,0.0000,1.0000,False,False,False
38945,1.0000,0.0000,False,False,False
38946,1.0000,0.0000,False,False,False
38947,1.0000,0.0000,False,False,False
38948,1.0000,0.0000,False,False,False
38949,1.0000,0.0000,False,False,False
38950,1.0000,0.0000,False,False,False
38951,1.0000,0.0000,False,False,False
38952,0.0000,1.0000,False,False,False
38953,0.0000,1.0000,False,False,False
38954,0.0000,1.0000,False,False,False
38955,0.0000,1.0000,False,False,False
38956,1.0000,0.0000,False,False,False
38957,0.0000,1.0000,False,False,False
38958,1.0000,0.0000,False,False,False
38959,0.0000,1.0000,False,False,False
38960,1.0000,0.0000,False,False,False
38961,1.0000,0.0000,False,False,False
38962,1.0000,0.0000,False,False,False
38963,1.0000,0.0000,False,False,False
38964,1.0000,0.0000,False,False,False
38965,1.0000,0.0000,False,False,False
38966,1.0000,0.0000,False,False,False
38967,0.0000,1.0000,False,False,False
38968,0.0000,1.0000,False,False,False
38969,1.0000,0.0000,False,False,False
38970,1.0000,0.0000,False,False,False
38971,1.0000,0.0000,False,False,False
38972,1.0000,0.0000,False,False,False
38973,1.0000,0.0000,False,False,False
38974,1.0000,0.0000,False,False,False
38975,1.0000,0.0000,False,False,False
38976,1.0000,0.0000,False,False,False
38977,1.0000,0.0000,False,False,False
38978,1.0000,0.0000,False,False,False
38979,1.0000,0.0000,False,False,False
38980,1.0000,0.0000,False,False,False
38981,0.0000,1.0000,False,False,False
38982,1.0000,0.0000,False,False,False
38983,1.0000,0.0000,False,False,False
38984,1.0000,0.0000,False,False,False
38985,0.0000,1.0000,False,False,False
38986,1.0000,0.0000,False,False,False
38987,0.0000,1.0000,False,False,False
38988,0.0000,1.0000,False,False,False
38989,0.0000,1.0000,False,False,False
38990,0.0000,1.0000,False,False,False
38991,1.0000,0.0000,False,False,False
38992,1.0000,0.0000,False,False,False
38993,1.0000,0.0000,False,False,False
38994,1.0000,0.0000,False,False,False
38995,0.0000,1.0000,False,False,False
38996,0.0000,1.0000,False,False,False
38997,1.0000,0.0000,False,False,False
38998,1.0000,0.0000,False,False,False
38999,1.0000,0.0000,False,False,False
39000,0.0000,1.0000,False,False,False
39001,0.0000,1.0000,False,False,False
39002,1.0000,0.0000,False,False,False
39003,1.0000,0.0000,False,False,False
39004,1.0000,0.0000,False,False,False
39005,0.0000,1.0000,False,False,False
39006,1.0000,0.0000,False,False,False
39007,1.0000,0.0000,False,False,False
39008,1.0000,0.0000,False,False,False
39009,1.0000,0.0000,False,False,False
39010,1.0000,0.0000,False,False,False
39011,1.0000,0.0000,False,False,False
39012,1.0000,0.0000,False,False,False
39013,1.0000,0.0000,False,False,False
39014,0.0000,1.0000,False,False,False
39015,1.0000,0.0000,False,False,False
39016,0.0000,1.0000,False,False,False
39017,1.0000,0.0000,False,False,False
39018,0.0000,1.0000,False,False,False
39019,1.0000,0.0000,False,False,False
39020,1.0000,0.0000,False,False,False
39021,1.0000,0.0000,False,False,False
39022,0.0000,1.0000,False,False,False
39023,0.0000,1.0000,False,False,False
39024,1.0000,0.0000,False,False,False
39025,1.0000,0.0000,False,False,False
39026,1.0000,0.0000,False,False,False
39027,1.0000,0.0000,False,False,False
39028,1.0000,0.0000,False,False,False
39029,1.0000,0.0000,False,False,False
39030,1.0000,0.0000,False,False,False
39031,1.0000,0.0000,False,False,False
39032,1.0000,0.0000,False,False,False
39033,1.0000,0.0000,False,False,False
39034,1.0000,0.0000,False,False,False
39035,1.0000,0.0000,False,False,False
39036,1.0000,0.0000,False,False,False
39037,1.0000,0.0000,False,False,False
39038,1.0000,0.0000,False,False,False
39039,1.0000,0.0000,False,False,False
39040,0.0000,1.0000,False,False,False
39041,0.0000,1.0000,False,False,False
39042,0.0000,1.0000,False,False,False
39043,0.0000,1.0000,False,False,False
39044,1.0000,0.0000,False,False,False
39045,0.0000,1.0000,False,False,False
39046,1.0000,0.0000,False,False,False
39047,1.0000,0.0000,False,False,False
39048,0.0000,1.0000,False,False,False
39049,1.0000,0.0000,False,False,False
39050,1.0000,0.0000,False,False,False
39051,0.0000,1.0000,False,False,False
39052,1.0000,0.0000,False,False,False
39053,1.0000,0.0000,False,False,False
39054,0.0000,1.0000,False,False,False
39055,1.0000,0.0000,False,False,False
39056,1.0000,0.0000,False,False,False
39057,1.0000,0.0000,False,False,False
39058,1.0000,0.0000,False,False,False
39059,1.0000,0.0000,False,False,False
39060,0.0000,1.0000,False,False,False
39061,1.0000,0.0000,False,False,False
39062,1.0000,0.0000,False,False,False
39063,1.0000,0.0000,False,False,False
39064,0.0000,1.0000,False,False,False
39065,0.0000,1.0000,False,False,False
39066,0.0000,1.0000,False,False,False
39067,1.0000,0.0000,False,False,False
39068,1.0000,0.0000,False,False,False
39069,1.0000,0.0000,False,False,False
39070,1.0000,0.0000,False,False,False
39071,1.0000,0.0000,False,False,False
39072,1.0000,0.0000,False,False,False
39073,1.0000,0.0000,False,False,False
39074,0.0000,1.0000,False,False,False
39075,1.0000,0.0000,False,False,False
39076,0.0000,1.0000,False,False,False
39077,0.0000,1.0000,False,False,False
39078,1.0000,0.0000,False,False,False
39079,0.0000,1.0000,False,False,False
39080,0.0000,1.0000,False,False,False
39081,0.0000,1.0000,False,False,False
39082,0.0000,1.0000,False,False,False
39083,1.0000,0.0000,False,False,False
39084,0.0000,1.0000,False,False,False
39085,0.0000,1.0000,False,False,False
39086,1.0000,0.0000,False,False,False
39087,0.0000,1.0000,False,False,False
39088,1.0000,0.0000,False,False,False
39089,1.0000,0.0000,False,False,False
39090,1.0000,0.0000,False,False,False
39091,0.0000,1.0000,False,False,False
39092,1.0000,0.0000,False,False,False
39093,1.0000,0.0000,False,False,False
39094,0.0000,1.0000,False,False,False
39095,1.0000,0.0000,False,False,False
39096,0.0000,1.0000,False,False,False
39097,0.0000,1.0000,False,False,False
39098,1.0000,0.0000,False,False,False
39099,0.0000,1.0000,False,False,False
39100,1.0000,0.0000,False,False,False
39101,1.0000,0.0000,False,False,False
39102,1.0000,0.0000,False,False,False
39103,0.0000,1.0000,False,False,False
39104,1.0000,0.0000,False,False,False
39105,0.0000,1.0000,False,False,False
39106,1.0000,0.0000,False,False,False
39107,0.0000,1.0000,False,False,False
39108,0.0000,1.0000,False,False,False
39109,1.0000,0.0000,False,False,False
39110,1.0000,0.0000,False,False,False
39111,0.0000,1.0000,False,False,False
39112,1.0000,0.0000,False,False,False
39113,1.0000,0.0000,False,False,False
39114,0.0000,1.0000,False,False,False
39115,1.0000,0.0000,False,False,False
39116,1.0000,0.0000,False,False,False
39117,0.0000,1.0000,False,False,False
39118,1.0000,0.0000,False,False,False
39119,1.0000,0.0000,False,False,False
39120,1.0000,0.0000,False,False,False
39121,1.0000,0.0000,False,False,False
39122,0.0000,1.0000,False,False,False
39123,1.0000,0.0000,False,False,False
39124,1.0000,0.0000,False,False,False
39125,0.0000,1.0000,False,False,False
39126,1.0000,0.0000,False,False,False
39127,1.0000,0.0000,False,False,False
39128,1.0000,0.0000,False,False,False
39129,1.0000,0.0000,False,False,False
39130,1.0000,0.0000,False,False,False
39131,1.0000,0.0000,False,False,False
39132,1.0000,0.0000,False,False,False
39133,1.0000,0.0000,False,False,False
39134,1.0000,0.0000,False,False,False
39135,0.0000,1.0000,False,False,False
39136,1.0000,0.0000,False,False,False
39137,1.0000,0.0000,False,False,False
39138,0.0000,1.0000,False,False,False
39139,0.0000,1.0000,False,False,False
39140,0.0000,1.0000,False,False,False
39141,1.0000,0.0000,False,False,False
39142,1.0000,0.0000,False,False,False
39143,1.0000,0.0000,False,False,False
39144,0.0000,1.0000,False,False,False
39145,0.0000,1.0000,False,False,False
39146,0.0000,1.0000,False,False,False
39147,1.0000,0.0000,False,False,False
39148,1.0000,0.0000,False,False,False
39149,0.0000,1.0000,False,False,False
39150,1.0000,0.0000,False,False,False
39151,1.0000,0.0000,False,False,False
39152,1.0000,0.0000,False,False,False
39153,0.0000,1.0000,False,False,False
39154,1.0000,0.0000,False,False,False
39155,1.0000,0.0000,False,False,False
39156,1.0000,0.0000,False,False,False
39157,1.0000,0.0000,False,False,False
39158,1.0000,0.0000,False,False,False
39159,1.0000,0.0000,False,False,False
39160,0.0000,1.0000,False,False,False
39161,0.0000,1.0000,False,False,False
39162,1.0000,0.0000,False,False,False
39163,1.0000,0.0000,False,False,False
39164,0.0000,1.0000,False,False,False
39165,1.0000,0.0000,False,False,False
39166,0.0000,1.0000,False,False,False
39167,0.0000,1.0000,False,False,False
39168,1.0000,0.0000,False,False,False
39169,0.0000,1.0000,False,False,False
39170,1.0000,0.0000,False,False,False
39171,1.0000,0.0000,False,False,False
39172,1.0000,0.0000,False,False,False
39173,1.0000,0.0000,False,False,False
39174,1.0000,0.0000,False,False,False
39175,1.0000,0.0000,False,False,False
39176,0.0000,1.0000,False,False,False
39177,1.0000,0.0000,False,False,False
39178,0.0000,1.0000,False,False,False
39179,1.0000,0.0000,False,False,False
39180,1.0000,0.0000,False,False,False
39181,1.0000,0.0000,False,False,False
39182,1.0000,0.0000,False,False,False
39183,1.0000,0.0000,False,False,False
39184,1.0000,0.0000,False,False,False
39185,1.0000,0.0000,False,False,False
39186,1.0000,0.0000,False,False,False
39187,1.0000,0.0000,False,False,False
39188,1.0000,0.0000,False,False,False
39189,1.0000,0.0000,False,False,False
39190,1.0000,0.0000,False,False,False
39191,0.0000,1.0000,False,False,False
39192,0.0000,1.0000,False,False,False
39193,1.0000,0.0000,False,False,False
39194,1.0000,0.0000,False,False,False
39195,1.0000,0.0000,False,False,False
39196,1.0000,0.0000,False,False,False
39197,1.0000,0.0000,False,False,False
39198,0.0000,1.0000,False,False,False
39199,0.0000,1.0000,False,False,False
39200,0.0000,1.0000,False,False,False
39201,1.0000,0.0000,False,False,False
39202,1.0000,0.0000,False,False,False
39203,1.0000,0.0000,False,False,False
39204,1.0000,0.0000,False,False,False
39205,0.0000,1.0000,False,False,False
39206,1.0000,0.0000,False,False,False
39207,1.0000,0.0000,False,False,False
39208,1.0000,0.0000,False,False,False
39209,0.0000,1.0000,False,False,False
39210,1.0000,0.0000,False,False,False
39211,0.0000,1.0000,False,False,False
39212,1.0000,0.0000,False,False,False
39213,1.0000,0.0000,False,False,False
39214,0.0000,1.0000,False,False,False
39215,1.0000,0.0000,False,False,False
39216,1.0000,0.0000,False,False,False
39217,1.0000,0.0000,False,False,False
39218,1.0000,0.0000,False,False,False
39219,0.0000,1.0000,False,False,False
39220,0.0000,1.0000,False,False,False
39221,1.0000,0.0000,False,False,False
39222,0.0000,1.0000,False,False,False
39223,0.0000,1.0000,False,False,False
39224,0.0000,1.0000,False,False,False
39225,0.0000,1.0000,False,False,False
39226,1.0000,0.0000,False,False,False
39227,1.0000,0.0000,False,False,False
39228,0.0000,1.0000,False,False,False
39229,1.0000,0.0000,False,False,False
39230,1.0000,0.0000,False,False,False
39231,1.0000,0.0000,False,False,False
39232,1.0000,0.0000,False,False,False
39233,1.0000,0.0000,False,False,False
39234,1.0000,0.0000,False,False,False
39235,1.0000,0.0000,False,False,False
39236,1.0000,0.0000,False,False,False
39237,1.0000,0.0000,False,False,False
39238,1.0000,0.0000,False,False,False
39239,1.0000,0.0000,False,False,False
39240,1.0000,0.0000,False,False,False
39241,0.0000,1.0000,False,False,False
39242,0.0000,1.0000,False,False,False
39243,0.0000,1.0000,False,False,False
39244,1.0000,0.0000,False,False,False
39245,0.0000,1.0000,False,False,False
39246,0.0000,1.0000,False,False,False
39247,0.0000,1.0000,False,False,False
39248,0.0000,1.0000,False,False,False
39249,1.0000,0.0000,False,False,False
39250,0.0000,1.0000,False,False,False
39251,1.0000,0.0000,False,False,False
39252,0.0000,1.0000,False,False,False
39253,0.0000,1.0000,False,False,False
39254,1.0000,0.0000,False,False,False
39255,1.0000,0.0000,False,False,False
39256,1.0000,0.0000,False,False,False
39257,1.0000,0.0000,False,False,False
39258,1.0000,0.0000,False,False,False
39259,0.0000,1.0000,False,False,False
39260,0.0000,1.0000,False,False,False
39261,1.0000,0.0000,False,False,False
39262,1.0000,0.0000,False,False,False
39263,1.0000,0.0000,False,False,False
39264,0.0000,1.0000,False,False,False
39265,1.0000,0.0000,False,False,False
39266,1.0000,0.0000,False,False,False
39267,1.0000,0.0000,False,False,False
39268,0.0000,1.0000,False,False,False
39269,1.0000,0.0000,False,False,False
39270,0.0000,1.0000,False,False,False
39271,1.0000,0.0000,False,False,False
39272,1.0000,0.0000,False,False,False
39273,1.0000,0.0000,False,False,False
39274,0.0000,1.0000,False,False,False
39275,1.0000,0.0000,False,False,False
39276,1.0000,0.0000,False,False,False
39277,1.0000,0.0000,False,False,False
39278,1.0000,0.0000,False,False,False
39279,1.0000,0.0000,False,False,False
39280,1.0000,0.0000,False,False,False
39281,1.0000,0.0000,False,False,False
39282,0.0000,1.0000,False,False,False
39283,1.0000,0.0000,False,False,False
39284,1.0000,0.0000,False,False,False
39285,0.0000,1.0000,False,False,False
39286,0.0000,1.0000,False,False,False
39287,1.0000,0.0000,False,False,False
39288,0.0000,1.0000,False,False,False
39289,1.0000,0.0000,False,False,False
39290,0.0000,1.0000,False,False,False
39291,1.0000,0.0000,False,False,False
39292,0.0000,1.0000,False,False,False
39293,1.0000,0.0000,False,False,False
39294,0.0000,1.0000,False,False,False
39295,1.0000,0.0000,False,False,False
39296,1.0000,0.0000,False,False,False
39297,0.0000,1.0000,False,False,False
39298,0.0000,1.0000,False,False,False
39299,1.0000,0.0000,False,False,False
39300,1.0000,0.0000,False,False,False
39301,1.0000,0.0000,False,False,False
39302,0.0000,1.0000,False,False,False
39303,1.0000,0.0000,False,False,False
39304,1.0000,0.0000,False,False,False
39305,1.0000,0.0000,False,False,False
39306,1.0000,0.0000,False,False,False
39307,1.0000,0.0000,False,False,False
39308,1.0000,0.0000,False,False,False
39309,1.0000,0.0000,False,False,False
39310,1.0000,0.0000,False,False,False
39311,1.0000,0.0000,False,False,False
39312,1.0000,0.0000,False,False,False
39313,1.0000,0.0000,False,False,False
39314,1.0000,0.0000,False,False,False
39315,1.0000,0.0000,False,False,False
39316,0.0000,1.0000,False,False,False
39317,1.0000,0.0000,False,False,False
39318,0.0000,1.0000,False,False,False
39319,1.0000,0.0000,False,False,False
39320,1.0000,0.0000,False,False,False
39321,1.0000,0.0000,False,False,False
39322,1.0000,0.0000,False,False,False
39323,1.0000,0.0000,False,False,False
39324,1.0000,0.0000,False,False,False
39325,0.0000,1.0000,False,False,False
39326,1.0000,0.0000,False,False,False
39327,1.0000,0.0000,False,False,False
39328,1.0000,0.0000,False,False,False
39329,1.0000,0.0000,False,False,False
39330,1.0000,0.0000,False,False,False
39331,1.0000,0.0000,False,False,False
39332,1.0000,0.0000,False,False,False
39333,0.0000,1.0000,False,False,False
39334,0.0000,1.0000,False,False,False
39335,1.0000,0.0000,False,False,False
39336,1.0000,0.0000,False,False,False
39337,1.0000,0.0000,False,False,False
39338,0.0000,1.0000,False,False,False
39339,1.0000,0.0000,False,False,False
39340,1.0000,0.0000,False,False,False
39341,1.0000,0.0000,False,False,False
39342,0.0000,1.0000,False,False,False
39343,0.0000,1.0000,False,False,False
39344,1.0000,0.0000,False,False,False
39345,1.0000,0.0000,False,False,False
39346,1.0000,0.0000,False,False,False
39347,1.0000,0.0000,False,False,False
39348,0.0000,1.0000,False,False,False
39349,0.0000,1.0000,False,False,False
39350,1.0000,0.0000,False,False,False
39351,1.0000,0.0000,False,False,False
39352,1.0000,0.0000,False,False,False
39353,1.0000,0.0000,False,False,False
39354,1.0000,0.0000,False,False,False
39355,1.0000,0.0000,False,False,False
39356,0.0000,1.0000,False,False,False
39357,1.0000,0.0000,False,False,False
39358,0.0000,1.0000,False,False,False
39359,1.0000,0.0000,False,False,False
39360,1.0000,0.0000,False,False,False
39361,0.0000,1.0000,False,False,False
39362,0.0000,1.0000,False,False,False
39363,1.0000,0.0000,False,False,False
39364,0.0000,1.0000,False,False,False
39365,1.0000,0.0000,False,False,False
39366,0.0000,1.0000,False,False,False
39367,1.0000,0.0000,False,False,False
39368,1.0000,0.0000,False,False,False
39369,0.0000,1.0000,False,False,False
39370,0.0000,1.0000,False,False,False
39371,1.0000,0.0000,False,False,False
39372,1.0000,0.0000,False,False,False
39373,1.0000,0.0000,False,False,False
39374,0.0000,1.0000,False,False,False
39375,1.0000,0.0000,False,False,False
39376,1.0000,0.0000,False,False,False
39377,1.0000,0.0000,False,False,False
39378,0.0000,1.0000,False,False,False
39379,1.0000,0.0000,False,False,False
39380,0.0000,1.0000,False,False,False
39381,0.0000,1.0000,False,False,False
39382,1.0000,0.0000,False,False,False
39383,0.0000,1.0000,False,False,False
39384,0.0000,1.0000,False,False,False
39385,1.0000,0.0000,False,False,False
39386,0.0000,1.0000,False,False,False
39387,1.0000,0.0000,False,False,False
39388,1.0000,0.0000,False,False,False
39389,1.0000,0.0000,False,False,False
39390,1.0000,0.0000,False,False,False
39391,1.0000,0.0000,False,False,False
39392,1.0000,0.0000,False,False,False
39393,1.0000,0.0000,False,False,False
39394,1.0000,0.0000,False,False,False
39395,0.0000,1.0000,False,False,False
39396,1.0000,0.0000,False,False,False
39397,0.0000,1.0000,False,False,False
39398,1.0000,0.0000,False,False,False
39399,1.0000,0.0000,False,False,False
39400,1.0000,0.0000,False,False,False
39401,0.0000,1.0000,False,False,False
39402,1.0000,0.0000,False,False,False
39403,1.0000,0.0000,False,False,False
39404,1.0000,0.0000,False,False,False
39405,1.0000,0.0000,False,False,False
39406,1.0000,0.0000,False,False,False
39407,1.0000,0.0000,False,False,False
39408,0.0000,1.0000,False,False,False
39409,0.0000,1.0000,False,False,False
39410,1.0000,0.0000,False,False,False
39411,1.0000,0.0000,False,False,False
39412,1.0000,0.0000,False,False,False
39413,1.0000,0.0000,False,False,False
39414,1.0000,0.0000,False,False,False
39415,1.0000,0.0000,False,False,False
39416,1.0000,0.0000,False,False,False
39417,1.0000,0.0000,False,False,False
39418,1.0000,0.0000,False,False,False
39419,1.0000,0.0000,False,False,False
39420,1.0000,0.0000,False,False,False
39421,1.0000,0.0000,False,False,False
39422,1.0000,0.0000,False,False,False
39423,1.0000,0.0000,False,False,False
39424,0.0000,1.0000,False,False,False
39425,0.0000,1.0000,False,False,False
39426,0.0000,1.0000,False,False,False
39427,0.0000,1.0000,False,False,False
39428,1.0000,0.0000,False,False,False
39429,1.0000,0.0000,False,False,False
39430,1.0000,0.0000,False,False,False
39431,1.0000,0.0000,False,False,False
39432,1.0000,0.0000,False,False,False
39433,0.0000,1.0000,False,False,False
39434,1.0000,0.0000,False,False,False
39435,0.0000,1.0000,False,False,False
39436,1.0000,0.0000,False,False,False
39437,1.0000,0.0000,False,False,False
39438,1.0000,0.0000,False,False,False
39439,0.0000,1.0000,False,False,False
39440,1.0000,0.0000,False,False,False
39441,1.0000,0.0000,False,False,False
39442,1.0000,0.0000,False,False,False
39443,1.0000,0.0000,False,False,False
39444,0.0000,1.0000,False,False,False
39445,0.0000,1.0000,False,False,False
39446,0.0000,1.0000,False,False,False
39447,1.0000,0.0000,False,False,False
39448,1.0000,0.0000,False,False,False
39449,1.0000,0.0000,False,False,False
39450,1.0000,0.0000,False,False,False
39451,1.0000,0.0000,False,False,False
39452,1.0000,0.0000,False,False,False
39453,1.0000,0.0000,False,False,False
39454,1.0000,0.0000,False,False,False
39455,1.0000,0.0000,False,False,False
39456,1.0000,0.0000,False,False,False
39457,1.0000,0.0000,False,False,False
39458,1.0000,0.0000,False,False,False
39459,0.0000,1.0000,False,False,False
39460,1.0000,0.0000,False,False,False
39461,1.0000,0.0000,False,False,False
39462,0.0000,1.0000,False,False,False
39463,1.0000,0.0000,False,False,False
39464,1.0000,0.0000,False,False,False
39465,1.0000,0.0000,False,False,False
39466,1.0000,0.0000,False,False,False
39467,1.0000,0.0000,False,False,False
39468,1.0000,0.0000,False,False,False
39469,1.0000,0.0000,False,False,False
39470,1.0000,0.0000,False,False,False
39471,1.0000,0.0000,False,False,False
39472,1.0000,0.0000,False,False,False
39473,0.0000,1.0000,False,False,False
39474,1.0000,0.0000,False,False,False
39475,1.0000,0.0000,False,False,False
39476,1.0000,0.0000,False,False,False
39477,1.0000,0.0000,False,False,False
39478,1.0000,0.0000,False,False,False
39479,1.0000,0.0000,False,False,False
39480,1.0000,0.0000,False,False,False
39481,0.0000,1.0000,False,False,False
39482,1.0000,0.0000,False,False,False
39483,0.0000,1.0000,False,False,False
39484,1.0000,0.0000,False,False,False
39485,1.0000,0.0000,False,False,False
39486,1.0000,0.0000,False,False,False
39487,1.0000,0.0000,False,False,False
39488,1.0000,0.0000,False,False,False
39489,1.0000,0.0000,False,False,False
39490,1.0000,0.0000,False,False,False
39491,1.0000,0.0000,False,False,False
39492,1.0000,0.0000,False,False,False
39493,0.0000,1.0000,False,False,False
39494,0.0000,1.0000,False,False,False
39495,0.0000,1.0000,False,False,False
39496,1.0000,0.0000,False,False,False
39497,1.0000,0.0000,False,False,False
39498,0.0000,1.0000,False,False,False
39499,1.0000,0.0000,False,False,False
39500,1.0000,0.0000,False,False,False
39501,1.0000,0.0000,False,False,False
39502,0.0000,1.0000,False,False,False
39503,1.0000,0.0000,False,False,False
39504,1.0000,0.0000,False,False,False
39505,1.0000,0.0000,False,False,False
39506,0.0000,1.0000,False,False,False
39507,1.0000,0.0000,False,False,False
39508,0.0000,1.0000,False,False,False
39509,1.0000,0.0000,False,False,False
39510,1.0000,0.0000,False,False,False
39511,1.0000,0.0000,False,False,False
39512,1.0000,0.0000,False,False,False
39513,1.0000,0.0000,False,False,False
39514,1.0000,0.0000,False,False,False
39515,1.0000,0.0000,False,False,False
39516,1.0000,0.0000,False,False,False
39517,0.0000,1.0000,False,False,False
39518,0.0000,1.0000,False,False,False
39519,0.0000,1.0000,False,False,False
39520,1.0000,0.0000,False,False,False
39521,1.0000,0.0000,False,False,False
39522,1.0000,0.0000,False,False,False
39523,1.0000,0.0000,False,False,False
39524,0.0000,1.0000,False,False,False
39525,1.0000,0.0000,False,False,False
39526,1.0000,0.0000,False,False,False
39527,1.0000,0.0000,False,False,False
39528,1.0000,0.0000,False,False,False
39529,1.0000,0.0000,False,False,False
39530,0.0000,1.0000,False,False,False
39531,0.0000,1.0000,False,False,False
39532,1.0000,0.0000,False,False,False
39533,1.0000,0.0000,False,False,False
39534,1.0000,0.0000,False,False,False
39535,1.0000,0.0000,False,False,False
39536,1.0000,0.0000,False,False,False
39537,1.0000,0.0000,False,False,False
39538,0.0000,1.0000,False,False,False
39539,1.0000,0.0000,False,False,False
39540,0.0000,1.0000,False,False,False
39541,1.0000,0.0000,False,False,False
39542,0.0000,1.0000,False,False,False
39543,1.0000,0.0000,False,False,False
39544,1.0000,0.0000,False,False,False
39545,0.0000,1.0000,False,False,False
39546,1.0000,0.0000,False,False,False
39547,0.0000,1.0000,False,False,False
39548,1.0000,0.0000,False,False,False
39549,1.0000,0.0000,False,False,False
39550,1.0000,0.0000,False,False,False
39551,0.0000,1.0000,False,False,False
39552,1.0000,0.0000,False,False,False
39553,1.0000,0.0000,False,False,False
39554,1.0000,0.0000,False,False,False
39555,1.0000,0.0000,False,False,False
39556,1.0000,0.0000,False,False,False
39557,1.0000,0.0000,False,False,False
39558,1.0000,0.0000,False,False,False
39559,1.0000,0.0000,False,False,False
39560,1.0000,0.0000,False,False,False
39561,1.0000,0.0000,False,False,False
39562,0.0000,1.0000,False,False,False
39563,1.0000,0.0000,False,False,False
39564,1.0000,0.0000,False,False,False
39565,0.0000,1.0000,False,False,False
39566,1.0000,0.0000,False,False,False
39567,0.0000,1.0000,False,False,False
39568,0.0000,1.0000,False,False,False
39569,1.0000,0.0000,False,False,False
39570,1.0000,0.0000,False,False,False
39571,1.0000,0.0000,False,False,False
39572,1.0000,0.0000,False,False,False
39573,1.0000,0.0000,False,False,False
39574,1.0000,0.0000,False,False,False
39575,1.0000,0.0000,False,False,False
39576,1.0000,0.0000,False,False,False
39577,1.0000,0.0000,False,False,False
39578,1.0000,0.0000,False,False,False
39579,1.0000,0.0000,False,False,False
39580,1.0000,0.0000,False,False,False
39581,1.0000,0.0000,False,False,False
39582,1.0000,0.0000,False,False,False
39583,1.0000,0.0000,False,False,False
39584,1.0000,0.0000,False,False,False
39585,1.0000,0.0000,False,False,False
39586,1.0000,0.0000,False,False,False
39587,1.0000,0.0000,False,False,False
39588,0.0000,1.0000,False,False,False
39589,0.0000,1.0000,False,False,False
39590,1.0000,0.0000,False,False,False
39591,1.0000,0.0000,False,False,False
39592,1.0000,0.0000,False,False,False
39593,1.0000,0.0000,False,False,False
39594,0.0000,1.0000,False,False,False
39595,1.0000,0.0000,False,False,False
39596,1.0000,0.0000,False,False,False
39597,1.0000,0.0000,False,False,False
39598,1.0000,0.0000,False,False,False
39599,1.0000,0.0000,False,False,False
39600,1.0000,0.0000,False,False,False
39601,1.0000,0.0000,False,False,False
39602,1.0000,0.0000,False,False,False
39603,1.0000,0.0000,False,False,False
39604,1.0000,0.0000,False,False,False
39605,0.0000,1.0000,False,False,False
39606,1.0000,0.0000,False,False,False
39607,1.0000,0.0000,False,False,False
39608,0.0000,1.0000,False,False,False
39609,1.0000,0.0000,False,False,False
39610,1.0000,0.0000,False,False,False
39611,0.0000,1.0000,False,False,False
39612,0.0000,1.0000,False,False,False
39613,1.0000,0.0000,False,False,False
39614,0.0000,1.0000,False,False,False
39615,1.0000,0.0000,False,False,False
39616,1.0000,0.0000,False,False,False
39617,0.0000,1.0000,False,False,False
39618,1.0000,0.0000,False,False,False
39619,0.0000,1.0000,False,False,False
39620,0.0000,1.0000,False,False,False
39621,1.0000,0.0000,False,False,False
39622,0.0000,1.0000,False,False,False
39623,1.0000,0.0000,False,False,False
39624,1.0000,0.0000,False,False,False
39625,1.0000,0.0000,False,False,False
39626,1.0000,0.0000,False,False,False
39627,1.0000,0.0000,False,False,False
39628,1.0000,0.0000,False,False,False
39629,1.0000,0.0000,False,False,False
39630,0.0000,1.0000,False,False,False
39631,0.0000,1.0000,False,False,False
39632,0.0000,1.0000,False,False,False
39633,1.0000,0.0000,False,False,False
39634,1.0000,0.0000,False,False,False
39635,0.0000,1.0000,False,False,False
39636,0.0000,1.0000,False,False,False
39637,0.0000,1.0000,False,False,False
39638,1.0000,0.0000,False,False,False
39639,0.0000,1.0000,False,False,False
39640,1.0000,0.0000,False,False,False
39641,1.0000,0.0000,False,False,False
39642,0.0000,1.0000,False,False,False
39643,1.0000,0.0000,False,False,False
39644,1.0000,0.0000,False,False,False
39645,1.0000,0.0000,False,False,False
39646,1.0000,0.0000,False,False,False
39647,1.0000,0.0000,False,False,False
39648,0.0000,1.0000,False,False,False
39649,1.0000,0.0000,False,False,False
39650,1.0000,0.0000,False,False,False
39651,0.0000,1.0000,False,False,False
39652,1.0000,0.0000,False,False,False
39653,1.0000,0.0000,False,False,False
39654,1.0000,0.0000,False,False,False
39655,1.0000,0.0000,False,False,False
39656,1.0000,0.0000,False,False,False
39657,1.0000,0.0000,False,False,False
39658,1.0000,0.0000,False,False,False
39659,1.0000,0.0000,False,False,False
39660,1.0000,0.0000,False,False,False
39661,0.0000,1.0000,False,False,False
39662,1.0000,0.0000,False,False,False
39663,1.0000,0.0000,False,False,False
39664,1.0000,0.0000,False,False,False
39665,1.0000,0.0000,False,False,False
39666,0.0000,1.0000,False,False,False
39667,1.0000,0.0000,False,False,False
39668,1.0000,0.0000,False,False,False
39669,1.0000,0.0000,False,False,False
39670,1.0000,0.0000,False,False,False
39671,1.0000,0.0000,False,False,False
39672,0.0000,1.0000,False,False,False
39673,0.0000,1.0000,False,False,False
39674,1.0000,0.0000,False,False,False
39675,0.0000,1.0000,False,False,False
39676,1.0000,0.0000,False,False,False
39677,1.0000,0.0000,False,False,False
39678,1.0000,0.0000,False,False,False
39679,1.0000,0.0000,False,False,False
39680,0.0000,1.0000,False,False,False
39681,0.0000,1.0000,False,False,False
39682,1.0000,0.0000,False,False,False
39683,1.0000,0.0000,False,False,False
39684,1.0000,0.0000,False,False,False
39685,1.0000,0.0000,False,False,False
39686,0.0000,1.0000,False,False,False
39687,0.0000,1.0000,False,False,False
39688,0.0000,1.0000,False,False,False
39689,1.0000,0.0000,False,False,False
39690,1.0000,0.0000,False,False,False
39691,1.0000,0.0000,False,False,False
39692,1.0000,0.0000,False,False,False
39693,1.0000,0.0000,False,False,False
39694,1.0000,0.0000,False,False,False
39695,1.0000,0.0000,False,False,False
39696,1.0000,0.0000,False,False,False
39697,1.0000,0.0000,False,False,False
39698,1.0000,0.0000,False,False,False
39699,0.0000,1.0000,False,False,False
39700,0.0000,1.0000,False,False,False
39701,1.0000,0.0000,False,False,False
39702,1.0000,0.0000,False,False,False
39703,1.0000,0.0000,False,False,False
39704,0.0000,1.0000,False,False,False
39705,1.0000,0.0000,False,False,False
39706,0.0000,1.0000,False,False,False
39707,1.0000,0.0000,False,False,False
39708,1.0000,0.0000,False,False,False
39709,1.0000,0.0000,False,False,False
39710,0.0000,1.0000,False,False,False
39711,1.0000,0.0000,False,False,False
39712,0.0000,1.0000,False,False,False
39713,1.0000,0.0000,False,False,False
39714,1.0000,0.0000,False,False,False
39715,1.0000,0.0000,False,False,False
39716,0.0000,1.0000,False,False,False
39717,1.0000,0.0000,False,False,False
39718,1.0000,0.0000,False,False,False
39719,1.0000,0.0000,False,False,False
39720,0.0000,1.0000,False,False,False
39721,1.0000,0.0000,False,False,False
39722,1.0000,0.0000,False,False,False
39723,1.0000,0.0000,False,False,False
39724,0.0000,1.0000,False,False,False
39725,1.0000,0.0000,False,False,False
39726,1.0000,0.0000,False,False,False
39727,1.0000,0.0000,False,False,False
39728,0.0000,1.0000,False,False,False
39729,1.0000,0.0000,False,False,False
39730,1.0000,0.0000,False,False,False
39731,0.0000,1.0000,False,False,False
39732,1.0000,0.0000,False,False,False
39733,0.0000,1.0000,False,False,False
39734,1.0000,0.0000,False,False,False
39735,1.0000,0.0000,False,False,False
39736,0.0000,1.0000,False,False,False
39737,0.0000,1.0000,False,False,False
39738,1.0000,0.0000,False,False,False
39739,1.0000,0.0000,False,False,False
39740,1.0000,0.0000,False,False,False
39741,1.0000,0.0000,False,False,False
39742,1.0000,0.0000,False,False,False
39743,1.0000,0.0000,False,False,False
39744,1.0000,0.0000,False,False,False
39745,0.0000,1.0000,False,False,False
39746,1.0000,0.0000,False,False,False
39747,0.0000,1.0000,False,False,False
39748,0.0000,1.0000,False,False,False
39749,0.0000,1.0000,False,False,False
39750,0.0000,1.0000,False,False,False
39751,1.0000,0.0000,False,False,False
39752,1.0000,0.0000,False,False,False
39753,1.0000,0.0000,False,False,False
39754,1.0000,0.0000,False,False,False
39755,1.0000,0.0000,False,False,False
39756,0.0000,1.0000,False,False,False
39757,1.0000,0.0000,False,False,False
39758,1.0000,0.0000,False,False,False
39759,0.0000,1.0000,False,False,False
39760,1.0000,0.0000,False,False,False
39761,0.0000,1.0000,False,False,False
39762,1.0000,0.0000,False,False,False
39763,1.0000,0.0000,False,False,False
39764,1.0000,0.0000,False,False,False
39765,1.0000,0.0000,False,False,False
39766,1.0000,0.0000,False,False,False
39767,1.0000,0.0000,False,False,False
39768,1.0000,0.0000,False,False,False
39769,1.0000,0.0000,False,False,False
39770,1.0000,0.0000,False,False,False
39771,0.0000,1.0000,False,False,False
39772,1.0000,0.0000,False,False,False
39773,1.0000,0.0000,False,False,False
39774,0.0000,1.0000,False,False,False
39775,0.0000,1.0000,False,False,False
39776,1.0000,0.0000,False,False,False
39777,1.0000,0.0000,False,False,False
39778,0.0000,1.0000,False,False,False
39779,0.0000,1.0000,False,False,False
39780,1.0000,0.0000,False,False,False
39781,1.0000,0.0000,False,False,False
39782,0.0000,1.0000,False,False,False
39783,1.0000,0.0000,False,False,False
39784,0.0000,1.0000,False,False,False
39785,0.0000,1.0000,False,False,False
39786,0.0000,1.0000,False,False,False
39787,1.0000,0.0000,False,False,False
39788,1.0000,0.0000,False,False,False
39789,1.0000,0.0000,False,False,False
39790,0.0000,1.0000,False,False,False
39791,0.0000,1.0000,False,False,False
39792,0.0000,1.0000,False,False,False
39793,1.0000,0.0000,False,False,False
39794,1.0000,0.0000,False,False,False
39795,1.0000,0.0000,False,False,False
39796,1.0000,0.0000,False,False,False
39797,1.0000,0.0000,False,False,False
39798,0.0000,1.0000,False,False,False
39799,1.0000,0.0000,False,False,False
39800,1.0000,0.0000,False,False,False
39801,1.0000,0.0000,False,False,False
39802,0.0000,1.0000,False,False,False
39803,1.0000,0.0000,False,False,False
39804,1.0000,0.0000,False,False,False
39805,0.0000,1.0000,False,False,False
39806,1.0000,0.0000,False,False,False
39807,0.0000,1.0000,False,False,False
39808,1.0000,0.0000,False,False,False
39809,1.0000,0.0000,False,False,False
39810,1.0000,0.0000,False,False,False
39811,1.0000,0.0000,False,False,False
39812,1.0000,0.0000,False,False,False
39813,0.0000,1.0000,False,False,False
39814,0.0000,1.0000,False,False,False
39815,1.0000,0.0000,False,False,False
39816,1.0000,0.0000,False,False,False
39817,1.0000,0.0000,False,False,False
39818,0.0000,1.0000,False,False,False
39819,1.0000,0.0000,False,False,False
39820,1.0000,0.0000,False,False,False
39821,1.0000,0.0000,False,False,False
39822,0.0000,1.0000,False,False,False
39823,1.0000,0.0000,False,False,False
39824,0.0000,1.0000,False,False,False
39825,1.0000,0.0000,False,False,False
39826,1.0000,0.0000,False,False,False
39827,1.0000,0.0000,False,False,False
39828,0.0000,1.0000,False,False,False
39829,1.0000,0.0000,False,False,False
39830,0.0000,1.0000,False,False,False
39831,0.0000,1.0000,False,False,False
39832,1.0000,0.0000,False,False,False
39833,0.0000,1.0000,False,False,False
39834,0.0000,1.0000,False,False,False
39835,1.0000,0.0000,False,False,False
39836,0.0000,1.0000,False,False,False
39837,1.0000,0.0000,False,False,False
39838,0.0000,1.0000,False,False,False
39839,0.0000,1.0000,False,False,False
39840,1.0000,0.0000,False,False,False
39841,1.0000,0.0000,False,False,False
39842,1.0000,0.0000,False,False,False
39843,1.0000,0.0000,False,False,False
39844,1.0000,0.0000,False,False,False
39845,1.0000,0.0000,False,False,False
39846,0.0000,1.0000,False,False,False
39847,1.0000,0.0000,False,False,False
39848,1.0000,0.0000,False,False,False
39849,0.0000,1.0000,False,False,False
39850,0.0000,1.0000,False,False,False
39851,1.0000,0.0000,False,False,False
39852,0.0000,1.0000,False,False,False
39853,1.0000,0.0000,False,False,False
39854,1.0000,0.0000,False,False,False
39855,1.0000,0.0000,False,False,False
39856,0.0000,1.0000,False,False,False
39857,0.0000,1.0000,False,False,False
39858,1.0000,0.0000,False,False,False
39859,1.0000,0.0000,False,False,False
39860,1.0000,0.0000,False,False,False
39861,1.0000,0.0000,False,False,False
39862,1.0000,0.0000,False,False,False
39863,1.0000,0.0000,False,False,False
39864,0.0000,1.0000,False,False,False
39865,1.0000,0.0000,False,False,False
39866,0.0000,1.0000,False,False,False
39867,1.0000,0.0000,False,False,False
39868,1.0000,0.0000,False,False,False
39869,1.0000,0.0000,False,False,False
39870,1.0000,0.0000,False,False,False
39871,1.0000,0.0000,False,False,False
39872,1.0000,0.0000,False,False,False
39873,0.0000,1.0000,False,False,False
39874,1.0000,0.0000,False,False,False
39875,0.0000,1.0000,False,False,False
39876,1.0000,0.0000,False,False,False
39877,0.0000,1.0000,False,False,False
39878,1.0000,0.0000,False,False,False
39879,1.0000,0.0000,False,False,False
39880,1.0000,0.0000,False,False,False
39881,0.0000,1.0000,False,False,False
39882,1.0000,0.0000,False,False,False
39883,1.0000,0.0000,False,False,False
39884,1.0000,0.0000,False,False,False
39885,0.0000,1.0000,False,False,False
39886,1.0000,0.0000,False,False,False
39887,1.0000,0.0000,False,False,False
39888,0.0000,1.0000,False,False,False
39889,1.0000,0.0000,False,False,False
39890,0.0000,1.0000,False,False,False
39891,1.0000,0.0000,False,False,False
39892,0.0000,1.0000,False,False,False
39893,1.0000,0.0000,False,False,False
39894,1.0000,0.0000,False,False,False
39895,1.0000,0.0000,False,False,False
39896,1.0000,0.0000,False,False,False
39897,0.0000,1.0000,False,False,False
39898,1.0000,0.0000,False,False,False
39899,1.0000,0.0000,False,False,False
39900,1.0000,0.0000,False,False,False
39901,1.0000,0.0000,False,False,False
39902,1.0000,0.0000,False,False,False
39903,1.0000,0.0000,False,False,False
39904,1.0000,0.0000,False,False,False
39905,0.0000,1.0000,False,False,False
39906,1.0000,0.0000,False,False,False
39907,1.0000,0.0000,False,False,False
39908,1.0000,0.0000,False,False,False
39909,1.0000,0.0000,False,False,False
39910,1.0000,0.0000,False,False,False
39911,0.0000,1.0000,False,False,False
39912,1.0000,0.0000,False,False,False
39913,1.0000,0.0000,False,False,False
39914,0.0000,1.0000,False,False,False
39915,0.0000,1.0000,False,False,False
39916,1.0000,0.0000,False,False,False
39917,1.0000,0.0000,False,False,False
39918,1.0000,0.0000,False,False,False
39919,1.0000,0.0000,False,False,False
39920,0.0000,1.0000,False,False,False
39921,1.0000,0.0000,False,False,False
39922,0.0000,1.0000,False,False,False
39923,1.0000,0.0000,False,False,False
39924,1.0000,0.0000,False,False,False
39925,1.0000,0.0000,False,False,False
39926,1.0000,0.0000,False,False,False
39927,0.0000,1.0000,False,False,False
39928,1.0000,0.0000,False,False,False
39929,1.0000,0.0000,False,False,False
39930,0.0000,1.0000,False,False,False
39931,1.0000,0.0000,False,False,False
39932,1.0000,0.0000,False,False,False
39933,1.0000,0.0000,False,False,False
39934,1.0000,0.0000,False,False,False
39935,1.0000,0.0000,False,False,False
39936,1.0000,0.0000,False,False,False
39937,1.0000,0.0000,False,False,False
39938,1.0000,0.0000,False,False,False
39939,0.0000,1.0000,False,False,False
39940,1.0000,0.0000,False,False,False
39941,0.0000,1.0000,False,False,False
39942,1.0000,0.0000,False,False,False
39943,0.0000,1.0000,False,False,False
39944,1.0000,0.0000,False,False,False
39945,1.0000,0.0000,False,False,False
39946,1.0000,0.0000,False,False,False
39947,1.0000,0.0000,False,False,False
39948,1.0000,0.0000,False,False,False
39949,1.0000,0.0000,False,False,False
39950,1.0000,0.0000,False,False,False
39951,1.0000,0.0000,False,False,False
39952,0.0000,1.0000,False,False,False
39953,1.0000,0.0000,False,False,False
39954,1.0000,0.0000,False,False,False
39955,1.0000,0.0000,False,False,False
39956,1.0000,0.0000,False,False,False
39957,1.0000,0.0000,False,False,False
39958,1.0000,0.0000,False,False,False
39959,0.0000,1.0000,False,False,False
39960,1.0000,0.0000,False,False,False
39961,1.0000,0.0000,False,False,False
39962,1.0000,0.0000,False,False,False
39963,1.0000,0.0000,False,False,False
39964,0.0000,1.0000,False,False,False
39965,0.0000,1.0000,False,False,False
39966,0.0000,1.0000,False,False,False
39967,1.0000,0.0000,False,False,False
39968,0.0000,1.0000,False,False,False
39969,1.0000,0.0000,False,False,False
39970,1.0000,0.0000,False,False,False
39971,0.0000,1.0000,False,False,False
39972,1.0000,0.0000,False,False,False
39973,1.0000,0.0000,False,False,False
39974,1.0000,0.0000,False,False,False
39975,1.0000,0.0000,False,False,False
39976,1.0000,0.0000,False,False,False
39977,1.0000,0.0000,False,False,False
39978,0.0000,1.0000,False,False,False
39979,1.0000,0.0000,False,False,False
39980,1.0000,0.0000,False,False,False
39981,1.0000,0.0000,False,False,False
39982,1.0000,0.0000,False,False,False
39983,0.0000,1.0000,False,False,False
39984,1.0000,0.0000,False,False,False
39985,0.0000,1.0000,False,False,False
39986,1.0000,0.0000,False,False,False
39987,1.0000,0.0000,False,False,False
39988,1.0000,0.0000,False,False,False
39989,1.0000,0.0000,False,False,False
39990,1.0000,0.0000,False,False,False
39991,1.0000,0.0000,False,False,False
39992,1.0000,0.0000,False,False,False
39993,0.0000,1.0000,False,False,False
39994,1.0000,0.0000,False,False,False
39995,1.0000,0.0000,False,False,False
39996,0.0000,1.0000,False,False,False
39997,1.0000,0.0000,False,False,False
39998,0.0000,1.0000,False,False,False
39999,1.0000,0.0000,False,False,False
40000,1.0000,0.0000,True,True,False
40001,1.0000,0.0000,True,True,False
40002,1.0000,0.0000,True,True,False
40003,1.0000,0.0000,True,True,False
40004,1.0000,0.0000,True,True,False
40005,1.0000,0.0000,True,True,False
40006,1.0000,0.0000,True,True,False
40007,1.0000,0.0000,True,True,False
40008,1.0000,0.0000,True,True,False
40009,1.0000,0.0000,True,True,False
40010,1.0000,0.0000,True,False,True
40011,1.0000,0.0000,False,False,False
40012,1.0000,0.0000,False,False,False
40013,1.0000,0.0000,False,False,False
40014,1.0000,0.0000,False,False,False
40015,1.0000,0.0000,False,False,False
40016,0.0000,1.0000,False,False,False
40017,1.0000,0.0000,False,False,False
40018,1.0000,0.0000,False,False,False
40019,0.0000,1.0000,False,False,False
40020,0.0000,1.0000,False,False,False
40021,0.0000,1.0000,False,False,False
40022,1.0000,0.0000,False,False,False
40023,1.0000,0.0000,False,False,False
40024,1.0000,0.0000,False,False,False
40025,1.0000,0.0000,False,False,False
40026,0.0000,1.0000,False,False,False
40027,1.0000,0.0000,False,False,False
40028,0.0000,1.0000,False,False,False
40029,0.0000,1.0000,False,False,False
40030,1.0000,0.0000,False,False,False
40031,1.0000,0.0000,False,False,False
40032,0.0000,1.0000,False,False,False
40033,0.0000,1.0000,False,False,False
40034,1.0000,0.0000,False,False,False
40035,0.0000,1.0000,False,False,False
40036,1.0000,0.0000,False,False,False
40037,0.0000,1.0000,False,False,False
40038,1.0000,0.0000,False,False,False
40039,1.0000,0.0000,False,False,False
40040,1.0000,0.0000,False,False,False
40041,1.0000,0.0000,False,False,False
40042,1.0000,0.0000,False,False,False
40043,1.0000,0.0000,False,False,False
40044,1.0000,0.0000,False,False,False
40045,0.0000,1.0000,False,False,False
40046,1.0000,0.0000,False,False,False
40047,0.0000,1.0000,False,False,False
40048,1.0000,0.0000,False,False,False
40049,1.0000,0.0000,False,False,False
40050,1.0000,0.0000,False,False,False
40051,1.0000,0.0000,False,False,False
40052,1.0000,0.0000,False,False,False
40053,1.0000,0.0000,False,False,False
40054,0.0000,1.0000,False,False,False
40055,1.0000,0.0000,False,False,False
40056,1.0000,0.0000,False,False,False
40057,1.0000,0.0000,False,False,False
40058,0.0000,1.0000,False,False,False
40059,1.0000,0.0000,False,False,False
40060,0.0000,1.0000,False,False,False
40061,1.0000,0.0000,False,False,False
40062,1.0000,0.0000,False,False,False
40063,1.0000,0.0000,False,False,False
40064,1.0000,0.0000,False,False,False
40065,1.0000,0.0000,False,False,False
40066,1.0000,0.0000,False,False,False
40067,1.0000,0.0000,False,False,False
40068,1.0000,0.0000,False,False,False
40069,0.0000,1.0000,False,False,False
40070,1.0000,0.0000,False,False,False
40071,1.0000,0.0000,False,False,False
40072,0.0000,1.0000,False,False,False
40073,1.0000,0.0000,False,False,False
40074,1.0000,0.0000,False,False,False
40075,0.0000,1.0000,False,False,False
40076,1.0000,0.0000,False,False,False
40077,0.0000,1.0000,False,False,False
40078,0.0000,1.0000,False,False,False
40079,1.0000,0.0000,False,False,False
40080,1.0000,0.0000,False,False,False
40081,1.0000,0.0000,False,False,False
40082,1.0000,0.0000,False,False,False
40083,1.0000,0.0000,False,False,False
40084,1.0000,0.0000,False,False,False
40085,1.0000,0.0000,False,False,False
40086,1.0000,0.0000,False,False,False
40087,1.0000,0.0000,False,False,False
40088,1.0000,0.0000,False,False,False
40089,0.0000,1.0000,False,False,False
40090,1.0000,0.0000,False,False,False
40091,0.0000,1.0000,False,False,False
40092,0.0000,1.0000,False,False,False
40093,1.0000,0.0000,False,False,False
40094,1.0000,0.0000,False,False,False
40095,1.0000,0.0000,False,False,False
40096,0.0000,1.0000,False,False,False
40097,1.0000,0.0000,False,False,False
40098,0.0000,1.0000,False,False,False
40099,1.0000,0.0000,False,False,False
40100,0.0000,1.0000,False,False,False
40101,0.0000,1.0000,False,False,False
40102,1.0000,0.0000,False,False,False
40103,1.0000,0.0000,False,False,False
40104,0.0000,1.0000,False,False,False
40105,1.0000,0.0000,False,False,False
40106,1.0000,0.0000,False,False,False
40107,1.0000,0.0000,False,False,False
40108,1.0000,0.0000,False,False,False
40109,0.0000,1.0000,False,False,False
40110,0.0000,1.0000,False,False,False
40111,1.0000,0.0000,False,False,False
40112,0.0000,1.0000,False,False,False
40113,1.0000,0.0000,False,False,False
40114,0.0000,1.0000,False,False,False
40115,0.0000,1.0000,False,False,False
40116,1.0000,0.0000,False,False,False
40117,1.0000,0.0000,False,False,False
40118,1.0000,0.0000,False,False,False
40119,1.0000,0.0000,False,False,False
40120,1.0000,0.0000,False,False,False
40121,1.0000,0.0000,False,False,False
40122,1.0000,0.0000,False,False,False
40123,1.0000,0.0000,False,False,False
40124,1.0000,0.0000,False,False,False
40125,1.0000,0.0000,False,False,False
40126,0.0000,1.0000,False,False,False
40127,1.0000,0.0000,False,False,False
40128,1.0000,0.0000,False,False,False
40129,1.0000,0.0000,False,False,False
40130,0.0000,1.0000,False,False,False
40131,0.0000,1.0000,False,False,False
40132,0.0000,1.0000,False,False,False
40133,1.0000,0.0000,False,False,False
40134,1.0000,0.0000,False,False,False
40135,1.0000,0.0000,False,False,False
40136,1.0000,0.0000,False,False,False
40137,1.0000,0.0000,False,False,False
40138,1.0000,0.0000,False,False,False
40139,0.0000,1.0000,False,False,False
40140,1.0000,0.0000,False,False,False
40141,1.0000,0.0000,False,False,False
40142,1.0000,0.0000,False,False,False
40143,0.0000,1.0000,False,False,False
40144,1.0000,0.0000,False,False,False
40145,1.0000,0.0000,False,False,False
40146,1.0000,0.0000,False,False,False
40147,1.0000,0.0000,False,False,False
40148,0.0000,1.0000,False,False,False
40149,0.0000,1.0000,False,False,False
40150,1.0000,0.0000,False,False,False
40151,1.0000,0.0000,False,False,False
40152,1.0000,0.0000,False,False,False
40153,0.0000,1.0000,False,False,False
40154,0.0000,1.0000,False,False,False
40155,1.0000,0.0000,False,False,False
40156,1.0000,0.0000,False,False,False
40157,1.0000,0.0000,False,False,False
40158,1.0000,0.0000,False,False,False
40159,1.0000,0.0000,False,False,False
40160,0.0000,1.0000,False,False,False
40161,0.0000,1.0000,False,False,False
40162,1.0000,0.0000,False,False,False
40163,1.0000,0.0000,False,False,False
40164,1.0000,0.0000,False,False,False
40165,0.0000,1.0000,False,False,False
40166,1.0000,0.0000,False,False,False
40167,0.0000,1.0000,False,False,False
40168,1.0000,0.0000,False,False,False
40169,1.0000,0.0000,False,False,False
40170,1.0000,0.0000,False,False,False
40171,1.0000,0.0000,False,False,False
40172,0.0000,1.0000,False,False,False
40173,1.0000,0.0000,False,False,False
40174,1.0000,0.0000,False,False,False
40175,1.0000,0.0000,False,False,False
40176,1.0000,0.0000,False,False,False
40177,0.0000,1.0000,False,False,False
40178,0.0000,1.0000,False,False,False
40179,1.0000,0.0000,False,False,False
40180,0.0000,1.0000,False,False,False
40181,1.0000,0.0000,False,False,False
40182,1.0000,0.0000,False,False,False
40183,1.0000,0.0000,False,False,False
40184,1.0000,0.0000,False,False,False
40185,1.0000,0.0000,False,False,False
40186,0.0000,1.0000,False,False,False
40187,1.0000,0.0000,False,False,False
40188,0.0000,1.0000,False,False,False
40189,1.0000,0.0000,False,False,False
40190,1.0000,0.0000,False,False,False
40191,1.0000,0.0000,False,False,False
40192,0.0000,1.0000,False,False,False
40193,1.0000,0.0000,False,False,False
40194,1.0000,0.0000,False,False,False
40195,1.0000,0.0000,False,False,False
40196,1.0000,0.0000,False,False,False
40197,1.0000,0.0000,False,False,False
40198,1.0000,0.0000,False,False,False
40199,1.0000,0.0000,False,False,False
40200,0.0000,1.0000,False,False,False
40201,1.0000,0.0000,False,False,False
40202,1.0000,0.0000,False,False,False
40203,1.0000,0.0000,False,False,False
40204,1.0000,0.0000,False,False,False
40205,1.0000,0.0000,False,False,False
40206,0.0000,1.0000,False,False,False
40207,0.0000,1.0000,False,False,False
40208,1.0000,0.0000,False,False,False
40209,1.0000,0.0000,False,False,False
40210,1.0000,0.0000,False,False,False
40211,1.0000,0.0000,False,False,False
40212,1.0000,0.0000,False,False,False
40213,1.0000,0.0000,False,False,False
40214,1.0000,0.0000,False,False,False
40215,1.0000,0.0000,False,False,False
40216,1.0000,0.0000,False,False,False
40217,1.0000,0.0000,False,False,False
40218,1.0000,0.0000,False,False,False
40219,0.0000,1.0000,False,False,False
40220,1.0000,0.0000,False,False,False
40221,1.0000,0.0000,False,False,False
40222,0.0000,1.0000,False,False,False
40223,1.0000,0.0000,False,False,False
40224,1.0000,0.0000,False,False,False
40225,1.0000,0.0000,False,False,False
40226,1.0000,0.0000,False,False,False
40227,1.0000,0.0000,False,False,False
40228,1.0000,0.0000,False,False,False
40229,1.0000,0.0000,False,False,False
40230,1.0000,0.0000,False,False,False
40231,1.0000,0.0000,False,False,False
40232,1.0000,0.0000,False,False,False
40233,1.0000,0.0000,False,False,False
40234,0.0000,1.0000,False,False,False
40235,1.0000,0.0000,False,False,False
40236,1.0000,0.0000,False,False,False
40237,1.0000,0.0000,False,False,False
40238,0.0000,1.0000,False,False,False
40239,0.0000,1.0000,False,False,False
40240,1.0000,0.0000,False,False,False
40241,1.0000,0.0000,False,False,False
40242,1.0000,0.0000,False,False,False
40243,0.0000,1.0000,False,False,False
40244,0.0000,1.0000,False,False,False
40245,1.0000,0.0000,False,False,False
40246,1.0000,0.0000,False,False,False
40247,0.0000,1.0000,False,False,False
40248,1.0000,0.0000,False,False,False
40249,0.0000,1.0000,False,False,False
40250,1.0000,0.0000,False,False,False
40251,1.0000,0.0000,False,False,False
40252,1.0000,0.0000,False,False,False
40253,1.0000,0.0000,False,False,False
40254,1.0000,0.0000,False,False,False
40255,1.0000,0.0000,False,False,False
40256,1.0000,0.0000,False,False,False
40257,1.0000,0.0000,False,False,False
40258,1.0000,0.0000,False,False,False
40259,1.0000,0.0000,False,False,False
40260,0.0000,1.0000,False,False,False
40261,1.0000,0.0000,False,False,False
40262,1.0000,0.0000,False,False,False
40263,1.0000,0.0000,False,False,False
40264,1.0000,0.0000,False,False,False
40265,1.0000,0.0000,False,False,False
40266,0.0000,1.0000,False,False,False
40267,0.0000,1.0000,False,False,False
40268,1.0000,0.0000,False,False,False
40269,1.0000,0.0000,False,False,False
40270,1.0000,0.0000,False,False,False
40271,1.0000,0.0000,False,False,False
40272,1.0000,0.0000,False,False,False
40273,1.0000,0.0000,False,False,False
40274,1.0000,0.0000,False,False,False
40275,1.0000,0.0000,False,False,False
40276,1.0000,0.0000,False,False,False
40277,1.0000,0.0000,False,False,False
40278,1.0000,0.0000,False,False,False
40279,1.0000,0.0000,False,False,False
40280,1.0000,0.0000,False,False,False
40281,1.0000,0.0000,False,False,False
40282,1.0000,0.0000,False,False,False
40283,0.0000,1.0000,False,False,False
40284,1.0000,0.0000,False,False,False
40285,1.0000,0.0000,False,False,False
40286,1.0000,0.0000,False,False,False
40287,0.0000,1.0000,False,False,False
40288,1.0000,0.0000,False,False,False
40289,1.0000,0.0000,False,False,False
40290,1.0000,0.0000,False,False,False
40291,1.0000,0.0000,False,False,False
40292,1.0000,0.0000,False,False,False
40293,1.0000,0.0000,False,False,False
40294,0.0000,1.0000,False,False,False
40295,1.0000,0.0000,False,False,False
40296,0.0000,1.0000,False,False,False
40297,1.0000,0.0000,False,False,False
40298,1.0000,0.0000,False,False,False
40299,1.0000,0.0000,False,False,False
40300,0.0000,1.0000,False,False,False
40301,1.0000,0.0000,False,False,False
40302,1.0000,0.0000,False,False,False
40303,1.0000,0.0000,False,False,False
40304,1.0000,0.0000,False,False,False
40305,0.0000,1.0000,False,False,False
40306,1.0000,0.0000,False,False,False
40307,0.0000,1.0000,False,False,False
40308,0.0000,1.0000,False,False,False
40309,0.0000,1.0000,False,False,False
40310,1.0000,0.0000,False,False,False
40311,1.0000,0.0000,False,False,False
40312,1.0000,0.0000,False,False,False
40313,0.0000,1.0000,False,False,False
40314,1.0000,0.0000,False,False,False
40315,1.0000,0.0000,False,False,False
40316,1.0000,0.0000,False,False,False
40317,1.0000,0.0000,False,False,False
40318,0.0000,1.0000,False,False,False
40319,0.0000,1.0000,False,False,False
40320,1.0000,0.0000,False,False,False
40321,1.0000,0.0000,False,False,False
40322,0.0000,1.0000,False,False,False
40323,1.0000,0.0000,False,False,False
40324,1.0000,0.0000,False,False,False
40325,1.0000,0.0000,False,False,False
40326,0.0000,1.0000,False,False,False
40327,0.0000,1.0000,False,False,False
40328,1.0000,0.0000,False,False,False
40329,1.0000,0.0000,False,False,False
40330,0.0000,1.0000,False,False,False
40331,0.0000,1.0000,False,False,False
40332,1.0000,0.0000,False,False,False
40333,1.0000,0.0000,False,False,False
40334,1.0000,0.0000,False,False,False
40335,1.0000,0.0000,False,False,False
40336,1.0000,0.0000,False,False,False
40337,1.0000,0.0000,False,False,False
40338,1.0000,0.0000,False,False,False
40339,1.0000,0.0000,False,False,False
40340,1.0000,0.0000,False,False,False
40341,1.0000,0.0000,False,False,False
40342,1.0000,0.0000,False,False,False
40343,1.0000,0.0000,False,False,False
40344,0.0000,1.0000,False,False,False
40345,1.0000,0.0000,False,False,False
40346,1.0000,0.0000,False,False,False
40347,1.0000,0.0000,False,False,False
40348,1.0000,0.0000,False,False,False
40349,1.0000,0.0000,False,False,False
40350,1.0000,0.0000,False,False,False
40351,1.0000,0.0000,False,False,False
40352,1.0000,0.0000,False,False,False
40353,1.0000,0.0000,False,False,False
40354,1.0000,0.0000,False,False,False
40355,1.0000,0.0000,False,False,False
40356,0.0000,1.0000,False,False,False
40357,1.0000,0.0000,False,False,False
40358,0.0000,1.0000,False,False,False
40359,1.0000,0.0000,False,False,False
40360,1.0000,0.0000,False,False,False
40361,0.0000,1.0000,False,False,False
40362,0.0000,1.0000,False,False,False
40363,1.0000,0.0000,False,False,False
40364,0.0000,1.0000,False,False,False
40365,1.0000,0.0000,False,False,False
40366,0.0000,1.0000,False,False,False
40367,0.0000,1.0000,False,False,False
40368,1.0000,0.0000,False,False,False
40369,1.0000,0.0000,False,False,False
40370,1.0000,0.0000,False,False,False
40371,0.0000,1.0000,False,False,False
40372,1.0000,0.0000,False,False,False
40373,1.0000,0.0000,False,False,False
40374,1.0000,0.0000,False,False,False
40375,1.0000,0.0000,False,False,False
40376,1.0000,0.0000,False,False,False
40377,0.0000,1.0000,False,False,False
40378,0.0000,1.0000,False,False,False
40379,1.0000,0.0000,False,False,False
40380,1.0000,0.0000,False,False,False
40381,1.0000,0.0000,False,False,False
40382,1.0000,0.0000,False,False,False
40383,1.0000,0.0000,False,False,False
40384,1.0000,0.0000,False,False,False
40385,0.0000,1.0000,False,False,False
40386,1.0000,0.0000,False,False,False
40387,1.0000,0.0000,False,False,False
40388,1.0000,0.0000,False,False,False
40389,0.0000,1.0000,False,False,False
40390,1.0000,0.0000,False,False,False
40391,1.0000,0.0000,False,False,False
40392,1.0000,0.0000,False,False,False
40393,0.0000,1.0000,False,False,False
40394,1.0000,0.0000,False,False,False
40395,1.0000,0.0000,False,False,False
40396,0.0000,1.0000,False,False,False
40397,1.0000,0.0000,False,False,False
40398,1.0000,0.0000,False,False,False
40399,1.0000,0.0000,False,False,False
40400,1.0000,0.0000,False,False,False
40401,1.0000,0.0000,False,False,False
40402,0.0000,1.0000,False,False,False
40403,0.0000,1.0000,False,False,False
40404,1.0000,0.0000,False,False,False
40405,1.0000,0.0000,False,False,False
40406,0.0000,1.0000,False,False,False
40407,1.0000,0.0000,False,False,False
40408,0.0000,1.0000,False,False,False
40409,1.0000,0.0000,False,False,False
40410,0.0000,1.0000,False,False,False
40411,1.0000,0.0000,False,False,False
40412,1.0000,0.0000,False,False,False
40413,0.0000,1.0000,False,False,False
40414,1.0000,0.0000,False,False,False
40415,1.0000,0.0000,False,False,False
40416,1.0000,0.0000,False,False,False
40417,1.0000,0.0000,False,False,False
40418,1.0000,0.0000,False,False,False
40419,0.0000,1.0000,False,False,False
40420,0.0000,1.0000,False,False,False
40421,1.0000,0.0000,False,False,False
40422,1.0000,0.0000,False,False,False
40423,1.0000,0.0000,False,False,False
40424,0.0000,1.0000,False,False,False
40425,1.0000,0.0000,False,False,False
40426,1.0000,0.0000,False,False,False
40427,1.0000,0.0000,False,False,False
40428,1.0000,0.0000,False,False,False
40429,1.0000,0.0000,False,False,False
40430,0.0000,1.0000,False,False,False
40431,1.0000,0.0000,False,False,False
40432,1.0000,0.0000,False,False,False
40433,1.0000,0.0000,False,False,False
40434,1.0000,0.0000,False,False,False
40435,0.0000,1.0000,False,False,False
40436,0.0000,1.0000,False,False,False
40437,1.0000,0.0000,False,False,False
40438,1.0000,0.0000,False,False,False
40439,1.0000,0.0000,False,False,False
40440,0.0000,1.0000,False,False,False
40441,1.0000,0.0000,False,False,False
40442,0.0000,1.0000,False,False,False
40443,1.0000,0.0000,False,False,False
40444,1.0000,0.0000,False,False,False
40445,1.0000,0.0000,False,False,False
40446,1.0000,0.0000,False,False,False
40447,0.0000,1.0000,False,False,False
40448,1.0000,0.0000,False,False,False
40449,0.0000,1.0000,False,False,False
40450,1.0000,0.0000,False,False,False
40451,1.0000,0.0000,False,False,False
40452,1.0000,0.0000,False,False,False
40453,0.0000,1.0000,False,False,False
40454,1.0000,0.0000,False,False,False
40455,1.0000,0.0000,False,False,False
40456,1.0000,0.0000,False,False,False
40457,1.0000,0.0000,False,False,False
40458,1.0000,0.0000,False,False,False
40459,1.0000,0.0000,False,False,False
40460,1.0000,0.0000,False,False,False
40461,1.0000,0.0000,False,False,False
40462,1.0000,0.0000,False,False,False
40463,1.0000,0.0000,False,False,False
40464,1.0000,0.0000,False,False,False
40465,0.0000,1.0000,False,False,False
40466,1.0000,0.0000,False,False,False
40467,0.0000,1.0000,False,False,False
40468,1.0000,0.0000,False,False,False
40469,1.0000,0.0000,False,False,False
40470,1.0000,0.0000,False,False,False
40471,1.0000,0.0000,False,False,False
40472,1.0000,0.0000,False,False,False
40473,0.0000,1.0000,False,False,False
40474,1.0000,0.0000,False,False,False
40475,1.0000,0.0000,False,False,False
40476,0.0000,1.0000,False,False,False
40477,0.0000,1.0000,False,False,False
40478,1.0000,0.0000,False,False,False
40479,1.0000,0.0000,False,False,False
40480,1.0000,0.0000,False,False,False
40481,1.0000,0.0000,False,False,False
40482,1.0000,0.0000,False,False,False
40483,0.0000,1.0000,False,False,False
40484,1.0000,0.0000,False,False,False
40485,1.0000,0.0000,False,False,False
40486,1.0000,0.0000,False,False,False
40487,0.0000,1.0000,False,False,False
40488,1.0000,0.0000,False,False,False
40489,1.0000,0.0000,False,False,False
40490,1.0000,0.0000,False,False,False
40491,1.0000,0.0000,False,False,False
40492,1.0000,0.0000,False,False,False
40493,1.0000,0.0000,False,False,False
40494,1.0000,0.0000,False,False,False
40495,1.0000,0.0000,False,False,False
40496,1.0000,0.0000,False,False,False
40497,1.0000,0.0000,False,False,False
40498,0.0000,1.0000,False,False,False
40499,0.0000,1.0000,False,False,False
40500,1.0000,0.0000,False,False,False
40501,1.0000,0.0000,False,False,False
40502,1.0000,0.0000,False,False,False
40503,1.0000,0.0000,False,False,False
40504,1.0000,0.0000,False,False,False
40505,0.0000,1.0000,False,False,False
40506,0.0000,1.0000,False,False,False
40507,1.0000,0.0000,False,False,False
40508,1.0000,0.0000,False,False,False
40509,1.0000,0.0000,False,False,False
40510,0.0000,1.0000,False,False,False
40511,1.0000,0.0000,False,False,False
40512,1.0000,0.0000,False,False,False
40513,0.0000,1.0000,False,False,False
40514,1.0000,0.0000,False,False,False
40515,1.0000,0.0000,False,False,False
40516,1.0000,0.0000,False,False,False
40517,1.0000,0.0000,False,False,False
40518,0.0000,1.0000,False,False,False
40519,1.0000,0.0000,False,False,False
40520,1.0000,0.0000,False,False,False
40521,1.0000,0.0000,False,False,False
40522,1.0000,0.0000,False,False,False
40523,1.0000,0.0000,False,False,False
40524,0.0000,1.0000,False,False,False
40525,1.0000,0.0000,False,False,False
40526,1.0000,0.0000,False,False,False
40527,1.0000,0.0000,False,False,False
40528,1.0000,0.0000,False,False,False
40529,0.0000,1.0000,False,False,False
40530,1.0000,0.0000,False,False,False
40531,1.0000,0.0000,False,False,False
40532,0.0000,1.0000,False,False,False
40533,0.0000,1.0000,False,False,False
40534,1.0000,0.0000,False,False,False
40535,1.0000,0.0000,False,False,False
40536,1.0000,0.0000,False,False,False
40537,1.0000,0.0000,False,False,False
40538,1.0000,0.0000,False,False,False
40539,1.0000,0.0000,False,False,False
40540,0.0000,1.0000,False,False,False
40541,0.0000,1.0000,False,False,False
40542,1.0000,0.0000,False,False,False
40543,0.0000,1.0000,False,False,False
40544,1.0000,0.0000,False,False,False
40545,1.0000,0.0000,False,False,False
40546,1.0000,0.0000,False,False,False
40547,0.0000,1.0000,False,False,False
40548,1.0000,0.0000,False,False,False
40549,1.0000,0.0000,False,False,False
40550,0.0000,1.0000,False,False,False
40551,1.0000,0.0000,False,False,False
40552,1.0000,0.0000,False,False,False
40553,0.0000,1.0000,False,False,False
40554,0.0000,1.0000,False,False,False
40555,1.0000,0.0000,False,False,False
40556,1.0000,0.0000,False,False,False
40557,0.0000,1.0000,False,False,False
40558,0.0000,1.0000,False,False,False
40559,1.0000,0.0000,False,False,False
40560,0.0000,1.0000,False,False,False
40561,1.0000,0.0000,False,False,False
40562,1.0000,0.0000,False,False,False
40563,1.0000,0.0000,False,False,False
40564,1.0000,0.0000,False,False,False
40565,1.0000,0.0000,False,False,False
40566,0.0000,1.0000,False,False,False
40567,1.0000,0.0000,False,False,False
40568,0.0000,1.0000,False,False,False
40569,1.0000,0.0000,False,False,False
40570,0.0000,1.0000,False,False,False
40571,1.0000,0.0000,False,False,False
40572,0.0000,1.0000,False,False,False
40573,0.0000,1.0000,False,False,False
40574,0.0000,1.0000,False,False,False
40575,1.0000,0.0000,False,False,False
40576,1.0000,0.0000,False,False,False
40577,1.0000,0.0000,False,False,False
40578,1.0000,0.0000,False,False,False
40579,1.0000,0.0000,False,False,False
40580,1.0000,0.0000,False,False,False
40581,1.0000,0.0000,False,False,False
40582,1.0000,0.0000,False,False,False
40583,1.0000,0.0000,False,False,False
40584,0.0000,1.0000,False,False,False
40585,0.0000,1.0000,False,False,False
40586,1.0000,0.0000,False,False,False
40587,1.0000,0.0000,False,False,False
40588,1.0000,0.0000,False,False,False
40589,1.0000,0.0000,False,False,False
40590,0.0000,1.0000,False,False,False
40591,1.0000,0.0000,False,False,False
40592,1.0000,0.0000,False,False,False
40593,1.0000,0.0000,False,False,False
40594,0.0000,1.0000,False,False,False
40595,1.0000,0.0000,False,False,False
40596,1.0000,0.0000,False,False,False
40597,1.0000,0.0000,False,False,False
40598,1.0000,0.0000,False,False,False
40599,1.0000,0.0000,False,False,False
40600,1.0000,0.0000,False,False,False
40601,1.0000,0.0000,False,False,False
40602,1.0000,0.0000,False,False,False
40603,1.0000,0.0000,False,False,False
40604,1.0000,0.0000,False,False,False
40605,0.0000,1.0000,False,False,False
40606,1.0000,0.0000,False,False,False
40607,0.0000,1.0000,False,False,False
40608,1.0000,0.0000,False,False,False
40609,0.0000,1.0000,False,False,False
40610,1.0000,0.0000,False,False,False
40611,1.0000,0.0000,False,False,False
40612,0.0000,1.0000,False,False,False
40613,1.0000,0.0000,False,False,False
40614,1.0000,0.0000,False,False,False
40615,1.0000,0.0000,False,False,False
40616,1.0000,0.0000,False,False,False
40617,1.0000,0.0000,False,False,False
40618,1.0000,0.0000,False,False,False
40619,1.0000,0.0000,False,False,False
40620,1.0000,0.0000,False,False,False
40621,1.0000,0.0000,False,False,False
40622,1.0000,0.0000,False,False,False
40623,1.0000,0.0000,False,False,False
40624,1.0000,0.0000,False,False,False
40625,0.0000,1.0000,False,False,False
40626,1.0000,0.0000,False,False,False
40627,1.0000,0.0000,False,False,False
40628,0.0000,1.0000,False,False,False
40629,1.0000,0.0000,False,False,False
40630,0.0000,1.0000,False,False,False
40631,0.0000,1.0000,False,False,False
40632,1.0000,0.0000,False,False,False
40633,0.0000,1.0000,False,False,False
40634,0.0000,1.0000,False,False,False
40635,1.0000,0.0000,False,False,False
40636,0.0000,1.0000,False,False,False
40637,0.0000,1.0000,False,False,False
40638,0.0000,1.0000,False,False,False
40639,1.0000,0.0000,False,False,False
40640,1.0000,0.0000,False,False,False
40641,1.0000,0.0000,False,False,False
40642,1.0000,0.0000,False,False,False
40643,1.0000,0.0000,False,False,False
40644,1.0000,0.0000,False,False,False
40645,1.0000,0.0000,False,False,False
40646,0.0000,1.0000,False,False,False
40647,0.0000,1.0000,False,False,False
40648,0.0000,1.0000,False,False,False
40649,0.0000,1.0000,False,False,False
40650,1.0000,0.0000,False,False,False
40651,0.0000,1.0000,False,False,False
40652,1.0000,0.0000,False,False,False
40653,1.0000,0.0000,False,False,False
40654,0.0000,1.0000,False,False,False
40655,1.0000,0.0000,False,False,False
40656,1.0000,0.0000,False,False,False
40657,1.0000,0.0000,False,False,False
40658,1.0000,0.0000,False,False,False
40659,1.0000,0.0000,False,False,False
40660,1.0000,0.0000,False,False,False
40661,1.0000,0.0000,False,False,False
40662,1.0000,0.0000,False,False,False
40663,1.0000,0.0000,False,False,False
40664,1.0000,0.0000,False,False,False
40665,1.0000,0.0000,False,False,False
40666,1.0000,0.0000,False,False,False
40667,1.0000,0.0000,False,False,False
40668,1.0000,0.0000,False,False,False
40669,1.0000,0.0000,False,False,False
40670,1.0000,0.0000,False,False,False
40671,1.0000,0.0000,False,False,False
40672,1.0000,0.0000,False,False,False
40673,1.0000,0.0000,False,False,False
40674,0.0000,1.0000,False,False,False
40675,1.0000,0.0000,False,False,False
40676,0.0000,1.0000,False,False,False
40677,1.0000,0.0000,False,False,False
40678,1.0000,0.0000,False,False,False
40679,0.0000,1.0000,False,False,False
40680,1.0000,0.0000,False,False,False
40681,1.0000,0.0000,False,False,False
40682,1.0000,0.0000,False,False,False
40683,1.0000,0.0000,False,False,False
40684,1.0000,0.0000,False,False,False
40685,1.0000,0.0000,False,False,False
40686,0.0000,1.0000,False,False,False
40687,1.0000,0.0000,False,False,False
40688,1.0000,0.0000,False,False,False
40689,1.0000,0.0000,False,False,False
40690,1.0000,0.0000,False,False,False
40691,0.0000,1.0000,False,False,False
40692,1.0000,0.0000,False,False,False
40693,1.0000,0.0000,False,False,False
40694,1.0000,0.0000,False,False,False
40695,1.0000,0.0000,False,False,False
40696,1.0000,0.0000,False,False,False
40697,1.0000,0.0000,False,False,False
40698,1.0000,0.0000,False,False,False
40699,1.0000,0.0000,False,False,False
40700,1.0000,0.0000,False,False,False
40701,1.0000,0.0000,False,False,False
40702,1.0000,0.0000,False,False,False
40703,1.0000,0.0000,False,False,False
40704,1.0000,0.0000,False,False,False
40705,1.0000,0.0000,False,False,False
40706,1.0000,0.0000,False,False,False
40707,1.0000,0.0000,False,False,False
40708,1.0000,0.0000,False,False,False
40709,1.0000,0.0000,False,False,False
40710,0.0000,1.0000,False,False,False
40711,1.0000,0.0000,False,False,False
40712,1.0000,0.0000,False,False,False
40713,1.0000,0.0000,False,False,False
40714,1.0000,0.0000,False,False,False
40715,1.0000,0.0000,False,False,False
40716,1.0000,0.0000,False,False,False
40717,1.0000,0.0000,False,False,False
40718,1.0000,0.0000,False,False,False
40719,1.0000,0.0000,False,False,False
40720,0.0000,1.0000,False,False,False
40721,1.0000,0.0000,False,False,False
40722,0.0000,1.0000,False,False,False
40723,0.0000,1.0000,False,False,False
40724,1.0000,0.0000,False,False,False
40725,1.0000,0.0000,False,False,False
40726,1.0000,0.0000,False,False,False
40727,0.0000,1.0000,False,False,False
40728,0.0000,1.0000,False,False,False
40729,1.0000,0.0000,False,False,False
40730,1.0000,0.0000,False,False,False
40731,0.0000,1.0000,False,False,False
40732,1.0000,0.0000,False,False,False
40733,1.0000,0.0000,False,False,False
40734,1.0000,0.0000,False,False,False
40735,1.0000,0.0000,False,False,False
40736,0.0000,1.0000,False,False,False
40737,1.0000,0.0000,False,False,False
40738,1.0000,0.0000,False,False,False
40739,1.0000,0.0000,False,False,False
40740,1.0000,0.0000,False,False,False
40741,1.0000,0.0000,False,False,False
40742,1.0000,0.0000,False,False,False
40743,1.0000,0.0000,False,False,False
40744,1.0000,0.0000,False,False,False
40745,0.0000,1.0000,False,False,False
40746,0.0000,1.0000,False,False,False
40747,0.0000,1.0000,False,False,False
40748,1.0000,0.0000,False,False,False
40749,1.0000,0.0000,False,False,False
40750,1.0000,0.0000,False,False,False
40751,1.0000,0.0000,False,False,False
40752,0.0000,1.0000,False,False,False
40753,1.0000,0.0000,False,False,False
40754,1.0000,0.0000,False,False,False
40755,0.0000,1.0000,False,False,False
40756,1.0000,0.0000,False,False,False
40757,1.0000,0.0000,False,False,False
40758,1.0000,0.0000,False,False,False
40759,0.0000,1.0000,False,False,False
40760,1.0000,0.0000,False,False,False
40761,1.0000,0.0000,False,False,False
40762,1.0000,0.0000,False,False,False
40763,1.0000,0.0000,False,False,False
40764,1.0000,0.0000,False,False,False
40765,1.0000,0.0000,False,False,False
40766,1.0000,0.0000,False,False,False
40767,1.0000,0.0000,False,False,False
40768,1.0000,0.0000,False,False,False
40769,0.0000,1.0000,False,False,False
40770,1.0000,0.0000,False,False,False
40771,1.0000,0.0000,False,False,False
40772,1.0000,0.0000,False,False,False
40773,1.0000,0.0000,False,False,False
40774,1.0000,0.0000,False,False,False
40775,1.0000,0.0000,False,False,False
40776,0.0000,1.0000,False,False,False
40777,0.0000,1.0000,False,False,False
40778,1.0000,0.0000,False,False,False
40779,1.0000,0.0000,False,False,False
40780,0.0000,1.0000,False,False,False
40781,1.0000,0.0000,False,False,False
40782,0.0000,1.0000,False,False,False
40783,1.0000,0.0000,False,False,False
40784,1.0000,0.0000,False,False,False
40785,1.0000,0.0000,False,False,False
40786,1.0000,0.0000,False,False,False
40787,1.0000,0.0000,False,False,False
40788,1.0000,0.0000,False,False,False
40789,1.0000,0.0000,False,False,False
40790,1.0000,0.0000,False,False,False
40791,0.0000,1.0000,False,False,False
40792,1.0000,0.0000,False,False,False
40793,0.0000,1.0000,False,False,False
40794,0.0000,1.0000,False,False,False
40795,1.0000,0.0000,False,False,False
40796,1.0000,0.0000,False,False,False
40797,1.0000,0.0000,False,False,False
40798,0.0000,1.0000,False,False,False
40799,0.0000,1.0000,False,False,False
40800,1.0000,0.0000,False,False,False
40801,0.0000,1.0000,False,False,False
40802,1.0000,0.0000,False,False,False
40803,1.0000,0.0000,False,False,False
40804,1.0000,0.0000,False,False,False
40805,1.0000,0.0000,False,False,False
40806,1.0000,0.0000,False,False,False
40807,1.0000,0.0000,False,False,False
40808,1.0000,0.0000,False,False,False
40809,1.0000,0.0000,False,False,False
40810,1.0000,0.0000,False,False,False
40811,0.0000,1.0000,False,False,False
40812,0.0000,1.0000,False,False,False
40813,1.0000,0.0000,False,False,False
40814,0.0000,1.0000,False,False,False
40815,1.0000,0.0000,False,False,False
40816,0.0000,1.0000,False,False,False
40817,1.0000,0.0000,False,False,False
40818,0.0000,1.0000,False,False,False
40819,1.0000,0.0000,False,False,False
40820,0.0000,1.0000,False,False,False
40821,1.0000,0.0000,False,False,False
40822,0.0000,1.0000,False,False,False
40823,0.0000,1.0000,False,False,False
40824,1.0000,0.0000,False,False,False
40825,1.0000,0.0000,False,False,False
40826,1.0000,0.0000,False,False,False
40827,1.0000,0.0000,False,False,False
40828,0.0000,1.0000,False,False,False
40829,0.0000,1.0000,False,False,False
40830,0.0000,1.0000,False,False,False
40831,1.0000,0.0000,False,False,False
40832,0.0000,1.0000,False,False,False
40833,1.0000,0.0000,False,False,False
40834,1.0000,0.0000,False,False,False
40835,1.0000,0.0000,False,False,False
40836,0.0000,1.0000,False,False,False
40837,0.0000,1.0000,False,False,False
40838,1.0000,0.0000,False,False,False
40839,1.0000,0.0000,False,False,False
40840,1.0000,0.0000,False,False,False
40841,0.0000,1.0000,False,False,False
40842,1.0000,0.0000,False,False,False
40843,1.0000,0.0000,False,False,False
40844,0.0000,1.0000,False,False,False
40845,0.0000,1.0000,False,False,False
40846,0.0000,1.0000,False,False,False
40847,0.0000,1.0000,False,False,False
40848,1.0000,0.0000,False,False,False
40849,1.0000,0.0000,False,False,False
40850,1.0000,0.0000,False,False,False
40851,0.0000,1.0000,False,False,False
40852,1.0000,0.0000,False,False,False
40853,1.0000,0.0000,False,False,False
40854,0.0000,1.0000,False,False,False
40855,1.0000,0.0000,False,False,False
40856,1.0000,0.0000,False,False,False
40857,1.0000,0.0000,False,False,False
40858,1.0000,0.0000,False,False,False
40859,0.0000,1.0000,False,False,False
40860,1.0000,0.0000,False,False,False
40861,0.0000,1.0000,False,False,False
40862,1.0000,0.0000,False,False,False
40863,1.0000,0.0000,False,False,False
40864,1.0000,0.0000,False,False,False
40865,1.0000,0.0000,False,False,False
40866,0.0000,1.0000,False,False,False
40867,0.0000,1.0000,False,False,False
40868,1.0000,0.0000,False,False,False
40869,1.0000,0.0000,False,False,False
40870,1.0000,0.0000,False,False,False
40871,1.0000,0.0000,False,False,False
40872,0.0000,1.0000,False,False,False
40873,1.0000,0.0000,False,False,False
40874,1.0000,0.0000,False,False,False
40875,1.0000,0.0000,False,False,False
40876,1.0000,0.0000,False,False,False
40877,0.0000,1.0000,False,False,False
40878,1.0000,0.0000,False,False,False
40879,1.0000,0.0000,False,False,False
40880,1.0000,0.0000,False,False,False
40881,1.0000,0.0000,False,False,False
40882,1.0000,0.0000,False,False,False
40883,1.0000,0.0000,False,False,False
40884,1.0000,0.0000,False,False,False
40885,0.0000,1.0000,False,False,False
40886,1.0000,0.0000,False,False,False
40887,1.0000,0.0000,False,False,False
40888,0.0000,1.0000,False,False,False
40889,1.0000,0.0000,False,False,False
40890,1.0000,0.0000,False,False,False
40891,1.0000,0.0000,False,False,False
40892,1.0000,0.0000,False,False,False
40893,1.0000,0.0000,False,False,False
40894,1.0000,0.0000,False,False,False
40895,1.0000,0.0000,False,False,False
40896,1.0000,0.0000,False,False,False
40897,0.0000,1.0000,False,False,False
40898,0.0000,1.0000,False,False,False
40899,1.0000,0.0000,False,False,False
40900,1.0000,0.0000,False,False,False
40901,1.0000,0.0000,False,False,False
40902,1.0000,0.0000,False,False,False
40903,1.0000,0.0000,False,False,False
40904,1.0000,0.0000,False,False,False
40905,1.0000,0.0000,False,False,False
40906,1.0000,0.0000,False,False,False
40907,1.0000,0.0000,False,False,False
40908,1.0000,0.0000,False,False,False
40909,0.0000,1.0000,False,False,False
40910,1.0000,0.0000,False,False,False
40911,0.0000,1.0000,False,False,False
40912,0.0000,1.0000,False,False,False
40913,1.0000,0.0000,False,False,False
40914,0.0000,1.0000,False,False,False
40915,1.0000,0.0000,False,False,False
40916,1.0000,0.0000,False,False,False
40917,0.0000,1.0000,False,False,False
40918,1.0000,0.0000,False,False,False
40919,1.0000,0.0000,False,False,False
40920,0.0000,1.0000,False,False,False
40921,1.0000,0.0000,False,False,False
40922,0.0000,1.0000,False,False,False
40923,1.0000,0.0000,False,False,False
40924,1.0000,0.0000,False,False,False
40925,1.0000,0.0000,False,False,False
40926,1.0000,0.0000,False,False,False
40927,0.0000,1.0000,False,False,False
40928,1.0000,0.0000,False,False,False
40929,0.0000,1.0000,False,False,False
40930,1.0000,0.0000,False,False,False
40931,1.0000,0.0000,False,False,False
40932,1.0000,0.0000,False,False,False
40933,1.0000,0.0000,False,False,False
40934,0.0000,1.0000,False,False,False
40935,1.0000,0.0000,False,False,False
40936,1.0000,0.0000,False,False,False
40937,1.0000,0.0000,False,False,False
40938,1.0000,0.0000,False,False,False
40939,0.0000,1.0000,False,False,False
40940,1.0000,0.0000,False,False,False
40941,1.0000,0.0000,False,False,False
40942,0.0000,1.0000,False,False,False
40943,0.0000,1.0000,False,False,False
40944,0.0000,1.0000,False,False,False
40945,0.0000,1.0000,False,False,False
40946,1.0000,0.0000,False,False,False
40947,1.0000,0.0000,False,False,False
40948,1.0000,0.0000,False,False,False
40949,0.0000,1.0000,False,False,False
40950,1.0000,0.0000,False,False,False
40951,0.0000,1.0000,False,False,False
40952,0.0000,1.0000,False,False,False
40953,1.0000,0.0000,False,False,False
40954,1.0000,0.0000,False,False,False
40955,1.0000,0.0000,False,False,False
40956,1.0000,0.0000,False,False,False
40957,1.0000,0.0000,False,False,False
40958,1.0000,0.0000,False,False,False
40959,1.0000,0.0000,False,False,False
40960,1.0000,0.0000,False,False,False
40961,1.0000,0.0000,False,False,False
40962,1.0000,0.0000,False,False,False
40963,1.0000,0.0000,False,False,False
40964,0.0000,1.0000,False,False,False
40965,1.0000,0.0000,False,False,False
40966,0.0000,1.0000,False,False,False
40967,1.0000,0.0000,False,False,False
40968,1.0000,0.0000,False,False,False
40969,0.0000,1.0000,False,False,False
40970,1.0000,0.0000,False,False,False
40971,1.0000,0.0000,False,False,False
40972,0.0000,1.0000,False,False,False
40973,1.0000,0.0000,False,False,False
40974,1.0000,0.0000,False,False,False
40975,1.0000,0.0000,False,False,False
40976,1.0000,0.0000,False,False,False
40977,1.0000,0.0000,False,False,False
40978,0.0000,1.0000,False,False,False
40979,1.0000,0.0000,False,False,False
40980,1.0000,0.0000,False,False,False
40981,0.0000,1.0000,False,False,False
40982,1.0000,0.0000,False,False,False
40983,1.0000,0.0000,False,False,False
40984,0.0000,1.0000,False,False,False
40985,1.0000,0.0000,False,False,False
40986,1.0000,0.0000,False,False,False
40987,1.0000,0.0000,False,False,False
40988,1.0000,0.0000,False,False,False
40989,1.0000,0.0000,False,False,False
40990,0.0000,1.0000,False,False,False
40991,0.0000,1.0000,False,False,False
40992,0.0000,1.0000,False,False,False
40993,1.0000,0.0000,False,False,False
40994,1.0000,0.0000,False,False,False
40995,0.0000,1.0000,False,False,False
40996,0.0000,1.0000,False,False,False
40997,1.0000,0.0000,False,False,False
40998,1.0000,0.0000,False,False,False
40999,1.0000,0.0000,False,False,False
41000,1.0000,0.0000,False,False,False
41001,1.0000,0.0000,False,False,False
41002,0.0000,1.0000,False,False,False
41003,1.0000,0.0000,False,False,False
41004,1.0000,0.0000,False,False,False
41005,1.0000,0.0000,False,False,False
41006,1.0000,0.0000,False,False,False
41007,1.0000,0.0000,False,False,False
41008,1.0000,0.0000,False,False,False
41009,1.0000,0.0000,False,False,False
41010,0.0000,1.0000,False,False,False
41011,1.0000,0.0000,False,False,False
41012,1.0000,0.0000,False,False,False
41013,0.0000,1.0000,False,False,False
41014,1.0000,0.0000,False,False,False
41015,1.0000,0.0000,False,False,False
41016,1.0000,0.0000,False,False,False
41017,1.0000,0.0000,False,False,False
41018,0.0000,1.0000,False,False,False
41019,0.0000,1.0000,False,False,False
41020,1.0000,0.0000,False,False,False
41021,0.0000,1.0000,False,False,False
41022,1.0000,0.0000,False,False,False
41023,1.0000,0.0000,False,False,False
41024,1.0000,0.0000,False,False,False
41025,1.0000,0.0000,False,False,False
41026,0.0000,1.0000,False,False,False
41027,1.0000,0.0000,False,False,False
41028,1.0000,0.0000,False,False,False
41029,1.0000,0.0000,False,False,False
41030,0.0000,1.0000,False,False,False
41031,1.0000,0.0000,False,False,False
41032,0.0000,1.0000,False,False,False
41033,0.0000,1.0000,False,False,False
41034,1.0000,0.0000,False,False,False
41035,1.0000,0.0000,False,False,False
41036,1.0000,0.0000,False,False,False
41037,1.0000,0.0000,False,False,False
41038,1.0000,0.0000,False,False,False
41039,0.0000,1.0000,False,False,False
41040,1.0000,0.0000,False,False,False
41041,0.0000,1.0000,False,False,False
41042,1.0000,0.0000,False,False,False
41043,1.0000,0.0000,False,False,False
41044,0.0000,1.0000,False,False,False
41045,1.0000,0.0000,False,False,False
41046,1.0000,0.0000,False,False,False
41047,1.0000,0.0000,False,False,False
41048,0.0000,1.0000,False,False,False
41049,1.0000,0.0000,False,False,False
41050,0.0000,1.0000,False,False,False
41051,1.0000,0.0000,False,False,False
41052,1.0000,0.0000,False,False,False
41053,1.0000,0.0000,False,False,False
41054,0.0000,1.0000,False,False,False
41055,1.0000,0.0000,False,False,False
41056,1.0000,0.0000,False,False,False
41057,1.0000,0.0000,False,False,False
41058,1.0000,0.0000,False,False,False
41059,1.0000,0.0000,False,False,False
41060,0.0000,1.0000,False,False,False
41061,1.0000,0.0000,False,False,False
41062,1.0000,0.0000,False,False,False
41063,1.0000,0.0000,False,False,False
41064,1.0000,0.0000,False,False,False
41065,0.0000,1.0000,False,False,False
41066,1.0000,0.0000,False,False,False
41067,1.0000,0.0000,False,False,False
41068,1.0000,0.0000,False,False,False
41069,1.0000,0.0000,False,False,False
41070,1.0000,0.0000,False,False,False
41071,1.0000,0.0000,False,False,False
41072,1.0000,0.0000,False,False,False
41073,1.0000,0.0000,False,False,False
41074,1.0000,0.0000,False,False,False
41075,0.0000,1.0000,False,False,False
41076,0.0000,1.0000,False,False,False
41077,1.0000,0.0000,False,False,False
41078,0.0000,1.0000,False,False,False
41079,1.0000,0.0000,False,False,False
41080,1.0000,0.0000,False,False,False
41081,1.0000,0.0000,False,False,False
41082,1.0000,0.0000,False,False,False
41083,1.0000,0.0000,False,False,False
41084,1.0000,0.0000,False,False,False
41085,1.0000,0.0000,False,False,False
41086,0.0000,1.0000,False,False,False
41087,1.0000,0.0000,False,False,False
41088,0.0000,1.0000,False,False,False
41089,1.0000,0.0000,False,False,False
41090,1.0000,0.0000,False,False,False
41091,1.0000,0.0000,False,False,False
41092,1.0000,0.0000,False,False,False
41093,1.0000,0.0000,False,False,False
41094,1.0000,0.0000,False,False,False
41095,1.0000,0.0000,False,False,False
41096,1.0000,0.0000,False,False,False
41097,1.0000,0.0000,False,False,False
41098,1.0000,0.0000,False,False,False
41099,1.0000,0.0000,False,False,False
41100,1.0000,0.0000,False,False,False
41101,1.0000,0.0000,False,False,False
41102,1.0000,0.0000,False,False,False
41103,1.0000,0.0000,False,False,False
41104,1.0000,0.0000,False,False,False
41105,1.0000,0.0000,False,False,False
41106,1.0000,0.0000,False,False,False
41107,1.0000,0.0000,False,False,False
41108,1.0000,0.0000,False,False,False
41109,1.0000,0.0000,False,False,False
41110,1.0000,0.0000,False,False,False
41111,1.0000,0.0000,False,False,False
41112,0.0000,1.0000,False,False,False
41113,1.0000,0.0000,False,False,False
41114,1.0000,0.0000,False,False,False
41115,1.0000,0.0000,False,False,False
41116,1.0000,0.0000,False,False,False
41117,1.0000,0.0000,False,False,False
41118,1.0000,0.0000,False,False,False
41119,1.0000,0.0000,False,False,False
41120,1.0000,0.0000,False,False,False
41121,0.0000,1.0000,False,False,False
41122,1.0000,0.0000,False,False,False
41123,1.0000,0.0000,False,False,False
41124,0.0000,1.0000,False,False,False
41125,0.0000,1.0000,False,False,False
41126,1.0000,0.0000,False,False,False
41127,1.0000,0.0000,False,False,False
41128,1.0000,0.0000,False,False,False
41129,1.0000,0.0000,False,False,False
41130,1.0000,0.0000,False,False,False
41131,1.0000,0.0000,False,False,False
41132,0.0000,1.0000,False,False,False
41133,1.0000,0.0000,False,False,False
41134,0.0000,1.0000,False,False,False
41135,1.0000,0.0000,False,False,False
41136,1.0000,0.0000,False,False,False
41137,1.0000,0.0000,False,False,False
41138,1.0000,0.0000,False,False,False
41139,0.0000,1.0000,False,False,False
41140,1.0000,0.0000,False,False,False
41141,1.0000,0.0000,False,False,False
41142,1.0000,0.0000,False,False,False
41143,1.0000,0.0000,False,False,False
41144,0.0000,1.0000,False,False,False
41145,1.0000,0.0000,False,False,False
41146,1.0000,0.0000,False,False,False
41147,1.0000,0.0000,False,False,False
41148,1.0000,0.0000,False,False,False
41149,1.0000,0.0000,False,False,False
41150,1.0000,0.0000,False,False,False
41151,0.0000,1.0000,False,False,False
41152,1.0000,0.0000,False,False,False
41153,1.0000,0.0000,False,False,False
41154,1.0000,0.0000,False,False,False
41155,1.0000,0.0000,False,False,False
41156,0.0000,1.0000,False,False,False
41157,0.0000,1.0000,False,False,False
41158,0.0000,1.0000,False,False,False
41159,1.0000,0.0000,False,False,False
41160,0.0000,1.0000,False,False,False
41161,1.0000,0.0000,False,False,False
41162,1.0000,0.0000,False,False,False
41163,1.0000,0.0000,False,False,False
41164,1.0000,0.0000,False,False,False
41165,1.0000,0.0000,False,False,False
41166,1.0000,0.0000,False,False,False
41167,1.0000,0.0000,False,False,False
41168,1.0000,0.0000,False,False,False
41169,1.0000,0.0000,False,False,False
41170,1.0000,0.0000,False,False,False
41171,1.0000,0.0000,False,False,False
41172,0.0000,1.0000,False,False,False
41173,0.0000,1.0000,False,False,False
41174,1.0000,0.0000,False,False,False
41175,0.0000,1.0000,False,False,False
41176,1.0000,0.0000,False,False,False
41177,1.0000,0.0000,False,False,False
41178,0.0000,1.0000,False,False,False
41179,1.0000,0.0000,False,False,False
41180,1.0000,0.0000,False,False,False
41181,1.0000,0.0000,False,False,False
41182,1.0000,0.0000,False,False,False
41183,1.0000,0.0000,False,False,False
41184,1.0000,0.0000,False,False,False
41185,1.0000,0.0000,False,False,False
41186,1.0000,0.0000,False,False,False
41187,1.0000,0.0000,False,False,False
41188,1.0000,0.0000,False,False,False
41189,1.0000,0.0000,False,False,False
41190,1.0000,0.0000,False,False,False
41191,1.0000,0.0000,False,False,False
41192,1.0000,0.0000,False,False,False
41193,1.0000,0.0000,False,False,False
41194,0.0000,1.0000,False,False,False
41195,1.0000,0.0000,False,False,False
41196,1.0000,0.0000,False,False,False
41197,0.0000,1.0000,False,False,False
41198,1.0000,0.0000,False,False,False
41199,0.0000,1.0000,False,False,False
41200,0.0000,1.0000,False,False,False
41201,1.0000,0.0000,False,False,False
41202,0.0000,1.0000,False,False,False
41203,0.0000,1.0000,False,False,False
41204,1.0000,0.0000,False,False,False
41205,1.0000,0.0000,False,False,False
41206,1.0000,0.0000,False,False,False
41207,1.0000,0.0000,False,False,False
41208,1.0000,0.0000,False,False,False
41209,0.0000,1.0000,False,False,False
41210,1.0000,0.0000,False,False,False
41211,1.0000,0.0000,False,False,False
41212,1.0000,0.0000,False,False,False
41213,0.0000,1.0000,False,False,False
41214,1.0000,0.0000,False,False,False
41215,0.0000,1.0000,False,False,False
41216,1.0000,0.0000,False,False,False
41217,0.0000,1.0000,False,False,False
41218,1.0000,0.0000,False,False,False
41219,1.0000,0.0000,False,False,False
41220,0.0000,1.0000,False,False,False
41221,0.0000,1.0000,False,False,False
41222,1.0000,0.0000,False,False,False
41223,1.0000,0.0000,False,False,False
41224,1.0000,0.0000,False,False,False
41225,1.0000,0.0000,False,False,False
41226,0.0000,1.0000,False,False,False
41227,1.0000,0.0000,False,False,False
41228,1.0000,0.0000,False,False,False
41229,1.0000,0.0000,False,False,False
41230,1.0000,0.0000,False,False,False
41231,0.0000,1.0000,False,False,False
41232,1.0000,0.0000,False,False,False
41233,1.0000,0.0000,False,False,False
41234,1.0000,0.0000,False,False,False
41235,1.0000,0.0000,False,False,False
41236,1.0000,0.0000,False,False,False
41237,1.0000,0.0000,False,False,False
41238,0.0000,1.0000,False,False,False
41239,1.0000,0.0000,False,False,False
41240,1.0000,0.0000,False,False,False
41241,1.0000,0.0000,False,False,False
41242,1.0000,0.0000,False,False,False
41243,1.0000,0.0000,False,False,False
41244,1.0000,0.0000,False,False,False
41245,1.0000,0.0000,False,False,False
41246,0.0000,1.0000,False,False,False
41247,1.0000,0.0000,False,False,False
41248,1.0000,0.0000,False,False,False
41249,0.0000,1.0000,False,False,False
41250,1.0000,0.0000,False,False,False
41251,1.0000,0.0000,False,False,False
41252,1.0000,0.0000,False,False,False
41253,0.0000,1.0000,False,False,False
41254,1.0000,0.0000,False,False,False
41255,1.0000,0.0000,False,False,False
41256,1.0000,0.0000,False,False,False
41257,0.0000,1.0000,False,False,False
41258,1.0000,0.0000,False,False,False
41259,1.0000,0.0000,False,False,False
41260,1.0000,0.0000,False,False,False
41261,1.0000,0.0000,False,False,False
41262,1.0000,0.0000,False,False,False
41263,1.0000,0.0000,False,False,False
41264,1.0000,0.0000,False,False,False
41265,1.0000,0.0000,False,False,False
41266,1.0000,0.0000,False,False,False
41267,1.0000,0.0000,False,False,False
41268,0.0000,1.0000,False,False,False
41269,1.0000,0.0000,False,False,False
41270,0.0000,1.0000,False,False,False
41271,1.0000,0.0000,False,False,False
41272,0.0000,1.0000,False,False,False
41273,1.0000,0.0000,False,False,False
41274,1.0000,0.0000,False,False,False
41275,1.0000,0.0000,False,False,False
41276,1.0000,0.0000,False,False,False
41277,1.0000,0.0000,False,False,False
41278,1.0000,0.0000,False,False,False
41279,1.0000,0.0000,False,False,False
41280,1.0000,0.0000,False,False,False
41281,0.0000,1.0000,False,False,False
41282,1.0000,0.0000,False,False,False
41283,1.0000,0.0000,False,False,False
41284,0.0000,1.0000,False,False,False
41285,1.0000,0.0000,False,False,False
41286,1.0000,0.0000,False,False,False
41287,1.0000,0.0000,False,False,False
41288,1.0000,0.0000,False,False,False
41289,1.0000,0.0000,False,False,False
41290,1.0000,0.0000,False,False,False
41291,1.0000,0.0000,False,False,False
41292,1.0000,0.0000,False,False,False
41293,0.0000,1.0000,False,False,False
41294,1.0000,0.0000,False,False,False
41295,1.0000,0.0000,False,False,False
41296,1.0000,0.0000,False,False,False
41297,1.0000,0.0000,False,False,False
41298,1.0000,0.0000,False,False,False
41299,1.0000,0.0000,False,False,False
41300,0.0000,1.0000,False,False,False
41301,0.0000,1.0000,False,False,False
41302,1.0000,0.0000,False,False,False
41303,1.0000,0.0000,False,False,False
41304,1.0000,0.0000,False,False,False
41305,1.0000,0.0000,False,False,False
41306,1.0000,0.0000,False,False,False
41307,1.0000,0.0000,False,False,False
41308,0.0000,1.0000,False,False,False
41309,1.0000,0.0000,False,False,False
41310,1.0000,0.0000,False,False,False
41311,0.0000,1.0000,False,False,False
41312,1.0000,0.0000,False,False,False
41313,0.0000,1.0000,False,False,False
41314,0.0000,1.0000,False,False,False
41315,1.0000,0.0000,False,False,False
41316,1.0000,0.0000,False,False,False
41317,1.0000,0.0000,False,False,False
41318,1.0000,0.0000,False,False,False
41319,1.0000,0.0000,False,False,False
41320,1.0000,0.0000,False,False,False
41321,1.0000,0.0000,False,False,False
41322,1.0000,0.0000,False,False,False
41323,1.0000,0.0000,False,False,False
41324,1.0000,0.0000,False,False,False
41325,1.0000,0.0000,False,False,False
41326,1.0000,0.0000,False,False,False
41327,1.0000,0.0000,False,False,False
41328,1.0000,0.0000,False,False,False
41329,1.0000,0.0000,False,False,False
41330,1.0000,0.0000,False,False,False
41331,1.0000,0.0000,False,False,False
41332,1.0000,0.0000,False,False,False
41333,1.0000,0.0000,False,False,False
41334,1.0000,0.0000,False,False,False
41335,0.0000,1.0000,False,False,False
41336,1.0000,0.0000,False,False,False
41337,1.0000,0.0000,False,False,False
41338,1.0000,0.0000,False,False,False
41339,1.0000,0.0000,False,False,False
41340,1.0000,0.0000,False,False,False
41341,1.0000,0.0000,False,False,False
41342,0.0000,1.0000,False,False,False
41343,1.0000,0.0000,False,False,False
41344,0.0000,1.0000,False,False,False
41345,1.0000,0.0000,False,False,False
41346,1.0000,0.0000,False,False,False
41347,1.0000,0.0000,False,False,False
41348,1.0000,0.0000,False,False,False
41349,1.0000,0.0000,False,False,False
41350,0.0000,1.0000,False,False,False
41351,1.0000,0.0000,False,False,False
41352,1.0000,0.0000,False,False,False
41353,1.0000,0.0000,False,False,False
41354,1.0000,0.0000,False,False,False
41355,1.0000,0.0000,False,False,False
41356,1.0000,0.0000,False,False,False
41357,0.0000,1.0000,False,False,False
41358,1.0000,0.0000,False,False,False
41359,0.0000,1.0000,False,False,False
41360,1.0000,0.0000,False,False,False
41361,0.0000,1.0000,False,False,False
41362,1.0000,0.0000,False,False,False
41363,1.0000,0.0000,False,False,False
41364,1.0000,0.0000,False,False,False
41365,1.0000,0.0000,False,False,False
41366,1.0000,0.0000,False,False,False
41367,1.0000,0.0000,False,False,False
41368,0.0000,1.0000,False,False,False
41369,0.0000,1.0000,False,False,False
41370,1.0000,0.0000,False,False,False
41371,1.0000,0.0000,False,False,False
41372,1.0000,0.0000,False,False,False
41373,1.0000,0.0000,False,False,False
41374,0.0000,1.0000,False,False,False
41375,1.0000,0.0000,False,False,False
41376,0.0000,1.0000,False,False,False
41377,1.0000,0.0000,False,False,False
41378,0.0000,1.0000,False,False,False
41379,1.0000,0.0000,False,False,False
41380,1.0000,0.0000,False,False,False
41381,1.0000,0.0000,False,False,False
41382,1.0000,0.0000,False,False,False
41383,0.0000,1.0000,False,False,False
41384,0.0000,1.0000,False,False,False
41385,1.0000,0.0000,False,False,False
41386,0.0000,1.0000,False,False,False
41387,1.0000,0.0000,False,False,False
41388,1.0000,0.0000,False,False,False
41389,1.0000,0.0000,False,False,False
41390,1.0000,0.0000,False,False,False
41391,1.0000,0.0000,False,False,False
41392,1.0000,0.0000,False,False,False
41393,0.0000,1.0000,False,False,False
41394,1.0000,0.0000,False,False,False
41395,1.0000,0.0000,False,False,False
41396,1.0000,0.0000,False,False,False
41397,1.0000,0.0000,False,False,False
41398,1.0000,0.0000,False,False,False
41399,1.0000,0.0000,False,False,False
41400,0.0000,1.0000,False,False,False
41401,1.0000,0.0000,False,False,False
41402,1.0000,0.0000,False,False,False
41403,0.0000,1.0000,False,False,False
41404,1.0000,0.0000,False,False,False
41405,1.0000,0.0000,False,False,False
41406,1.0000,0.0000,False,False,False
41407,1.0000,0.0000,False,False,False
41408,1.0000,0.0000,False,False,False
41409,1.0000,0.0000,False,False,False
41410,1.0000,0.0000,False,False,False
41411,1.0000,0.0000,False,False,False
41412,1.0000,0.0000,False,False,False
41413,1.0000,0.0000,False,False,False
41414,1.0000,0.0000,False,False,False
41415,1.0000,0.0000,False,False,False
41416,1.0000,0.0000,False,False,False
41417,1.0000,0.0000,False,False,False
41418,0.0000,1.0000,False,False,False
41419,1.0000,0.0000,False,False,False
41420,1.0000,0.0000,False,False,False
41421,0.0000,1.0000,False,False,False
41422,1.0000,0.0000,False,False,False
41423,1.0000,0.0000,False,False,False
41424,1.0000,0.0000,False,False,False
41425,1.0000,0.0000,False,False,False
41426,0.0000,1.0000,False,False,False
41427,1.0000,0.0000,False,False,False
41428,1.0000,0.0000,False,False,False
41429,1.0000,0.0000,False,False,False
41430,1.0000,0.0000,False,False,False
41431,1.0000,0.0000,False,False,False
41432,0.0000,1.0000,False,False,False
41433,0.0000,1.0000,False,False,False
41434,1.0000,0.0000,False,False,False
41435,0.0000,1.0000,False,False,False
41436,1.0000,0.0000,False,False,False
41437,1.0000,0.0000,False,False,False
41438,0.0000,1.0000,False,False,False
41439,1.0000,0.0000,False,False,False
41440,1.0000,0.0000,False,False,False
41441,1.0000,0.0000,False,False,False
41442,1.0000,0.0000,False,False,False
41443,1.0000,0.0000,False,False,False
41444,0.0000,1.0000,False,False,False
41445,1.0000,0.0000,False,False,False
41446,1.0000,0.0000,False,False,False
41447,0.0000,1.0000,False,False,False
41448,1.0000,0.0000,False,False,False
41449,1.0000,0.0000,False,False,False
41450,0.0000,1.0000,False,False,False
41451,0.0000,1.0000,False,False,False
41452,1.0000,0.0000,False,False,False
41453,1.0000,0.0000,False,False,False
41454,0.0000,1.0000,False,False,False
41455,1.0000,0.0000,False,False,False
41456,0.0000,1.0000,False,False,False
41457,1.0000,0.0000,False,False,False
41458,1.0000,0.0000,False,False,False
41459,1.0000,0.0000,False,False,False
41460,1.0000,0.0000,False,False,False
41461,1.0000,0.0000,False,False,False
41462,0.0000,1.0000,False,False,False
41463,1.0000,0.0000,False,False,False
41464,1.0000,0.0000,False,False,False
41465,0.0000,1.0000,False,False,False
41466,1.0000,0.0000,False,False,False
41467,0.0000,1.0000,False,False,False
41468,0.0000,1.0000,False,False,False
41469,1.0000,0.0000,False,False,False
41470,1.0000,0.0000,False,False,False
41471,1.0000,0.0000,False,False,False
41472,1.0000,0.0000,False,False,False
41473,0.0000,1.0000,False,False,False
41474,1.0000,0.0000,False,False,False
41475,0.0000,1.0000,False,False,False
41476,1.0000,0.0000,False,False,False
41477,1.0000,0.0000,False,False,False
41478,0.0000,1.0000,False,False,False
41479,1.0000,0.0000,False,False,False
41480,1.0000,0.0000,False,False,False
41481,0.0000,1.0000,False,False,False
41482,1.0000,0.0000,False,False,False
41483,1.0000,0.0000,False,False,False
41484,1.0000,0.0000,False,False,False
41485,1.0000,0.0000,False,False,False
41486,0.0000,1.0000,False,False,False
41487,0.0000,1.0000,False,False,False
41488,0.0000,1.0000,False,False,False
41489,1.0000,0.0000,False,False,False
41490,0.0000,1.0000,False,False,False
41491,0.0000,1.0000,False,False,False
41492,1.0000,0.0000,False,False,False
41493,1.0000,0.0000,False,False,False
41494,0.0000,1.0000,False,False,False
41495,1.0000,0.0000,False,False,False
41496,0.0000,1.0000,False,False,False
41497,1.0000,0.0000,False,False,False
41498,1.0000,0.0000,False,False,False
41499,1.0000,0.0000,False,False,False
41500,1.0000,0.0000,False,False,False
41501,1.0000,0.0000,False,False,False
41502,1.0000,0.0000,False,False,False
41503,1.0000,0.0000,False,False,False
41504,1.0000,0.0000,False,False,False
41505,1.0000,0.0000,False,False,False
41506,1.0000,0.0000,False,False,False
41507,1.0000,0.0000,False,False,False
41508,1.0000,0.0000,False,False,False
41509,1.0000,0.0000,False,False,False
41510,1.0000,0.0000,False,False,False
41511,1.0000,0.0000,False,False,False
41512,1.0000,0.0000,False,False,False
41513,1.0000,0.0000,False,False,False
41514,1.0000,0.0000,False,False,False
41515,1.0000,0.0000,False,False,False
41516,1.0000,0.0000,False,False,False
41517,0.0000,1.0000,False,False,False
41518,1.0000,0.0000,False,False,False
41519,1.0000,0.0000,False,False,False
41520,1.0000,0.0000,False,False,False
41521,1.0000,0.0000,False,False,False
41522,0.0000,1.0000,False,False,False
41523,1.0000,0.0000,False,False,False
41524,0.0000,1.0000,False,False,False
41525,0.0000,1.0000,False,False,False
41526,1.0000,0.0000,False,False,False
41527,1.0000,0.0000,False,False,False
41528,1.0000,0.0000,False,False,False
41529,1.0000,0.0000,False,False,False
41530,0.0000,1.0000,False,False,False
41531,1.0000,0.0000,False,False,False
41532,1.0000,0.0000,False,False,False
41533,1.0000,0.0000,False,False,False
41534,1.0000,0.0000,False,False,False
41535,1.0000,0.0000,False,False,False
41536,1.0000,0.0000,False,False,False
41537,1.0000,0.0000,False,False,False
41538,1.0000,0.0000,False,False,False
41539,1.0000,0.0000,False,False,False
41540,1.0000,0.0000,False,False,False
41541,0.0000,1.0000,False,False,False
41542,1.0000,0.0000,False,False,False
41543,0.0000,1.0000,False,False,False
41544,1.0000,0.0000,False,False,False
41545,0.0000,1.0000,False,False,False
41546,1.0000,0.0000,False,False,False
41547,1.0000,0.0000,False,False,False
41548,1.0000,0.0000,False,False,False
41549,1.0000,0.0000,False,False,False
41550,1.0000,0.0000,False,False,False
41551,0.0000,1.0000,False,False,False
41552,1.0000,0.0000,False,False,False
41553,1.0000,0.0000,False,False,False
41554,1.0000,0.0000,False,False,False
41555,1.0000,0.0000,False,False,False
41556,1.0000,0.0000,False,False,False
41557,1.0000,0.0000,False,False,False
41558,1.0000,0.0000,False,False,False
41559,1.0000,0.0000,False,False,False
41560,1.0000,0.0000,False,False,False
41561,0.0000,1.0000,False,False,False
41562,1.0000,0.0000,False,False,False
41563,1.0000,0.0000,False,False,False
41564,0.0000,1.0000,False,False,False
41565,0.0000,1.0000,False,False,False
41566,0.0000,1.0000,False,False,False
41567,0.0000,1.0000,False,False,False
41568,0.0000,1.0000,False,False,False
41569,1.0000,0.0000,False,False,False
41570,1.0000,0.0000,False,False,False
41571,1.0000,0.0000,False,False,False
41572,1.0000,0.0000,False,False,False
41573,1.0000,0.0000,False,False,False
41574,1.0000,0.0000,False,False,False
41575,1.0000,0.0000,False,False,False
41576,1.0000,0.0000,False,False,False
41577,1.0000,0.0000,False,False,False
41578,1.0000,0.0000,False,False,False
41579,1.0000,0.0000,False,False,False
41580,1.0000,0.0000,False,False,False
41581,1.0000,0.0000,False,False,False
41582,1.0000,0.0000,False,False,False
41583,1.0000,0.0000,False,False,False
41584,1.0000,0.0000,False,False,False
41585,1.0000,0.0000,False,False,False
41586,0.0000,1.0000,False,False,False
41587,1.0000,0.0000,False,False,False
41588,1.0000,0.0000,False,False,False
41589,1.0000,0.0000,False,False,False
41590,1.0000,0.0000,False,False,False
41591,1.0000,0.0000,False,False,False
41592,1.0000,0.0000,False,False,False
41593,1.0000,0.0000,False,False,False
41594,1.0000,0.0000,False,False,False
41595,0.0000,1.0000,False,False,False
41596,1.0000,0.0000,False,False,False
41597,1.0000,0.0000,False,False,False
41598,1.0000,0.0000,False,False,False
41599,1.0000,0.0000,False,False,False
41600,1.0000,0.0000,False,False,False
41601,1.0000,0.0000,False,False,False
41602,1.0000,0.0000,False,False,False
41603,1.0000,0.0000,False,False,False
41604,1.0000,0.0000,False,False,False
41605,0.0000,1.0000,False,False,False
41606,1.0000,0.0000,False,False,False
41607,1.0000,0.0000,False,False,False
41608,1.0000,0.0000,False,False,False
41609,1.0000,0.0000,False,False,False
41610,0.0000,1.0000,False,False,False
41611,1.0000,0.0000,False,False,False
41612,1.0000,0.0000,False,False,False
41613,1.0000,0.0000,False,False,False
41614,0.0000,1.0000,False,False,False
41615,1.0000,0.0000,False,False,False
41616,1.0000,0.0000,False,False,False
41617,0.0000,1.0000,False,False,False
41618,1.0000,0.0000,False,False,False
41619,1.0000,0.0000,False,False,False
41620,1.0000,0.0000,False,False,False
41621,1.0000,0.0000,False,False,False
41622,0.0000,1.0000,False,False,False
41623,1.0000,0.0000,False,False,False
41624,1.0000,0.0000,False,False,False
41625,0.0000,1.0000,False,False,False
41626,1.0000,0.0000,False,False,False
41627,0.0000,1.0000,False,False,False
41628,1.0000,0.0000,False,False,False
41629,0.0000,1.0000,False,False,False
41630,0.0000,1.0000,False,False,False
41631,1.0000,0.0000,False,False,False
41632,1.0000,0.0000,False,False,False
41633,1.0000,0.0000,False,False,False
41634,0.0000,1.0000,False,False,False
41635,0.0000,1.0000,False,False,False
41636,0.0000,1.0000,False,False,False
41637,0.0000,1.0000,False,False,False
41638,1.0000,0.0000,False,False,False
41639,1.0000,0.0000,False,False,False
41640,1.0000,0.0000,False,False,False
41641,0.0000,1.0000,False,False,False
41642,1.0000,0.0000,False,False,False
41643,1.0000,0.0000,False,False,False
41644,0.0000,1.0000,False,False,False
41645,1.0000,0.0000,False,False,False
41646,1.0000,0.0000,False,False,False
41647,1.0000,0.0000,False,False,False
41648,1.0000,0.0000,False,False,False
41649,1.0000,0.0000,False,False,False
41650,1.0000,0.0000,False,False,False
41651,1.0000,0.0000,False,False,False
41652,0.0000,1.0000,False,False,False
41653,1.0000,0.0000,False,False,False
41654,1.0000,0.0000,False,False,False
41655,1.0000,0.0000,False,False,False
41656,0.0000,1.0000,False,False,False
41657,1.0000,0.0000,False,False,False
41658,1.0000,0.0000,False,False,False
41659,0.0000,1.0000,False,False,False
41660,1.0000,0.0000,False,False,False
41661,1.0000,0.0000,False,False,False
41662,1.0000,0.0000,False,False,False
41663,1.0000,0.0000,False,False,False
41664,1.0000,0.0000,False,False,False
41665,1.0000,0.0000,False,False,False
41666,1.0000,0.0000,False,False,False
41667,1.0000,0.0000,False,False,False
41668,1.0000,0.0000,False,False,False
41669,1.0000,0.0000,False,False,False
41670,1.0000,0.0000,False,False,False
41671,0.0000,1.0000,False,False,False
41672,1.0000,0.0000,False,False,False
41673,0.0000,1.0000,False,False,False
41674,1.0000,0.0000,False,False,False
41675,0.0000,1.0000,False,False,False
41676,1.0000,0.0000,False,False,False
41677,1.0000,0.0000,False,False,False
41678,0.0000,1.0000,False,False,False
41679,1.0000,0.0000,False,False,False
41680,0.0000,1.0000,False,False,False
41681,1.0000,0.0000,False,False,False
41682,1.0000,0.0000,False,False,False
41683,0.0000,1.0000,False,False,False
41684,1.0000,0.0000,False,False,False
41685,1.0000,0.0000,False,False,False
41686,1.0000,0.0000,False,False,False
41687,0.0000,1.0000,False,False,False
41688,1.0000,0.0000,False,False,False
41689,1.0000,0.0000,False,False,False
41690,1.0000,0.0000,False,False,False
41691,1.0000,0.0000,False,False,False
41692,1.0000,0.0000,False,False,False
41693,1.0000,0.0000,False,False,False
41694,1.0000,0.0000,False,False,False
41695,0.0000,1.0000,False,False,False
41696,1.0000,0.0000,False,False,False
41697,0.0000,1.0000,False,False,False
41698,1.0000,0.0000,False,False,False
41699,1.0000,0.0000,False,False,False
41700,0.0000,1.0000,False,False,False
41701,1.0000,0.0000,False,False,False
41702,1.0000,0.0000,False,False,False
41703,1.0000,0.0000,False,False,False
41704,0.0000,1.0000,False,False,False
41705,0.0000,1.0000,False,False,False
41706,1.0000,0.0000,False,False,False
41707,1.0000,0.0000,False,False,False
41708,1.0000,0.0000,False,False,False
41709,1.0000,0.0000,False,False,False
41710,1.0000,0.0000,False,False,False
41711,0.0000,1.0000,False,False,False
41712,1.0000,0.0000,False,False,False
41713,1.0000,0.0000,False,False,False
41714,1.0000,0.0000,False,False,False
41715,1.0000,0.0000,False,False,False
41716,1.0000,0.0000,False,False,False
41717,1.0000,0.0000,False,False,False
41718,1.0000,0.0000,False,False,False
41719,0.0000,1.0000,False,False,False
41720,1.0000,0.0000,False,False,False
41721,1.0000,0.0000,False,False,False
41722,1.0000,0.0000,False,False,False
41723,1.0000,0.0000,False,False,False
41724,1.0000,0.0000,False,False,False
41725,1.0000,0.0000,False,False,False
41726,0.0000,1.0000,False,False,False
41727,1.0000,0.0000,False,False,False
41728,0.0000,1.0000,False,False,False
41729,1.0000,0.0000,False,False,False
41730,1.0000,0.0000,False,False,False
41731,1.0000,0.0000,False,False,False
41732,1.0000,0.0000,False,False,False
41733,0.0000,1.0000,False,False,False
41734,0.0000,1.0000,False,False,False
41735,1.0000,0.0000,False,False,False
41736,0.0000,1.0000,False,False,False
41737,1.0000,0.0000,False,False,False
41738,0.0000,1.0000,False,False,False
41739,1.0000,0.0000,False,False,False
41740,1.0000,0.0000,False,False,False
41741,1.0000,0.0000,False,False,False
41742,0.0000,1.0000,False,False,False
41743,1.0000,0.0000,False,False,False
41744,0.0000,1.0000,False,False,False
41745,1.0000,0.0000,False,False,False
41746,1.0000,0.0000,False,False,False
41747,1.0000,0.0000,False,False,False
41748,1.0000,0.0000,False,False,False
41749,0.0000,1.0000,False,False,False
41750,1.0000,0.0000,False,False,False
41751,1.0000,0.0000,False,False,False
41752,1.0000,0.0000,False,False,False
41753,1.0000,0.0000,False,False,False
41754,1.0000,0.0000,False,False,False
41755,1.0000,0.0000,False,False,False
41756,1.0000,0.0000,False,False,False
41757,1.0000,0.0000,False,False,False
41758,1.0000,0.0000,False,False,False
41759,1.0000,0.0000,False,False,False
41760,1.0000,0.0000,False,False,False
41761,0.0000,1.0000,False,False,False
41762,1.0000,0.0000,False,False,False
41763,1.0000,0.0000,False,False,False
41764,0.0000,1.0000,False,False,False
41765,1.0000,0.0000,False,False,False
41766,1.0000,0.0000,False,False,False
41767,1.0000,0.0000,False,False,False
41768,1.0000,0.0000,False,False,False
41769,0.0000,1.0000,False,False,False
41770,1.0000,0.0000,False,False,False
41771,1.0000,0.0000,False,False,False
41772,1.0000,0.0000,False,False,False
41773,1.0000,0.0000,False,False,False
41774,1.0000,0.0000,False,False,False
41775,1.0000,0.0000,False,False,False
41776,1.0000,0.0000,False,False,False
41777,1.0000,0.0000,False,False,False
41778,0.0000,1.0000,False,False,False
41779,1.0000,0.0000,False,False,False
41780,0.0000,1.0000,False,False,False
41781,1.0000,0.0000,False,False,False
41782,1.0000,0.0000,False,False,False
41783,1.0000,0.0000,False,False,False
41784,1.0000,0.0000,False,False,False
41785,1.0000,0.0000,False,False,False
41786,1.0000,0.0000,False,False,False
41787,1.0000,0.0000,False,False,False
41788,1.0000,0.0000,False,False,False
41789,1.0000,0.0000,False,False,False
41790,1.0000,0.0000,False,False,False
41791,1.0000,0.0000,False,False,False
41792,1.0000,0.0000,False,False,False
41793,0.0000,1.0000,False,False,False
41794,0.0000,1.0000,False,False,False
41795,1.0000,0.0000,False,False,False
41796,1.0000,0.0000,False,False,False
41797,1.0000,0.0000,False,False,False
41798,1.0000,0.0000,False,False,False
41799,1.0000,0.0000,False,False,False
41800,1.0000,0.0000,False,False,False
41801,1.0000,0.0000,False,False,False
41802,1.0000,0.0000,False,False,False
41803,1.0000,0.0000,False,False,False
41804,0.0000,1.0000,False,False,False
41805,1.0000,0.0000,False,False,False
41806,1.0000,0.0000,False,False,False
41807,1.0000,0.0000,False,False,False
41808,1.0000,0.0000,False,False,False
41809,0.0000,1.0000,False,False,False
41810,1.0000,0.0000,False,False,False
41811,1.0000,0.0000,False,False,False
41812,1.0000,0.0000,False,False,False
41813,1.0000,0.0000,False,False,False
41814,1.0000,0.0000,False,False,False
41815,0.0000,1.0000,False,False,False
41816,1.0000,0.0000,False,False,False
41817,1.0000,0.0000,False,False,False
41818,1.0000,0.0000,False,False,False
41819,0.0000,1.0000,False,False,False
41820,1.0000,0.0000,False,False,False
41821,1.0000,0.0000,False,False,False
41822,1.0000,0.0000,False,False,False
41823,1.0000,0.0000,False,False,False
41824,1.0000,0.0000,False,False,False
41825,0.0000,1.0000,False,False,False
41826,1.0000,0.0000,False,False,False
41827,1.0000,0.0000,False,False,False
41828,1.0000,0.0000,False,False,False
41829,1.0000,0.0000,False,False,False
41830,1.0000,0.0000,False,False,False
41831,1.0000,0.0000,False,False,False
41832,1.0000,0.0000,False,False,False
41833,1.0000,0.0000,False,False,False
41834,1.0000,0.0000,False,False,False
41835,1.0000,0.0000,False,False,False
41836,1.0000,0.0000,False,False,False
41837,0.0000,1.0000,False,False,False
41838,1.0000,0.0000,False,False,False
41839,1.0000,0.0000,False,False,False
41840,1.0000,0.0000,False,False,False
41841,1.0000,0.0000,False,False,False
41842,0.0000,1.0000,False,False,False
41843,1.0000,0.0000,False,False,False
41844,0.0000,1.0000,False,False,False
41845,1.0000,0.0000,False,False,False
41846,1.0000,0.0000,False,False,False
41847,0.0000,1.0000,False,False,False
41848,1.0000,0.0000,False,False,False
41849,1.0000,0.0000,False,False,False
41850,1.0000,0.0000,False,False,False
41851,1.0000,0.0000,False,False,False
41852,0.0000,1.0000,False,False,False
41853,1.0000,0.0000,False,False,False
41854,1.0000,0.0000,False,False,False
41855,1.0000,0.0000,False,False,False
41856,1.0000,0.0000,False,False,False
41857,1.0000,0.0000,False,False,False
41858,0.0000,1.0000,False,False,False
41859,1.0000,0.0000,False,False,False
41860,1.0000,0.0000,False,False,False
41861,1.0000,0.0000,False,False,False
41862,1.0000,0.0000,False,False,False
41863,1.0000,0.0000,False,False,False
41864,1.0000,0.0000,False,False,False
41865,0.0000,1.0000,False,False,False
41866,1.0000,0.0000,False,False,False
41867,1.0000,0.0000,False,False,False
41868,1.0000,0.0000,False,False,False
41869,1.0000,0.0000,False,False,False
41870,0.0000,1.0000,False,False,False
41871,0.0000,1.0000,False,False,False
41872,1.0000,0.0000,False,False,False
41873,1.0000,0.0000,False,False,False
41874,1.0000,0.0000,False,False,False
41875,1.0000,0.0000,False,False,False
41876,1.0000,0.0000,False,False,False
41877,1.0000,0.0000,False,False,False
41878,0.0000,1.0000,False,False,False
41879,1.0000,0.0000,False,False,False
41880,1.0000,0.0000,False,False,False
41881,1.0000,0.0000,False,False,False
41882,1.0000,0.0000,False,False,False
41883,1.0000,0.0000,False,False,False
41884,1.0000,0.0000,False,False,False
41885,1.0000,0.0000,False,False,False
41886,1.0000,0.0000,False,False,False
41887,1.0000,0.0000,False,False,False
41888,1.0000,0.0000,False,False,False
41889,1.0000,0.0000,False,False,False
41890,1.0000,0.0000,False,False,False
41891,1.0000,0.0000,False,False,False
41892,1.0000,0.0000,False,False,False
41893,0.0000,1.0000,False,False,False
41894,1.0000,0.0000,False,False,False
41895,1.0000,0.0000,False,False,False
41896,1.0000,0.0000,False,False,False
41897,1.0000,0.0000,False,False,False
41898,1.0000,0.0000,False,False,False
41899,1.0000,0.0000,False,False,False
41900,1.0000,0.0000,False,False,False
41901,1.0000,0.0000,False,False,False
41902,0.0000,1.0000,False,False,False
41903,1.0000,0.0000,False,False,False
41904,1.0000,0.0000,False,False,False
41905,0.0000,1.0000,False,False,False
41906,1.0000,0.0000,False,False,False
41907,0.0000,1.0000,False,False,False
41908,1.0000,0.0000,False,False,False
41909,1.0000,0.0000,False,False,False
41910,1.0000,0.0000,False,False,False
41911,1.0000,0.0000,False,False,False
41912,1.0000,0.0000,False,False,False
41913,1.0000,0.0000,False,False,False
41914,1.0000,0.0000,False,False,False
41915,1.0000,0.0000,False,False,False
41916,1.0000,0.0000,False,False,False
41917,1.0000,0.0000,False,False,False
41918,1.0000,0.0000,False,False,False
41919,1.0000,0.0000,False,False,False
41920,1.0000,0.0000,False,False,False
41921,1.0000,0.0000,False,False,False
41922,1.0000,0.0000,False,False,False
41923,1.0000,0.0000,False,False,False
41924,0.0000,1.0000,False,False,False
41925,1.0000,0.0000,False,False,False
41926,0.0000,1.0000,False,False,False
41927,0.0000,1.0000,False,False,False
41928,0.0000,1.0000,False,False,False
41929,1.0000,0.0000,False,False,False
41930,1.0000,0.0000,False,False,False
41931,1.0000,0.0000,False,False,False
41932,1.0000,0.0000,False,False,False
41933,0.0000,1.0000,False,False,False
41934,1.0000,0.0000,False,False,False
41935,1.0000,0.0000,False,False,False
41936,1.0000,0.0000,False,False,False
41937,0.0000,1.0000,False,False,False
41938,1.0000,0.0000,False,False,False
41939,1.0000,0.0000,False,False,False
41940,1.0000,0.0000,False,False,False
41941,0.0000,1.0000,False,False,False
41942,0.0000,1.0000,False,False,False
41943,1.0000,0.0000,False,False,False
41944,1.0000,0.0000,False,False,False
41945,1.0000,0.0000,False,False,False
41946,1.0000,0.0000,False,False,False
41947,0.0000,1.0000,False,False,False
41948,1.0000,0.0000,False,False,False
41949,0.0000,1.0000,False,False,False
41950,0.0000,1.0000,False,False,False
41951,0.0000,1.0000,False,False,False
41952,0.0000,1.0000,False,False,False
41953,0.0000,1.0000,False,False,False
41954,1.0000,0.0000,False,False,False
41955,1.0000,0.0000,False,False,False
41956,1.0000,0.0000,False,False,False
41957,1.0000,0.0000,False,False,False
41958,1.0000,0.0000,False,False,False
41959,0.0000,1.0000,False,False,False
41960,0.0000,1.0000,False,False,False
41961,1.0000,0.0000,False,False,False
41962,1.0000,0.0000,False,False,False
41963,0.0000,1.0000,False,False,False
41964,1.0000,0.0000,False,False,False
41965,1.0000,0.0000,False,False,False
41966,1.0000,0.0000,False,False,False
41967,1.0000,0.0000,False,False,False
41968,1.0000,0.0000,False,False,False
41969,1.0000,0.0000,False,False,False
41970,0.0000,1.0000,False,False,False
41971,0.0000,1.0000,False,False,False
41972,1.0000,0.0000,False,False,False
41973,1.0000,0.0000,False,False,False
41974,1.0000,0.0000,False,False,False
41975,1.0000,0.0000,False,False,False
41976,1.0000,0.0000,False,False,False
41977,1.0000,0.0000,False,False,False
41978,1.0000,0.0000,False,False,False
41979,1.0000,0.0000,False,False,False
41980,1.0000,0.0000,False,False,False
41981,1.0000,0.0000,False,False,False
41982,1.0000,0.0000,False,False,False
41983,1.0000,0.0000,False,False,False
41984,1.0000,0.0000,False,False,False
41985,1.0000,0.0000,False,False,False
41986,1.0000,0.0000,False,False,False
41987,0.0000,1.0000,False,False,False
41988,1.0000,0.0000,False,False,False
41989,1.0000,0.0000,False,False,False
41990,1.0000,0.0000,False,False,False
41991,1.0000,0.0000,False,False,False
41992,0.0000,1.0000,False,False,False
41993,1.0000,0.0000,False,False,False
41994,1.0000,0.0000,False,False,False
41995,1.0000,0.0000,False,False,False
41996,0.0000,1.0000,False,False,False
41997,1.0000,0.0000,False,False,False
41998,1.0000,0.0000,False,False,False
41999,1.0000,0.0000,False,False,False
42000,1.0000,0.0000,False,False,False
42001,1.0000,0.0000,False,False,False
42002,1.0000,0.0000,False,False,False
42003,1.0000,0.0000,False,False,False
42004,1.0000,0.0000,False,False,False
42005,1.0000,0.0000,False,False,False
42006,1.0000,0.0000,False,False,False
42007,1.0000,0.0000,False,False,False
42008,0.0000,1.0000,False,False,False
42009,0.0000,1.0000,False,False,False
42010,0.0000,1.0000,False,False,False
42011,1.0000,0.0000,False,False,False
42012,1.0000,0.0000,False,False,False
42013,1.0000,0.0000,False,False,False
42014,0.0000,1.0000,False,False,False
42015,1.0000,0.0000,False,False,False
42016,0.0000,1.0000,False,False,False
42017,1.0000,0.0000,False,False,False
42018,0.0000,1.0000,False,False,False
42019,1.0000,0.0000,False,False,False
42020,1.0000,0.0000,False,False,False
42021,1.0000,0.0000,False,False,False
42022,1.0000,0.0000,False,False,False
42023,0.0000,1.0000,False,False,False
42024,1.0000,0.0000,False,False,False
42025,1.0000,0.0000,False,False,False
42026,1.0000,0.0000,False,False,False
42027,1.0000,0.0000,False,False,False
42028,1.0000,0.0000,False,False,False
42029,0.0000,1.0000,False,False,False
42030,1.0000,0.0000,False,False,False
42031,1.0000,0.0000,False,False,False
42032,1.0000,0.0000,False,False,False
42033,0.0000,1.0000,False,False,False
42034,0.0000,1.0000,False,False,False
42035,1.0000,0.0000,False,False,False
42036,1.0000,0.0000,False,False,False
42037,1.0000,0.0000,False,False,False
42038,1.0000,0.0000,False,False,False
42039,1.0000,0.0000,False,False,False
42040,0.0000,1.0000,False,False,False
42041,1.0000,0.0000,False,False,False
42042,1.0000,0.0000,False,False,False
42043,1.0000,0.0000,False,False,False
42044,1.0000,0.0000,False,False,False
42045,1.0000,0.0000,False,False,False
42046,1.0000,0.0000,False,False,False
42047,0.0000,1.0000,False,False,False
42048,0.0000,1.0000,False,False,False
42049,1.0000,0.0000,False,False,False
42050,1.0000,0.0000,False,False,False
42051,1.0000,0.0000,False,False,False
42052,0.0000,1.0000,False,False,False
42053,1.0000,0.0000,False,False,False
42054,1.0000,0.0000,False,False,False
42055,1.0000,0.0000,False,False,False
42056,1.0000,0.0000,False,False,False
42057,1.0000,0.0000,False,False,False
42058,0.0000,1.0000,False,False,False
42059,1.0000,0.0000,False,False,False
42060,1.0000,0.0000,False,False,False
42061,0.0000,1.0000,False,False,False
42062,1.0000,0.0000,False,False,False
42063,1.0000,0.0000,False,False,False
42064,1.0000,0.0000,False,False,False
42065,1.0000,0.0000,False,False,False
42066,1.0000,0.0000,False,False,False
42067,1.0000,0.0000,False,False,False
42068,0.0000,1.0000,False,False,False
42069,1.0000,0.0000,False,False,False
42070,0.0000,1.0000,False,False,False
42071,0.0000,1.0000,False,False,False
42072,1.0000,0.0000,False,False,False
42073,1.0000,0.0000,False,False,False
42074,1.0000,0.0000,False,False,False
42075,0.0000,1.0000,False,False,False
42076,1.0000,0.0000,False,False,False
42077,1.0000,0.0000,False,False,False
42078,1.0000,0.0000,False,False,False
42079,1.0000,0.0000,False,False,False
42080,1.0000,0.0000,False,False,False
42081,1.0000,0.0000,False,False,False
42082,1.0000,0.0000,False,False,False
42083,1.0000,0.0000,False,False,False
42084,1.0000,0.0000,False,False,False
42085,1.0000,0.0000,False,False,False
42086,1.0000,0.0000,False,False,False
42087,1.0000,0.0000,False,False,False
42088,1.0000,0.0000,False,False,False
42089,1.0000,0.0000,False,False,False
42090,0.0000,1.0000,False,False,False
42091,1.0000,0.0000,False,False,False
42092,0.0000,1.0000,False,False,False
42093,1.0000,0.0000,False,False,False
42094,1.0000,0.0000,False,False,False
42095,1.0000,0.0000,False,False,False
42096,1.0000,0.0000,False,False,False
42097,1.0000,0.0000,False,False,False
42098,1.0000,0.0000,False,False,False
42099,0.0000,1.0000,False,False,False
42100,1.0000,0.0000,False,False,False
42101,1.0000,0.0000,False,False,False
42102,1.0000,0.0000,False,False,False
42103,0.0000,1.0000,False,False,False
42104,1.0000,0.0000,False,False,False
42105,1.0000,0.0000,False,False,False
42106,1.0000,0.0000,False,False,False
42107,1.0000,0.0000,False,False,False
42108,0.0000,1.0000,False,False,False
42109,0.0000,1.0000,False,False,False
42110,1.0000,0.0000,False,False,False
42111,1.0000,0.0000,False,False,False
42112,1.0000,0.0000,False,False,False
42113,1.0000,0.0000,False,False,False
42114,0.0000,1.0000,False,False,False
42115,0.0000,1.0000,False,False,False
42116,1.0000,0.0000,False,False,False
42117,0.0000,1.0000,False,False,False
42118,1.0000,0.0000,False,False,False
42119,1.0000,0.0000,False,False,False
42120,1.0000,0.0000,False,False,False
42121,1.0000,0.0000,False,False,False
42122,1.0000,0.0000,False,False,False
42123,1.0000,0.0000,False,False,False
42124,1.0000,0.0000,False,False,False
42125,1.0000,0.0000,False,False,False
42126,0.0000,1.0000,False,False,False
42127,1.0000,0.0000,False,False,False
42128,1.0000,0.0000,False,False,False
42129,0.0000,1.0000,False,False,False
42130,1.0000,0.0000,False,False,False
42131,1.0000,0.0000,False,False,False
42132,0.0000,1.0000,False,False,False
42133,1.0000,0.0000,False,False,False
42134,1.0000,0.0000,False,False,False
42135,0.0000,1.0000,False,False,False
42136,1.0000,0.0000,False,False,False
42137,1.0000,0.0000,False,False,False
42138,1.0000,0.0000,False,False,False
42139,1.0000,0.0000,False,False,False
42140,1.0000,0.0000,False,False,False
42141,0.0000,1.0000,False,False,False
42142,1.0000,0.0000,False,False,False
42143,1.0000,0.0000,False,False,False
42144,1.0000,0.0000,False,False,False
42145,1.0000,0.0000,False,False,False
42146,1.0000,0.0000,False,False,False
42147,1.0000,0.0000,False,False,False
42148,0.0000,1.0000,False,False,False
42149,0.0000,1.0000,False,False,False
42150,1.0000,0.0000,False,False,False
42151,1.0000,0.0000,False,False,False
42152,1.0000,0.0000,False,False,False
42153,1.0000,0.0000,False,False,False
42154,1.0000,0.0000,False,False,False
42155,1.0000,0.0000,False,False,False
42156,0.0000,1.0000,False,False,False
42157,1.0000,0.0000,False,False,False
42158,1.0000,0.0000,False,False,False
42159,1.0000,0.0000,False,False,False
42160,0.0000,1.0000,False,False,False
42161,1.0000,0.0000,False,False,False
42162,1.0000,0.0000,False,False,False
42163,1.0000,0.0000,False,False,False
42164,1.0000,0.0000,False,False,False
42165,1.0000,0.0000,False,False,False
42166,0.0000,1.0000,False,False,False
42167,0.0000,1.0000,False,False,False
42168,1.0000,0.0000,False,False,False
42169,1.0000,0.0000,False,False,False
42170,1.0000,0.0000,False,False,False
42171,1.0000,0.0000,False,False,False
42172,1.0000,0.0000,False,False,False
42173,1.0000,0.0000,False,False,False
42174,1.0000,0.0000,False,False,False
42175,1.0000,0.0000,False,False,False
42176,1.0000,0.0000,False,False,False
42177,1.0000,0.0000,False,False,False
42178,1.0000,0.0000,False,False,False
42179,1.0000,0.0000,False,False,False
42180,1.0000,0.0000,False,False,False
42181,1.0000,0.0000,False,False,False
42182,1.0000,0.0000,False,False,False
42183,1.0000,0.0000,False,False,False
42184,1.0000,0.0000,False,False,False
42185,1.0000,0.0000,False,False,False
42186,1.0000,0.0000,False,False,False
42187,0.0000,1.0000,False,False,False
42188,1.0000,0.0000,False,False,False
42189,1.0000,0.0000,False,False,False
42190,1.0000,0.0000,False,False,False
42191,1.0000,0.0000,False,False,False
42192,1.0000,0.0000,False,False,False
42193,1.0000,0.0000,False,False,False
42194,0.0000,1.0000,False,False,False
42195,0.0000,1.0000,False,False,False
42196,1.0000,0.0000,False,False,False
42197,1.0000,0.0000,False,False,False
42198,1.0000,0.0000,False,False,False
42199,1.0000,0.0000,False,False,False
42200,0.0000,1.0000,False,False,False
42201,1.0000,0.0000,False,False,False
42202,0.0000,1.0000,False,False,False
42203,0.0000,1.0000,False,False,False
42204,0.0000,1.0000,False,False,False
42205,0.0000,1.0000,False,False,False
42206,1.0000,0.0000,False,False,False
42207,1.0000,0.0000,False,False,False
42208,1.0000,0.0000,False,False,False
42209,1.0000,0.0000,False,False,False
42210,1.0000,0.0000,False,False,False
42211,1.0000,0.0000,False,False,False
42212,0.0000,1.0000,False,False,False
42213,0.0000,1.0000,False,False,False
42214,1.0000,0.0000,False,False,False
42215,1.0000,0.0000,False,False,False
42216,1.0000,0.0000,False,False,False
42217,0.0000,1.0000,False,False,False
42218,1.0000,0.0000,False,False,False
42219,0.0000,1.0000,False,False,False
42220,0.0000,1.0000,False,False,False
42221,1.0000,0.0000,False,False,False
42222,1.0000,0.0000,False,False,False
42223,0.0000,1.0000,False,False,False
42224,1.0000,0.0000,False,False,False
42225,1.0000,0.0000,False,False,False
42226,1.0000,0.0000,False,False,False
42227,0.0000,1.0000,False,False,False
42228,0.0000,1.0000,False,False,False
42229,1.0000,0.0000,False,False,False
42230,1.0000,0.0000,False,False,False
42231,1.0000,0.0000,False,False,False
42232,1.0000,0.0000,False,False,False
42233,1.0000,0.0000,False,False,False
42234,1.0000,0.0000,False,False,False
42235,1.0000,0.0000,False,False,False
42236,1.0000,0.0000,False,False,False
42237,0.0000,1.0000,False,False,False
42238,0.0000,1.0000,False,False,False
42239,0.0000,1.0000,False,False,False
42240,1.0000,0.0000,False,False,False
42241,1.0000,0.0000,False,False,False
42242,1.0000,0.0000,False,False,False
42243,1.0000,0.0000,False,False,False
42244,1.0000,0.0000,False,False,False
42245,0.0000,1.0000,False,False,False
42246,1.0000,0.0000,False,False,False
42247,0.0000,1.0000,False,False,False
42248,0.0000,1.0000,False,False,False
42249,0.0000,1.0000,False,False,False
42250,1.0000,0.0000,False,False,False
42251,0.0000,1.0000,False,False,False
42252,1.0000,0.0000,False,False,False
42253,1.0000,0.0000,False,False,False
42254,1.0000,0.0000,False,False,False
42255,0.0000,1.0000,False,False,False
42256,1.0000,0.0000,False,False,False
42257,1.0000,0.0000,False,False,False
42258,1.0000,0.0000,False,False,False
42259,1.0000,0.0000,False,False,False
42260,1.0000,0.0000,False,False,False
42261,1.0000,0.0000,False,False,False
42262,0.0000,1.0000,False,False,False
42263,1.0000,0.0000,False,False,False
42264,1.0000,0.0000,False,False,False
42265,1.0000,0.0000,False,False,False
42266,1.0000,0.0000,False,False,False
42267,1.0000,0.0000,False,False,False
42268,1.0000,0.0000,False,False,False
42269,0.0000,1.0000,False,False,False
42270,1.0000,0.0000,False,False,False
42271,0.0000,1.0000,False,False,False
42272,1.0000,0.0000,False,False,False
42273,1.0000,0.0000,False,False,False
42274,1.0000,0.0000,False,False,False
42275,1.0000,0.0000,False,False,False
42276,1.0000,0.0000,False,False,False
42277,0.0000,1.0000,False,False,False
42278,0.0000,1.0000,False,False,False
42279,1.0000,0.0000,False,False,False
42280,1.0000,0.0000,False,False,False
42281,0.0000,1.0000,False,False,False
42282,1.0000,0.0000,False,False,False
42283,1.0000,0.0000,False,False,False
42284,1.0000,0.0000,False,False,False
42285,1.0000,0.0000,False,False,False
42286,1.0000,0.0000,False,False,False
42287,1.0000,0.0000,False,False,False
42288,0.0000,1.0000,False,False,False
42289,1.0000,0.0000,False,False,False
42290,0.0000,1.0000,False,False,False
42291,0.0000,1.0000,False,False,False
42292,1.0000,0.0000,False,False,False
42293,0.0000,1.0000,False,False,False
42294,1.0000,0.0000,False,False,False
42295,1.0000,0.0000,False,False,False
42296,1.0000,0.0000,False,False,False
42297,1.0000,0.0000,False,False,False
42298,1.0000,0.0000,False,False,False
42299,1.0000,0.0000,False,False,False
42300,1.0000,0.0000,False,False,False
42301,1.0000,0.0000,False,False,False
42302,1.0000,0.0000,False,False,False
42303,1.0000,0.0000,False,False,False
42304,1.0000,0.0000,False,False,False
42305,1.0000,0.0000,False,False,False
42306,0.0000,1.0000,False,False,False
42307,1.0000,0.0000,False,False,False
42308,1.0000,0.0000,False,False,False
42309,1.0000,0.0000,False,False,False
42310,1.0000,0.0000,False,False,False
42311,1.0000,0.0000,False,False,False
42312,0.0000,1.0000,False,False,False
42313,1.0000,0.0000,False,False,False
42314,1.0000,0.0000,False,False,False
42315,0.0000,1.0000,False,False,False
42316,1.0000,0.0000,False,False,False
42317,0.0000,1.0000,False,False,False
42318,0.0000,1.0000,False,False,False
42319,0.0000,1.0000,False,False,False
42320,1.0000,0.0000,False,False,False
42321,1.0000,0.0000,False,False,False
42322,1.0000,0.0000,False,False,False
42323,1.0000,0.0000,False,False,False
42324,1.0000,0.0000,False,False,False
42325,1.0000,0.0000,False,False,False
42326,1.0000,0.0000,False,False,False
42327,0.0000,1.0000,False,False,False
42328,1.0000,0.0000,False,False,False
42329,1.0000,0.0000,False,False,False
42330,1.0000,0.0000,False,False,False
42331,1.0000,0.0000,False,False,False
42332,1.0000,0.0000,False,False,False
42333,0.0000,1.0000,False,False,False
42334,1.0000,0.0000,False,False,False
42335,1.0000,0.0000,False,False,False
42336,1.0000,0.0000,False,False,False
42337,0.0000,1.0000,False,False,False
42338,1.0000,0.0000,False,False,False
42339,0.0000,1.0000,False,False,False
42340,1.0000,0.0000,False,False,False
42341,1.0000,0.0000,False,False,False
42342,0.0000,1.0000,False,False,False
42343,0.0000,1.0000,False,False,False
42344,1.0000,0.0000,False,False,False
42345,0.0000,1.0000,False,False,False
42346,1.0000,0.0000,False,False,False
42347,1.0000,0.0000,False,False,False
42348,1.0000,0.0000,False,False,False
42349,0.0000,1.0000,False,False,False
42350,1.0000,0.0000,False,False,False
42351,1.0000,0.0000,False,False,False
42352,1.0000,0.0000,False,False,False
42353,0.0000,1.0000,False,False,False
42354,1.0000,0.0000,False,False,False
42355,1.0000,0.0000,False,False,False
42356,0.0000,1.0000,False,False,False
42357,1.0000,0.0000,False,False,False
42358,0.0000,1.0000,False,False,False
42359,1.0000,0.0000,False,False,False
42360,1.0000,0.0000,False,False,False
42361,0.0000,1.0000,False,False,False
42362,1.0000,0.0000,False,False,False
42363,1.0000,0.0000,False,False,False
42364,1.0000,0.0000,False,False,False
42365,1.0000,0.0000,False,False,False
42366,1.0000,0.0000,False,False,False
42367,1.0000,0.0000,False,False,False
42368,1.0000,0.0000,False,False,False
42369,1.0000,0.0000,False,False,False
42370,0.0000,1.0000,False,False,False
42371,0.0000,1.0000,False,False,False
42372,1.0000,0.0000,False,False,False
42373,1.0000,0.0000,False,False,False
42374,1.0000,0.0000,False,False,False
42375,1.0000,0.0000,False,False,False
42376,0.0000,1.0000,False,False,False
42377,1.0000,0.0000,False,False,False
42378,1.0000,0.0000,False,False,False
42379,0.0000,1.0000,False,False,False
42380,1.0000,0.0000,False,False,False
42381,1.0000,0.0000,False,False,False
42382,0.0000,1.0000,False,False,False
42383,1.0000,0.0000,False,False,False
42384,1.0000,0.0000,False,False,False
42385,1.0000,0.0000,False,False,False
42386,1.0000,0.0000,False,False,False
42387,1.0000,0.0000,False,False,False
42388,0.0000,1.0000,False,False,False
42389,1.0000,0.0000,False,False,False
42390,1.0000,0.0000,False,False,False
42391,0.0000,1.0000,False,False,False
42392,1.0000,0.0000,False,False,False
42393,1.0000,0.0000,False,False,False
42394,1.0000,0.0000,False,False,False
42395,1.0000,0.0000,False,False,False
42396,1.0000,0.0000,False,False,False
42397,0.0000,1.0000,False,False,False
42398,0.0000,1.0000,False,False,False
42399,1.0000,0.0000,False,False,False
42400,1.0000,0.0000,False,False,False
42401,1.0000,0.0000,False,False,False
42402,0.0000,1.0000,False,False,False
42403,0.0000,1.0000,False,False,False
42404,1.0000,0.0000,False,False,False
42405,1.0000,0.0000,False,False,False
42406,1.0000,0.0000,False,False,False
42407,1.0000,0.0000,False,False,False
42408,1.0000,0.0000,False,False,False
42409,1.0000,0.0000,False,False,False
42410,1.0000,0.0000,False,False,False
42411,1.0000,0.0000,False,False,False
42412,1.0000,0.0000,False,False,False
42413,1.0000,0.0000,False,False,False
42414,1.0000,0.0000,False,False,False
42415,1.0000,0.0000,False,False,False
42416,1.0000,0.0000,False,False,False
42417,1.0000,0.0000,False,False,False
42418,1.0000,0.0000,False,False,False
42419,1.0000,0.0000,False,False,False
42420,1.0000,0.0000,False,False,False
42421,1.0000,0.0000,False,False,False
42422,1.0000,0.0000,False,False,False
42423,1.0000,0.0000,False,False,False
42424,1.0000,0.0000,False,False,False
42425,0.0000,1.0000,False,False,False
42426,1.0000,0.0000,False,False,False
42427,1.0000,0.0000,False,False,False
42428,0.0000,1.0000,False,False,False
42429,1.0000,0.0000,False,False,False
42430,1.0000,0.0000,False,False,False
42431,1.0000,0.0000,False,False,False
42432,1.0000,0.0000,False,False,False
42433,1.0000,0.0000,False,False,False
42434,1.0000,0.0000,False,False,False
42435,1.0000,0.0000,False,False,False
42436,1.0000,0.0000,False,False,False
42437,1.0000,0.0000,False,False,False
42438,0.0000,1.0000,False,False,False
42439,1.0000,0.0000,False,False,False
42440,1.0000,0.0000,False,False,False
42441,1.0000,0.0000,False,False,False
42442,1.0000,0.0000,False,False,False
42443,1.0000,0.0000,False,False,False
42444,0.0000,1.0000,False,False,False
42445,1.0000,0.0000,False,False,False
42446,1.0000,0.0000,False,False,False
42447,1.0000,0.0000,False,False,False
42448,1.0000,0.0000,False,False,False
42449,1.0000,0.0000,False,False,False
42450,1.0000,0.0000,False,False,False
42451,1.0000,0.0000,False,False,False
42452,1.0000,0.0000,False,False,False
42453,1.0000,0.0000,False,False,False
42454,1.0000,0.0000,False,False,False
42455,1.0000,0.0000,False,False,False
42456,1.0000,0.0000,False,False,False
42457,0.0000,1.0000,False,False,False
42458,1.0000,0.0000,False,False,False
42459,1.0000,0.0000,False,False,False
42460,1.0000,0.0000,False,False,False
42461,1.0000,0.0000,False,False,False
42462,1.0000,0.0000,False,False,False
42463,1.0000,0.0000,False,False,False
42464,0.0000,1.0000,False,False,False
42465,1.0000,0.0000,False,False,False
42466,1.0000,0.0000,False,False,False
42467,1.0000,0.0000,False,False,False
42468,0.0000,1.0000,False,False,False
42469,1.0000,0.0000,False,False,False
42470,1.0000,0.0000,False,False,False
42471,1.0000,0.0000,False,False,False
42472,1.0000,0.0000,False,False,False
42473,1.0000,0.0000,False,False,False
42474,1.0000,0.0000,False,False,False
42475,1.0000,0.0000,False,False,False
42476,1.0000,0.0000,False,False,False
42477,1.0000,0.0000,False,False,False
42478,0.0000,1.0000,False,False,False
42479,1.0000,0.0000,False,False,False
42480,1.0000,0.0000,False,False,False
42481,1.0000,0.0000,False,False,False
42482,1.0000,0.0000,False,False,False
42483,1.0000,0.0000,False,False,False
42484,1.0000,0.0000,False,False,False
42485,0.0000,1.0000,False,False,False
42486,1.0000,0.0000,False,False,False
42487,1.0000,0.0000,False,False,False
42488,1.0000,0.0000,False,False,False
42489,1.0000,0.0000,False,False,False
42490,1.0000,0.0000,False,False,False
42491,1.0000,0.0000,False,False,False
42492,1.0000,0.0000,False,False,False
42493,1.0000,0.0000,False,False,False
42494,1.0000,0.0000,False,False,False
42495,1.0000,0.0000,False,False,False
42496,1.0000,0.0000,False,False,False
42497,1.0000,0.0000,False,False,False
42498,0.0000,1.0000,False,False,False
42499,0.0000,1.0000,False,False,False
42500,1.0000,0.0000,True,True,False
42501,1.0000,0.0000,True,True,False
42502,1.0000,0.0000,True,True,False
42503,1.0000,0.0000,True,True,False
42504,1.0000,0.0000,True,True,False
42505,0.0000,1.0000,True,True,False
42506,1.0000,0.0000,True,True,False
42507,1.0000,0.0000,True,True,False
42508,1.0000,0.0000,True,True,False
42509,0.0000,1.0000,True,True,False
42510,0.0000,1.0000,True,False,True
42511,1.0000,0.0000,False,False,False
42512,1.0000,0.0000,False,False,False
42513,1.0000,0.0000,False,False,False
42514,1.0000,0.0000,False,False,False
42515,1.0000,0.0000,False,False,False
42516,1.0000,0.0000,False,False,False
42517,1.0000,0.0000,False,False,False
42518,1.0000,0.0000,False,False,False
42519,1.0000,0.0000,False,False,False
42520,1.0000,0.0000,False,False,False
42521,1.0000,0.0000,False,False,False
42522,0.0000,1.0000,False,False,False
42523,1.0000,0.0000,False,False,False
42524,1.0000,0.0000,False,False,False
42525,1.0000,0.0000,False,False,False
42526,1.0000,0.0000,False,False,False
42527,1.0000,0.0000,False,False,False
42528,1.0000,0.0000,False,False,False
42529,1.0000,0.0000,False,False,False
42530,1.0000,0.0000,False,False,False
42531,1.0000,0.0000,False,False,False
42532,1.0000,0.0000,False,False,False
42533,1.0000,0.0000,False,False,False
42534,1.0000,0.0000,False,False,False
42535,1.0000,0.0000,False,False,False
42536,0.0000,1.0000,False,False,False
42537,1.0000,0.0000,False,False,False
42538,0.0000,1.0000,False,False,False
42539,1.0000,0.0000,False,False,False
42540,1.0000,0.0000,False,False,False
42541,1.0000,0.0000,False,False,False
42542,1.0000,0.0000,False,False,False
42543,1.0000,0.0000,False,False,False
42544,1.0000,0.0000,False,False,False
42545,1.0000,0.0000,False,False,False
42546,1.0000,0.0000,False,False,False
42547,0.0000,1.0000,False,False,False
42548,1.0000,0.0000,False,False,False
42549,1.0000,0.0000,False,False,False
42550,1.0000,0.0000,False,False,False
42551,0.0000,1.0000,False,False,False
42552,1.0000,0.0000,False,False,False
42553,0.0000,1.0000,False,False,False
42554,1.0000,0.0000,False,False,False
42555,1.0000,0.0000,False,False,False
42556,1.0000,0.0000,False,False,False
42557,1.0000,0.0000,False,False,False
42558,0.0000,1.0000,False,False,False
42559,0.0000,1.0000,False,False,False
42560,0.0000,1.0000,False,False,False
42561,1.0000,0.0000,False,False,False
42562,1.0000,0.0000,False,False,False
42563,0.0000,1.0000,False,False,False
42564,1.0000,0.0000,False,False,False
42565,1.0000,0.0000,False,False,False
42566,1.0000,0.0000,False,False,False
42567,1.0000,0.0000,False,False,False
42568,1.0000,0.0000,False,False,False
42569,1.0000,0.0000,False,False,False
42570,1.0000,0.0000,False,False,False
42571,1.0000,0.0000,False,False,False
42572,1.0000,0.0000,False,False,False
42573,1.0000,0.0000,False,False,False
42574,1.0000,0.0000,False,False,False
42575,1.0000,0.0000,False,False,False
42576,1.0000,0.0000,False,False,False
42577,1.0000,0.0000,False,False,False
42578,1.0000,0.0000,False,False,False
42579,1.0000,0.0000,False,False,False
42580,0.0000,1.0000,False,False,False
42581,1.0000,0.0000,False,False,False
42582,1.0000,0.0000,False,False,False
42583,1.0000,0.0000,False,False,False
42584,0.0000,1.0000,False,False,False
42585,1.0000,0.0000,False,False,False
42586,1.0000,0.0000,False,False,False
42587,1.0000,0.0000,False,False,False
42588,1.0000,0.0000,False,False,False
42589,0.0000,1.0000,False,False,False
42590,1.0000,0.0000,False,False,False
42591,1.0000,0.0000,False,False,False
42592,1.0000,0.0000,False,False,False
42593,1.0000,0.0000,False,False,False
42594,0.0000,1.0000,False,False,False
42595,1.0000,0.0000,False,False,False
42596,1.0000,0.0000,False,False,False
42597,1.0000,0.0000,False,False,False
42598,1.0000,0.0000,False,False,False
42599,1.0000,0.0000,False,False,False
42600,0.0000,1.0000,False,False,False
42601,1.0000,0.0000,False,False,False
42602,1.0000,0.0000,False,False,False
42603,0.0000,1.0000,False,False,False
42604,1.0000,0.0000,False,False,False
42605,1.0000,0.0000,False,False,False
42606,1.0000,0.0000,False,False,False
42607,0.0000,1.0000,False,False,False
42608,1.0000,0.0000,False,False,False
42609,1.0000,0.0000,False,False,False
42610,1.0000,0.0000,False,False,False
42611,1.0000,0.0000,False,False,False
42612,1.0000,0.0000,False,False,False
42613,0.0000,1.0000,False,False,False
42614,1.0000,0.0000,False,False,False
42615,1.0000,0.0000,False,False,False
42616,1.0000,0.0000,False,False,False
42617,0.0000,1.0000,False,False,False
42618,0.0000,1.0000,False,False,False
42619,0.0000,1.0000,False,False,False
42620,1.0000,0.0000,False,False,False
42621,0.0000,1.0000,False,False,False
42622,0.0000,1.0000,False,False,False
42623,1.0000,0.0000,False,False,False
42624,1.0000,0.0000,False,False,False
42625,1.0000,0.0000,False,False,False
42626,1.0000,0.0000,False,False,False
42627,1.0000,0.0000,False,False,False
42628,1.0000,0.0000,False,False,False
42629,1.0000,0.0000,False,False,False
42630,1.0000,0.0000,False,False,False
42631,1.0000,0.0000,False,False,False
42632,1.0000,0.0000,False,False,False
42633,1.0000,0.0000,False,False,False
42634,0.0000,1.0000,False,False,False
42635,1.0000,0.0000,False,False,False
42636,1.0000,0.0000,False,False,False
42637,1.0000,0.0000,False,False,False
42638,1.0000,0.0000,False,False,False
42639,0.0000,1.0000,False,False,False
42640,1.0000,0.0000,False,False,False
42641,0.0000,1.0000,False,False,False
42642,1.0000,0.0000,False,False,False
42643,1.0000,0.0000,False,False,False
42644,1.0000,0.0000,False,False,False
42645,0.0000,1.0000,False,False,False
42646,1.0000,0.0000,False,False,False
42647,1.0000,0.0000,False,False,False
42648,0.0000,1.0000,False,False,False
42649,0.0000,1.0000,False,False,False
42650,0.0000,1.0000,False,False,False
42651,1.0000,0.0000,False,False,False
42652,1.0000,0.0000,False,False,False
42653,1.0000,0.0000,False,False,False
42654,1.0000,0.0000,False,False,False
42655,1.0000,0.0000,False,False,False
42656,1.0000,0.0000,False,False,False
42657,1.0000,0.0000,False,False,False
42658,1.0000,0.0000,False,False,False
42659,1.0000,0.0000,False,False,False
42660,1.0000,0.0000,False,False,False
42661,0.0000,1.0000,False,False,False
42662,0.0000,1.0000,False,False,False
42663,1.0000,0.0000,False,False,False
42664,1.0000,0.0000,False,False,False
42665,1.0000,0.0000,False,False,False
42666,1.0000,0.0000,False,False,False
42667,0.0000,1.0000,False,False,False
42668,1.0000,0.0000,False,False,False
42669,1.0000,0.0000,False,False,False
42670,1.0000,0.0000,False,False,False
42671,1.0000,0.0000,False,False,False
42672,1.0000,0.0000,False,False,False
42673,1.0000,0.0000,False,False,False
42674,1.0000,0.0000,False,False,False
42675,1.0000,0.0000,False,False,False
42676,1.0000,0.0000,False,False,False
42677,1.0000,0.0000,False,False,False
42678,0.0000,1.0000,False,False,False
42679,1.0000,0.0000,False,False,False
42680,1.0000,0.0000,False,False,False
42681,1.0000,0.0000,False,False,False
42682,1.0000,0.0000,False,False,False
42683,1.0000,0.0000,False,False,False
42684,1.0000,0.0000,False,False,False
42685,1.0000,0.0000,False,False,False
42686,1.0000,0.0000,False,False,False
42687,0.0000,1.0000,False,False,False
42688,1.0000,0.0000,False,False,False
42689,1.0000,0.0000,False,False,False
42690,0.0000,1.0000,False,False,False
42691,1.0000,0.0000,False,False,False
42692,1.0000,0.0000,False,False,False
42693,0.0000,1.0000,False,False,False
42694,1.0000,0.0000,False,False,False
42695,0.0000,1.0000,False,False,False
42696,1.0000,0.0000,False,False,False
42697,1.0000,0.0000,False,False,False
42698,1.0000,0.0000,False,False,False
42699,1.0000,0.0000,False,False,False
42700,1.0000,0.0000,False,False,False
42701,1.0000,0.0000,False,False,False
42702,0.0000,1.0000,False,False,False
42703,1.0000,0.0000,False,False,False
42704,0.0000,1.0000,False,False,False
42705,1.0000,0.0000,False,False,False
42706,1.0000,0.0000,False,False,False
42707,1.0000,0.0000,False,False,False
42708,0.0000,1.0000,False,False,False
42709,0.0000,1.0000,False,False,False
42710,1.0000,0.0000,False,False,False
42711,1.0000,0.0000,False,False,False
42712,0.0000,1.0000,False,False,False
42713,1.0000,0.0000,False,False,False
42714,0.0000,1.0000,False,False,False
42715,1.0000,0.0000,False,False,False
42716,1.0000,0.0000,False,False,False
42717,0.0000,1.0000,False,False,False
42718,1.0000,0.0000,False,False,False
42719,1.0000,0.0000,False,False,False
42720,1.0000,0.0000,False,False,False
42721,0.0000,1.0000,False,False,False
42722,1.0000,0.0000,False,False,False
42723,1.0000,0.0000,False,False,False
42724,0.0000,1.0000,False,False,False
42725,1.0000,0.0000,False,False,False
42726,0.0000,1.0000,False,False,False
42727,0.0000,1.0000,False,False,False
42728,1.0000,0.0000,False,False,False
42729,0.0000,1.0000,False,False,False
42730,1.0000,0.0000,False,False,False
42731,1.0000,0.0000,False,False,False
42732,1.0000,0.0000,False,False,False
42733,1.0000,0.0000,False,False,False
42734,1.0000,0.0000,False,False,False
42735,1.0000,0.0000,False,False,False
42736,1.0000,0.0000,False,False,False
42737,1.0000,0.0000,False,False,False
42738,1.0000,0.0000,False,False,False
42739,1.0000,0.0000,False,False,False
42740,1.0000,0.0000,False,False,False
42741,1.0000,0.0000,False,False,False
42742,0.0000,1.0000,False,False,False
42743,1.0000,0.0000,False,False,False
42744,0.0000,1.0000,False,False,False
42745,1.0000,0.0000,False,False,False
42746,1.0000,0.0000,False,False,False
42747,1.0000,0.0000,False,False,False
42748,1.0000,0.0000,False,False,False
42749,1.0000,0.0000,False,False,False
42750,1.0000,0.0000,False,False,False
42751,1.0000,0.0000,False,False,False
42752,1.0000,0.0000,False,False,False
42753,1.0000,0.0000,False,False,False
42754,1.0000,0.0000,False,False,False
42755,0.0000,1.0000,False,False,False
42756,1.0000,0.0000,False,False,False
42757,0.0000,1.0000,False,False,False
42758,1.0000,0.0000,False,False,False
42759,0.0000,1.0000,False,False,False
42760,1.0000,0.0000,False,False,False
42761,1.0000,0.0000,False,False,False
42762,1.0000,0.0000,False,False,False
42763,0.0000,1.0000,False,False,False
42764,0.0000,1.0000,False,False,False
42765,1.0000,0.0000,False,False,False
42766,1.0000,0.0000,False,False,False
42767,1.0000,0.0000,False,False,False
42768,1.0000,0.0000,False,False,False
42769,1.0000,0.0000,False,False,False
42770,0.0000,1.0000,False,False,False
42771,1.0000,0.0000,False,False,False
42772,1.0000,0.0000,False,False,False
42773,1.0000,0.0000,False,False,False
42774,1.0000,0.0000,False,False,False
42775,1.0000,0.0000,False,False,False
42776,1.0000,0.0000,False,False,False
42777,1.0000,0.0000,False,False,False
42778,1.0000,0.0000,False,False,False
42779,1.0000,0.0000,False,False,False
42780,1.0000,0.0000,False,False,False
42781,0.0000,1.0000,False,False,False
42782,0.0000,1.0000,False,False,False
42783,1.0000,0.0000,False,False,False
42784,0.0000,1.0000,False,False,False
42785,1.0000,0.0000,False,False,False
42786,1.0000,0.0000,False,False,False
42787,1.0000,0.0000,False,False,False
42788,1.0000,0.0000,False,False,False
42789,1.0000,0.0000,False,False,False
42790,1.0000,0.0000,False,False,False
42791,1.0000,0.0000,False,False,False
42792,1.0000,0.0000,False,False,False
42793,1.0000,0.0000,False,False,False
42794,1.0000,0.0000,False,False,False
42795,1.0000,0.0000,False,False,False
42796,1.0000,0.0000,False,False,False
42797,0.0000,1.0000,False,False,False
42798,1.0000,0.0000,False,False,False
42799,0.0000,1.0000,False,False,False
42800,1.0000,0.0000,False,False,False
42801,1.0000,0.0000,False,False,False
42802,1.0000,0.0000,False,False,False
42803,1.0000,0.0000,False,False,False
42804,1.0000,0.0000,False,False,False
42805,0.0000,1.0000,False,False,False
42806,1.0000,0.0000,False,False,False
42807,1.0000,0.0000,False,False,False
42808,0.0000,1.0000,False,False,False
42809,1.0000,0.0000,False,False,False
42810,1.0000,0.0000,False,False,False
42811,0.0000,1.0000,False,False,False
42812,1.0000,0.0000,False,False,False
42813,1.0000,0.0000,False,False,False
42814,1.0000,0.0000,False,False,False
42815,1.0000,0.0000,False,False,False
42816,1.0000,0.0000,False,False,False
42817,1.0000,0.0000,False,False,False
42818,1.0000,0.0000,False,False,False
42819,1.0000,0.0000,False,False,False
42820,1.0000,0.0000,False,False,False
42821,0.0000,1.0000,False,False,False
42822,0.0000,1.0000,False,False,False
42823,1.0000,0.0000,False,False,False
42824,1.0000,0.0000,False,False,False
42825,1.0000,0.0000,False,False,False
42826,1.0000,0.0000,False,False,False
42827,1.0000,0.0000,False,False,False
42828,0.0000,1.0000,False,False,False
42829,1.0000,0.0000,False,False,False
42830,1.0000,0.0000,False,False,False
42831,1.0000,0.0000,False,False,False
42832,1.0000,0.0000,False,False,False
42833,1.0000,0.0000,False,False,False
42834,1.0000,0.0000,False,False,False
42835,1.0000,0.0000,False,False,False
42836,1.0000,0.0000,False,False,False
42837,0.0000,1.0000,False,False,False
42838,1.0000,0.0000,False,False,False
42839,1.0000,0.0000,False,False,False
42840,1.0000,0.0000,False,False,False
42841,0.0000,1.0000,False,False,False
42842,0.0000,1.0000,False,False,False
42843,1.0000,0.0000,False,False,False
42844,1.0000,0.0000,False,False,False
42845,1.0000,0.0000,False,False,False
42846,1.0000,0.0000,False,False,False
42847,1.0000,0.0000,False,False,False
42848,1.0000,0.0000,False,False,False
42849,1.0000,0.0000,False,False,False
42850,1.0000,0.0000,False,False,False
42851,1.0000,0.0000,False,False,False
42852,0.0000,1.0000,False,False,False
42853,0.0000,1.0000,False,False,False
42854,1.0000,0.0000,False,False,False
42855,1.0000,0.0000,False,False,False
42856,1.0000,0.0000,False,False,False
42857,1.0000,0.0000,False,False,False
42858,1.0000,0.0000,False,False,False
42859,0.0000,1.0000,False,False,False
42860,1.0000,0.0000,False,False,False
42861,1.0000,0.0000,False,False,False
42862,0.0000,1.0000,False,False,False
42863,1.0000,0.0000,False,False,False
42864,1.0000,0.0000,False,False,False
42865,1.0000,0.0000,False,False,False
42866,1.0000,0.0000,False,False,False
42867,0.0000,1.0000,False,False,False
42868,1.0000,0.0000,False,False,False
42869,1.0000,0.0000,False,False,False
42870,0.0000,1.0000,False,False,False
42871,1.0000,0.0000,False,False,False
42872,1.0000,0.0000,False,False,False
42873,0.0000,1.0000,False,False,False
42874,1.0000,0.0000,False,False,False
42875,1.0000,0.0000,False,False,False
42876,1.0000,0.0000,False,False,False
42877,1.0000,0.0000,False,False,False
42878,1.0000,0.0000,False,False,False
42879,0.0000,1.0000,False,False,False
42880,1.0000,0.0000,False,False,False
42881,1.0000,0.0000,False,False,False
42882,1.0000,0.0000,False,False,False
42883,1.0000,0.0000,False,False,False
42884,1.0000,0.0000,False,False,False
42885,0.0000,1.0000,False,False,False
42886,0.0000,1.0000,False,False,False
42887,1.0000,0.0000,False,False,False
42888,0.0000,1.0000,False,False,False
42889,0.0000,1.0000,False,False,False
42890,1.0000,0.0000,False,False,False
42891,1.0000,0.0000,False,False,False
42892,0.0000,1.0000,False,False,False
42893,1.0000,0.0000,False,False,False
42894,1.0000,0.0000,False,False,False
42895,0.0000,1.0000,False,False,False
42896,1.0000,0.0000,False,False,False
42897,1.0000,0.0000,False,False,False
42898,1.0000,0.0000,False,False,False
42899,0.0000,1.0000,False,False,False
42900,1.0000,0.0000,False,False,False
42901,1.0000,0.0000,False,False,False
42902,0.0000,1.0000,False,False,False
42903,1.0000,0.0000,False,False,False
42904,1.0000,0.0000,False,False,False
42905,0.0000,1.0000,False,False,False
42906,1.0000,0.0000,False,False,False
42907,0.0000,1.0000,False,False,False
42908,1.0000,0.0000,False,False,False
42909,1.0000,0.0000,False,False,False
42910,1.0000,0.0000,False,False,False
42911,0.0000,1.0000,False,False,False
42912,1.0000,0.0000,False,False,False
42913,1.0000,0.0000,False,False,False
42914,0.0000,1.0000,False,False,False
42915,1.0000,0.0000,False,False,False
42916,1.0000,0.0000,False,False,False
42917,1.0000,0.0000,False,False,False
42918,1.0000,0.0000,False,False,False
42919,1.0000,0.0000,False,False,False
42920,1.0000,0.0000,False,False,False
42921,1.0000,0.0000,False,False,False
42922,0.0000,1.0000,False,False,False
42923,1.0000,0.0000,False,False,False
42924,1.0000,0.0000,False,False,False
42925,1.0000,0.0000,False,False,False
42926,1.0000,0.0000,False,False,False
42927,1.0000,0.0000,False,False,False
42928,1.0000,0.0000,False,False,False
42929,1.0000,0.0000,False,False,False
42930,0.0000,1.0000,False,False,False
42931,1.0000,0.0000,False,False,False
42932,1.0000,0.0000,False,False,False
42933,1.0000,0.0000,False,False,False
42934,1.0000,0.0000,False,False,False
42935,1.0000,0.0000,False,False,False
42936,1.0000,0.0000,False,False,False
42937,0.0000,1.0000,False,False,False
42938,1.0000,0.0000,False,False,False
42939,1.0000,0.0000,False,False,False
42940,0.0000,1.0000,False,False,False
42941,1.0000,0.0000,False,False,False
42942,1.0000,0.0000,False,False,False
42943,1.0000,0.0000,False,False,False
42944,1.0000,0.0000,False,False,False
42945,1.0000,0.0000,False,False,False
42946,1.0000,0.0000,False,False,False
42947,1.0000,0.0000,False,False,False
42948,1.0000,0.0000,False,False,False
42949,1.0000,0.0000,False,False,False
42950,0.0000,1.0000,False,False,False
42951,1.0000,0.0000,False,False,False
42952,1.0000,0.0000,False,False,False
42953,1.0000,0.0000,False,False,False
42954,1.0000,0.0000,False,False,False
42955,1.0000,0.0000,False,False,False
42956,1.0000,0.0000,False,False,False
42957,1.0000,0.0000,False,False,False
42958,1.0000,0.0000,False,False,False
42959,1.0000,0.0000,False,False,False
42960,0.0000,1.0000,False,False,False
42961,1.0000,0.0000,False,False,False
42962,1.0000,0.0000,False,False,False
42963,1.0000,0.0000,False,False,False
42964,1.0000,0.0000,False,False,False
42965,1.0000,0.0000,False,False,False
42966,0.0000,1.0000,False,False,False
42967,1.0000,0.0000,False,False,False
42968,1.0000,0.0000,False,False,False
42969,1.0000,0.0000,False,False,False
42970,1.0000,0.0000,False,False,False
42971,1.0000,0.0000,False,False,False
42972,0.0000,1.0000,False,False,False
42973,1.0000,0.0000,False,False,False
42974,0.0000,1.0000,False,False,False
42975,1.0000,0.0000,False,False,False
42976,1.0000,0.0000,False,False,False
42977,1.0000,0.0000,False,False,False
42978,1.0000,0.0000,False,False,False
42979,1.0000,0.0000,False,False,False
42980,0.0000,1.0000,False,False,False
42981,1.0000,0.0000,False,False,False
42982,1.0000,0.0000,False,False,False
42983,1.0000,0.0000,False,False,False
42984,0.0000,1.0000,False,False,False
42985,1.0000,0.0000,False,False,False
42986,1.0000,0.0000,False,False,False
42987,1.0000,0.0000,False,False,False
42988,1.0000,0.0000,False,False,False
42989,1.0000,0.0000,False,False,False
42990,1.0000,0.0000,False,False,False
42991,1.0000,0.0000,False,False,False
42992,1.0000,0.0000,False,False,False
42993,1.0000,0.0000,False,False,False
42994,0.0000,1.0000,False,False,False
42995,1.0000,0.0000,False,False,False
42996,1.0000,0.0000,False,False,False
42997,1.0000,0.0000,False,False,False
42998,1.0000,0.0000,False,False,False
42999,1.0000,0.0000,False,False,False
43000,1.0000,0.0000,False,False,False
43001,1.0000,0.0000,False,False,False
43002,1.0000,0.0000,False,False,False
43003,0.0000,1.0000,False,False,False
43004,0.0000,1.0000,False,False,False
43005,0.0000,1.0000,False,False,False
43006,1.0000,0.0000,False,False,False
43007,0.0000,1.0000,False,False,False
43008,1.0000,0.0000,False,False,False
43009,1.0000,0.0000,False,False,False
43010,0.0000,1.0000,False,False,False
43011,1.0000,0.0000,False,False,False
43012,1.0000,0.0000,False,False,False
43013,1.0000,0.0000,False,False,False
43014,0.0000,1.0000,False,False,False
43015,0.0000,1.0000,False,False,False
43016,1.0000,0.0000,False,False,False
43017,1.0000,0.0000,False,False,False
43018,0.0000,1.0000,False,False,False
43019,1.0000,0.0000,False,False,False
43020,1.0000,0.0000,False,False,False
43021,1.0000,0.0000,False,False,False
43022,1.0000,0.0000,False,False,False
43023,0.0000,1.0000,False,False,False
43024,1.0000,0.0000,False,False,False
43025,0.0000,1.0000,False,False,False
43026,1.0000,0.0000,False,False,False
43027,1.0000,0.0000,False,False,False
43028,1.0000,0.0000,False,False,False
43029,1.0000,0.0000,False,False,False
43030,1.0000,0.0000,False,False,False
43031,1.0000,0.0000,False,False,False
43032,0.0000,1.0000,False,False,False
43033,1.0000,0.0000,False,False,False
43034,1.0000,0.0000,False,False,False
43035,1.0000,0.0000,False,False,False
43036,1.0000,0.0000,False,False,False
43037,1.0000,0.0000,False,False,False
43038,0.0000,1.0000,False,False,False
43039,1.0000,0.0000,False,False,False
43040,1.0000,0.0000,False,False,False
43041,0.0000,1.0000,False,False,False
43042,1.0000,0.0000,False,False,False
43043,1.0000,0.0000,False,False,False
43044,1.0000,0.0000,False,False,False
43045,0.0000,1.0000,False,False,False
43046,1.0000,0.0000,False,False,False
43047,1.0000,0.0000,False,False,False
43048,1.0000,0.0000,False,False,False
43049,1.0000,0.0000,False,False,False
43050,1.0000,0.0000,False,False,False
43051,1.0000,0.0000,False,False,False
43052,1.0000,0.0000,False,False,False
43053,1.0000,0.0000,False,False,False
43054,1.0000,0.0000,False,False,False
43055,1.0000,0.0000,False,False,False
43056,1.0000,0.0000,False,False,False
43057,1.0000,0.0000,False,False,False
43058,0.0000,1.0000,False,False,False
43059,1.0000,0.0000,False,False,False
43060,0.0000,1.0000,False,False,False
43061,0.0000,1.0000,False,False,False
43062,1.0000,0.0000,False,False,False
43063,1.0000,0.0000,False,False,False
43064,1.0000,0.0000,False,False,False
43065,1.0000,0.0000,False,False,False
43066,1.0000,0.0000,False,False,False
43067,0.0000,1.0000,False,False,False
43068,0.0000,1.0000,False,False,False
43069,0.0000,1.0000,False,False,False
43070,1.0000,0.0000,False,False,False
43071,0.0000,1.0000,False,False,False
43072,1.0000,0.0000,False,False,False
43073,1.0000,0.0000,False,False,False
43074,0.0000,1.0000,False,False,False
43075,1.0000,0.0000,False,False,False
43076,1.0000,0.0000,False,False,False
43077,1.0000,0.0000,False,False,False
43078,1.0000,0.0000,False,False,False
43079,0.0000,1.0000,False,False,False
43080,1.0000,0.0000,False,False,False
43081,1.0000,0.0000,False,False,False
43082,0.0000,1.0000,False,False,False
43083,0.0000,1.0000,False,False,False
43084,1.0000,0.0000,False,False,False
43085,0.0000,1.0000,False,False,False
43086,0.0000,1.0000,False,False,False
43087,1.0000,0.0000,False,False,False
43088,1.0000,0.0000,False,False,False
43089,1.0000,0.0000,False,False,False
43090,1.0000,0.0000,False,False,False
43091,1.0000,0.0000,False,False,False
43092,1.0000,0.0000,False,False,False
43093,0.0000,1.0000,False,False,False
43094,1.0000,0.0000,False,False,False
43095,1.0000,0.0000,False,False,False
43096,1.0000,0.0000,False,False,False
43097,1.0000,0.0000,False,False,False
43098,1.0000,0.0000,False,False,False
43099,1.0000,0.0000,False,False,False
43100,1.0000,0.0000,False,False,False
43101,0.0000,1.0000,False,False,False
43102,1.0000,0.0000,False,False,False
43103,0.0000,1.0000,False,False,False
43104,0.0000,1.0000,False,False,False
43105,0.0000,1.0000,False,False,False
43106,1.0000,0.0000,False,False,False
43107,1.0000,0.0000,False,False,False
43108,1.0000,0.0000,False,False,False
43109,1.0000,0.0000,False,False,False
43110,1.0000,0.0000,False,False,False
43111,1.0000,0.0000,False,False,False
43112,1.0000,0.0000,False,False,False
43113,1.0000,0.0000,False,False,False
43114,1.0000,0.0000,False,False,False
43115,1.0000,0.0000,False,False,False
43116,1.0000,0.0000,False,False,False
43117,1.0000,0.0000,False,False,False
43118,0.0000,1.0000,False,False,False
43119,1.0000,0.0000,False,False,False
43120,1.0000,0.0000,False,False,False
43121,1.0000,0.0000,False,False,False
43122,1.0000,0.0000,False,False,False
43123,0.0000,1.0000,False,False,False
43124,1.0000,0.0000,False,False,False
43125,1.0000,0.0000,False,False,False
43126,1.0000,0.0000,False,False,False
43127,1.0000,0.0000,False,False,False
43128,0.0000,1.0000,False,False,False
43129,1.0000,0.0000,False,False,False
43130,1.0000,0.0000,False,False,False
43131,1.0000,0.0000,False,False,False
43132,1.0000,0.0000,False,False,False
43133,0.0000,1.0000,False,False,False
43134,0.0000,1.0000,False,False,False
43135,0.0000,1.0000,False,False,False
43136,1.0000,0.0000,False,False,False
43137,1.0000,0.0000,False,False,False
43138,0.0000,1.0000,False,False,False
43139,1.0000,0.0000,False,False,False
43140,1.0000,0.0000,False,False,False
43141,0.0000,1.0000,False,False,False
43142,1.0000,0.0000,False,False,False
43143,1.0000,0.0000,False,False,False
43144,1.0000,0.0000,False,False,False
43145,1.0000,0.0000,False,False,False
43146,1.0000,0.0000,False,False,False
43147,0.0000,1.0000,False,False,False
43148,1.0000,0.0000,False,False,False
43149,0.0000,1.0000,False,False,False
43150,1.0000,0.0000,False,False,False
43151,1.0000,0.0000,False,False,False
43152,1.0000,0.0000,False,False,False
43153,0.0000,1.0000,False,False,False
43154,1.0000,0.0000,False,False,False
43155,0.0000,1.0000,False,False,False
43156,1.0000,0.0000,False,False,False
43157,1.0000,0.0000,False,False,False
43158,1.0000,0.0000,False,False,False
43159,0.0000,1.0000,False,False,False
43160,1.0000,0.0000,False,False,False
43161,0.0000,1.0000,False,False,False
43162,1.0000,0.0000,False,False,False
43163,1.0000,0.0000,False,False,False
43164,1.0000,0.0000,False,False,False
43165,1.0000,0.0000,False,False,False
43166,1.0000,0.0000,False,False,False
43167,1.0000,0.0000,False,False,False
43168,1.0000,0.0000,False,False,False
43169,0.0000,1.0000,False,False,False
43170,0.0000,1.0000,False,False,False
43171,1.0000,0.0000,False,False,False
43172,1.0000,0.0000,False,False,False
43173,0.0000,1.0000,False,False,False
43174,1.0000,0.0000,False,False,False
43175,1.0000,0.0000,False,False,False
43176,1.0000,0.0000,False,False,False
43177,0.0000,1.0000,False,False,False
43178,1.0000,0.0000,False,False,False
43179,1.0000,0.0000,False,False,False
43180,1.0000,0.0000,False,False,False
43181,1.0000,0.0000,False,False,False
43182,1.0000,0.0000,False,False,False
43183,1.0000,0.0000,False,False,False
43184,1.0000,0.0000,False,False,False
43185,1.0000,0.0000,False,False,False
43186,1.0000,0.0000,False,False,False
43187,1.0000,0.0000,False,False,False
43188,0.0000,1.0000,False,False,False
43189,1.0000,0.0000,False,False,False
43190,0.0000,1.0000,False,False,False
43191,1.0000,0.0000,False,False,False
43192,1.0000,0.0000,False,False,False
43193,1.0000,0.0000,False,False,False
43194,0.0000,1.0000,False,False,False
43195,1.0000,0.0000,False,False,False
43196,1.0000,0.0000,False,False,False
43197,1.0000,0.0000,False,False,False
43198,1.0000,0.0000,False,False,False
43199,1.0000,0.0000,False,False,False
43200,1.0000,0.0000,False,False,False
43201,0.0000,1.0000,False,False,False
43202,1.0000,0.0000,False,False,False
43203,0.0000,1.0000,False,False,False
43204,1.0000,0.0000,False,False,False
43205,0.0000,1.0000,False,False,False
43206,1.0000,0.0000,False,False,False
43207,1.0000,0.0000,False,False,False
43208,0.0000,1.0000,False,False,False
43209,1.0000,0.0000,False,False,False
43210,1.0000,0.0000,False,False,False
43211,1.0000,0.0000,False,False,False
43212,1.0000,0.0000,False,False,False
43213,1.0000,0.0000,False,False,False
43214,1.0000,0.0000,False,False,False
43215,0.0000,1.0000,False,False,False
43216,1.0000,0.0000,False,False,False
43217,1.0000,0.0000,False,False,False
43218,0.0000,1.0000,False,False,False
43219,1.0000,0.0000,False,False,False
43220,1.0000,0.0000,False,False,False
43221,1.0000,0.0000,False,False,False
43222,1.0000,0.0000,False,False,False
43223,1.0000,0.0000,False,False,False
43224,1.0000,0.0000,False,False,False
43225,1.0000,0.0000,False,False,False
43226,1.0000,0.0000,False,False,False
43227,1.0000,0.0000,False,False,False
43228,0.0000,1.0000,False,False,False
43229,1.0000,0.0000,False,False,False
43230,0.0000,1.0000,False,False,False
43231,1.0000,0.0000,False,False,False
43232,0.0000,1.0000,False,False,False
43233,1.0000,0.0000,False,False,False
43234,1.0000,0.0000,False,False,False
43235,1.0000,0.0000,False,False,False
43236,1.0000,0.0000,False,False,False
43237,1.0000,0.0000,False,False,False
43238,1.0000,0.0000,False,False,False
43239,1.0000,0.0000,False,False,False
43240,1.0000,0.0000,False,False,False
43241,1.0000,0.0000,False,False,False
43242,1.0000,0.0000,False,False,False
43243,1.0000,0.0000,False,False,False
43244,0.0000,1.0000,False,False,False
43245,1.0000,0.0000,False,False,False
43246,1.0000,0.0000,False,False,False
43247,1.0000,0.0000,False,False,False
43248,0.0000,1.0000,False,False,False
43249,0.0000,1.0000,False,False,False
43250,1.0000,0.0000,False,False,False
43251,1.0000,0.0000,False,False,False
43252,0.0000,1.0000,False,False,False
43253,1.0000,0.0000,False,False,False
43254,1.0000,0.0000,False,False,False
43255,1.0000,0.0000,False,False,False
43256,0.0000,1.0000,False,False,False
43257,1.0000,0.0000,False,False,False
43258,1.0000,0.0000,False,False,False
43259,0.0000,1.0000,False,False,False
43260,0.0000,1.0000,False,False,False
43261,1.0000,0.0000,False,False,False
43262,0.0000,1.0000,False,False,False
43263,1.0000,0.0000,False,False,False
43264,1.0000,0.0000,False,False,False
43265,1.0000,0.0000,False,False,False
43266,1.0000,0.0000,False,False,False
43267,0.0000,1.0000,False,False,False
43268,1.0000,0.0000,False,False,False
43269,1.0000,0.0000,False,False,False
43270,0.0000,1.0000,False,False,False
43271,1.0000,0.0000,False,False,False
43272,1.0000,0.0000,False,False,False
43273,1.0000,0.0000,False,False,False
43274,1.0000,0.0000,False,False,False
43275,1.0000,0.0000,False,False,False
43276,0.0000,1.0000,False,False,False
43277,1.0000,0.0000,False,False,False
43278,1.0000,0.0000,False,False,False
43279,1.0000,0.0000,False,False,False
43280,1.0000,0.0000,False,False,False
43281,1.0000,0.0000,False,False,False
43282,1.0000,0.0000,False,False,False
43283,1.0000,0.0000,False,False,False
43284,1.0000,0.0000,False,False,False
43285,1.0000,0.0000,False,False,False
43286,1.0000,0.0000,False,False,False
43287,1.0000,0.0000,False,False,False
43288,1.0000,0.0000,False,False,False
43289,1.0000,0.0000,False,False,False
43290,1.0000,0.0000,False,False,False
43291,1.0000,0.0000,False,False,False
43292,1.0000,0.0000,False,False,False
43293,1.0000,0.0000,False,False,False
43294,1.0000,0.0000,False,False,False
43295,1.0000,0.0000,False,False,False
43296,1.0000,0.0000,False,False,False
43297,1.0000,0.0000,False,False,False
43298,0.0000,1.0000,False,False,False
43299,1.0000,0.0000,False,False,False
43300,1.0000,0.0000,False,False,False
43301,1.0000,0.0000,False,False,False
43302,1.0000,0.0000,False,False,False
43303,0.0000,1.0000,False,False,False
43304,1.0000,0.0000,False,False,False
43305,0.0000,1.0000,False,False,False
43306,1.0000,0.0000,False,False,False
43307,1.0000,0.0000,False,False,False
43308,1.0000,0.0000,False,False,False
43309,0.0000,1.0000,False,False,False
43310,1.0000,0.0000,False,False,False
43311,0.0000,1.0000,False,False,False
43312,0.0000,1.0000,False,False,False
43313,1.0000,0.0000,False,False,False
43314,1.0000,0.0000,False,False,False
43315,1.0000,0.0000,False,False,False
43316,0.0000,1.0000,False,False,False
43317,1.0000,0.0000,False,False,False
43318,1.0000,0.0000,False,False,False
43319,1.0000,0.0000,False,False,False
43320,0.0000,1.0000,False,False,False
43321,1.0000,0.0000,False,False,False
43322,0.0000,1.0000,False,False,False
43323,1.0000,0.0000,False,False,False
43324,1.0000,0.0000,False,False,False
43325,1.0000,0.0000,False,False,False
43326,1.0000,0.0000,False,False,False
43327,0.0000,1.0000,False,False,False
43328,1.0000,0.0000,False,False,False
43329,1.0000,0.0000,False,False,False
43330,1.0000,0.0000,False,False,False
43331,1.0000,0.0000,False,False,False
43332,1.0000,0.0000,False,False,False
43333,0.0000,1.0000,False,False,False
43334,0.0000,1.0000,False,False,False
43335,0.0000,1.0000,False,False,False
43336,1.0000,0.0000,False,False,False
43337,1.0000,0.0000,False,False,False
43338,1.0000,0.0000,False,False,False
43339,0.0000,1.0000,False,False,False
43340,0.0000,1.0000,False,False,False
43341,1.0000,0.0000,False,False,False
43342,0.0000,1.0000,False,False,False
43343,1.0000,0.0000,False,False,False
43344,0.0000,1.0000,False,False,False
43345,1.0000,0.0000,False,False,False
43346,0.0000,1.0000,False,False,False
43347,0.0000,1.0000,False,False,False
43348,1.0000,0.0000,False,False,False
43349,1.0000,0.0000,False,False,False
43350,0.0000,1.0000,False,False,False
43351,1.0000,0.0000,False,False,False
43352,1.0000,0.0000,False,False,False
43353,1.0000,0.0000,False,False,False
43354,1.0000,0.0000,False,False,False
43355,1.0000,0.0000,False,False,False
43356,0.0000,1.0000,False,False,False
43357,1.0000,0.0000,False,False,False
43358,1.0000,0.0000,False,False,False
43359,0.0000,1.0000,False,False,False
43360,1.0000,0.0000,False,False,False
43361,1.0000,0.0000,False,False,False
43362,1.0000,0.0000,False,False,False
43363,1.0000,0.0000,False,False,False
43364,0.0000,1.0000,False,False,False
43365,1.0000,0.0000,False,False,False
43366,1.0000,0.0000,False,False,False
43367,1.0000,0.0000,False,False,False
43368,1.0000,0.0000,False,False,False
43369,1.0000,0.0000,False,False,False
43370,0.0000,1.0000,False,False,False
43371,0.0000,1.0000,False,False,False
43372,1.0000,0.0000,False,False,False
43373,1.0000,0.0000,False,False,False
43374,1.0000,0.0000,False,False,False
43375,1.0000,0.0000,False,False,False
43376,1.0000,0.0000,False,False,False
43377,0.0000,1.0000,False,False,False
43378,1.0000,0.0000,False,False,False
43379,1.0000,0.0000,False,False,False
43380,1.0000,0.0000,False,False,False
43381,1.0000,0.0000,False,False,False
43382,1.0000,0.0000,False,False,False
43383,1.0000,0.0000,False,False,False
43384,1.0000,0.0000,False,False,False
43385,1.0000,0.0000,False,False,False
43386,1.0000,0.0000,False,False,False
43387,1.0000,0.0000,False,False,False
43388,1.0000,0.0000,False,False,False
43389,0.0000,1.0000,False,False,False
43390,0.0000,1.0000,False,False,False
43391,1.0000,0.0000,False,False,False
43392,1.0000,0.0000,False,False,False
43393,1.0000,0.0000,False,False,False
43394,1.0000,0.0000,False,False,False
43395,1.0000,0.0000,False,False,False
43396,0.0000,1.0000,False,False,False
43397,1.0000,0.0000,False,False,False
43398,1.0000,0.0000,False,False,False
43399,1.0000,0.0000,False,False,False
43400,0.0000,1.0000,False,False,False
43401,1.0000,0.0000,False,False,False
43402,1.0000,0.0000,False,False,False
43403,1.0000,0.0000,False,False,False
43404,1.0000,0.0000,False,False,False
43405,1.0000,0.0000,False,False,False
43406,1.0000,0.0000,False,False,False
43407,1.0000,0.0000,False,False,False
43408,1.0000,0.0000,False,False,False
43409,1.0000,0.0000,False,False,False
43410,1.0000,0.0000,False,False,False
43411,0.0000,1.0000,False,False,False
43412,0.0000,1.0000,False,False,False
43413,1.0000,0.0000,False,False,False
43414,1.0000,0.0000,False,False,False
43415,1.0000,0.0000,False,False,False
43416,1.0000,0.0000,False,False,False
43417,1.0000,0.0000,False,False,False
43418,1.0000,0.0000,False,False,False
43419,1.0000,0.0000,False,False,False
43420,1.0000,0.0000,False,False,False
43421,1.0000,0.0000,False,False,False
43422,1.0000,0.0000,False,False,False
43423,0.0000,1.0000,False,False,False
43424,0.0000,1.0000,False,False,False
43425,1.0000,0.0000,False,False,False
43426,1.0000,0.0000,False,False,False
43427,0.0000,1.0000,False,False,False
43428,0.0000,1.0000,False,False,False
43429,1.0000,0.0000,False,False,False
43430,0.0000,1.0000,False,False,False
43431,0.0000,1.0000,False,False,False
43432,1.0000,0.0000,False,False,False
43433,1.0000,0.0000,False,False,False
43434,1.0000,0.0000,False,False,False
43435,1.0000,0.0000,False,False,False
43436,1.0000,0.0000,False,False,False
43437,0.0000,1.0000,False,False,False
43438,1.0000,0.0000,False,False,False
43439,0.0000,1.0000,False,False,False
43440,1.0000,0.0000,False,False,False
43441,0.0000,1.0000,False,False,False
43442,1.0000,0.0000,False,False,False
43443,1.0000,0.0000,False,False,False
43444,1.0000,0.0000,False,False,False
43445,0.0000,1.0000,False,False,False
43446,1.0000,0.0000,False,False,False
43447,1.0000,0.0000,False,False,False
43448,1.0000,0.0000,False,False,False
43449,0.0000,1.0000,False,False,False
43450,1.0000,0.0000,False,False,False
43451,1.0000,0.0000,False,False,False
43452,1.0000,0.0000,False,False,False
43453,1.0000,0.0000,False,False,False
43454,1.0000,0.0000,False,False,False
43455,1.0000,0.0000,False,False,False
43456,1.0000,0.0000,False,False,False
43457,0.0000,1.0000,False,False,False
43458,1.0000,0.0000,False,False,False
43459,0.0000,1.0000,False,False,False
43460,1.0000,0.0000,False,False,False
43461,1.0000,0.0000,False,False,False
43462,0.0000,1.0000,False,False,False
43463,0.0000,1.0000,False,False,False
43464,1.0000,0.0000,False,False,False
43465,1.0000,0.0000,False,False,False
43466,0.0000,1.0000,False,False,False
43467,1.0000,0.0000,False,False,False
43468,1.0000,0.0000,False,False,False
43469,0.0000,1.0000,False,False,False
43470,1.0000,0.0000,False,False,False
43471,0.0000,1.0000,False,False,False
43472,1.0000,0.0000,False,False,False
43473,1.0000,0.0000,False,False,False
43474,1.0000,0.0000,False,False,False
43475,0.0000,1.0000,False,False,False
43476,0.0000,1.0000,False,False,False
43477,1.0000,0.0000,False,False,False
43478,1.0000,0.0000,False,False,False
43479,1.0000,0.0000,False,False,False
43480,0.0000,1.0000,False,False,False
43481,0.0000,1.0000,False,False,False
43482,1.0000,0.0000,False,False,False
43483,1.0000,0.0000,False,False,False
43484,1.0000,0.0000,False,False,False
43485,1.0000,0.0000,False,False,False
43486,1.0000,0.0000,False,False,False
43487,1.0000,0.0000,False,False,False
43488,1.0000,0.0000,False,False,False
43489,1.0000,0.0000,False,False,False
43490,0.0000,1.0000,False,False,False
43491,1.0000,0.0000,False,False,False
43492,1.0000,0.0000,False,False,False
43493,1.0000,0.0000,False,False,False
43494,1.0000,0.0000,False,False,False
43495,0.0000,1.0000,False,False,False
43496,1.0000,0.0000,False,False,False
43497,1.0000,0.0000,False,False,False
43498,1.0000,0.0000,False,False,False
43499,1.0000,0.0000,False,False,False
43500,1.0000,0.0000,False,False,False
43501,1.0000,0.0000,False,False,False
43502,1.0000,0.0000,False,False,False
43503,1.0000,0.0000,False,False,False
43504,1.0000,0.0000,False,False,False
43505,0.0000,1.0000,False,False,False
43506,0.0000,1.0000,False,False,False
43507,1.0000,0.0000,False,False,False
43508,1.0000,0.0000,False,False,False
43509,1.0000,0.0000,False,False,False
43510,1.0000,0.0000,False,False,False
43511,1.0000,0.0000,False,False,False
43512,1.0000,0.0000,False,False,False
43513,1.0000,0.0000,False,False,False
43514,0.0000,1.0000,False,False,False
43515,1.0000,0.0000,False,False,False
43516,1.0000,0.0000,False,False,False
43517,0.0000,1.0000,False,False,False
43518,0.0000,1.0000,False,False,False
43519,1.0000,0.0000,False,False,False
43520,1.0000,0.0000,False,False,False
43521,1.0000,0.0000,False,False,False
43522,0.0000,1.0000,False,False,False
43523,1.0000,0.0000,False,False,False
43524,1.0000,0.0000,False,False,False
43525,0.0000,1.0000,False,False,False
43526,1.0000,0.0000,False,False,False
43527,1.0000,0.0000,False,False,False
43528,1.0000,0.0000,False,False,False
43529,1.0000,0.0000,False,False,False
43530,1.0000,0.0000,False,False,False
43531,1.0000,0.0000,False,False,False
43532,1.0000,0.0000,False,False,False
43533,1.0000,0.0000,False,False,False
43534,1.0000,0.0000,False,False,False
43535,1.0000,0.0000,False,False,False
43536,0.0000,1.0000,False,False,False
43537,1.0000,0.0000,False,False,False
43538,1.0000,0.0000,False,False,False
43539,1.0000,0.0000,False,False,False
43540,1.0000,0.0000,False,False,False
43541,1.0000,0.0000,False,False,False
43542,0.0000,1.0000,False,False,False
43543,1.0000,0.0000,False,False,False
43544,1.0000,0.0000,False,False,False
43545,1.0000,0.0000,False,False,False
43546,1.0000,0.0000,False,False,False
43547,1.0000,0.0000,False,False,False
43548,1.0000,0.0000,False,False,False
43549,0.0000,1.0000,False,False,False
43550,1.0000,0.0000,False,False,False
43551,1.0000,0.0000,False,False,False
43552,1.0000,0.0000,False,False,False
43553,0.0000,1.0000,False,False,False
43554,0.0000,1.0000,False,False,False
43555,0.0000,1.0000,False,False,False
43556,0.0000,1.0000,False,False,False
43557,1.0000,0.0000,False,False,False
43558,1.0000,0.0000,False,False,False
43559,0.0000,1.0000,False,False,False
43560,1.0000,0.0000,False,False,False
43561,0.0000,1.0000,False,False,False
43562,1.0000,0.0000,False,False,False
43563,1.0000,0.0000,False,False,False
43564,1.0000,0.0000,False,False,False
43565,1.0000,0.0000,False,False,False
43566,1.0000,0.0000,False,False,False
43567,1.0000,0.0000,False,False,False
43568,1.0000,0.0000,False,False,False
43569,1.0000,0.0000,False,False,False
43570,1.0000,0.0000,False,False,False
43571,1.0000,0.0000,False,False,False
43572,1.0000,0.0000,False,False,False
43573,0.0000,1.0000,False,False,False
43574,1.0000,0.0000,False,False,False
43575,1.0000,0.0000,False,False,False
43576,1.0000,0.0000,False,False,False
43577,0.0000,1.0000,False,False,False
43578,1.0000,0.0000,False,False,False
43579,0.0000,1.0000,False,False,False
43580,1.0000,0.0000,False,False,False
43581,0.0000,1.0000,False,False,False
43582,1.0000,0.0000,False,False,False
43583,1.0000,0.0000,False,False,False
43584,1.0000,0.0000,False,False,False
43585,1.0000,0.0000,False,False,False
43586,1.0000,0.0000,False,False,False
43587,0.0000,1.0000,False,False,False
43588,0.0000,1.0000,False,False,False
43589,0.0000,1.0000,False,False,False
43590,0.0000,1.0000,False,False,False
43591,1.0000,0.0000,False,False,False
43592,1.0000,0.0000,False,False,False
43593,1.0000,0.0000,False,False,False
43594,1.0000,0.0000,False,False,False
43595,1.0000,0.0000,False,False,False
43596,1.0000,0.0000,False,False,False
43597,1.0000,0.0000,False,False,False
43598,1.0000,0.0000,False,False,False
43599,1.0000,0.0000,False,False,False
43600,1.0000,0.0000,False,False,False
43601,1.0000,0.0000,False,False,False
43602,0.0000,1.0000,False,False,False
43603,0.0000,1.0000,False,False,False
43604,1.0000,0.0000,False,False,False
43605,0.0000,1.0000,False,False,False
43606,0.0000,1.0000,False,False,False
43607,1.0000,0.0000,False,False,False
43608,0.0000,1.0000,False,False,False
43609,1.0000,0.0000,False,False,False
43610,1.0000,0.0000,False,False,False
43611,0.0000,1.0000,False,False,False
43612,1.0000,0.0000,False,False,False
43613,1.0000,0.0000,False,False,False
43614,1.0000,0.0000,False,False,False
43615,1.0000,0.0000,False,False,False
43616,0.0000,1.0000,False,False,False
43617,1.0000,0.0000,False,False,False
43618,1.0000,0.0000,False,False,False
43619,0.0000,1.0000,False,False,False
43620,0.0000,1.0000,False,False,False
43621,1.0000,0.0000,False,False,False
43622,1.0000,0.0000,False,False,False
43623,0.0000,1.0000,False,False,False
43624,0.0000,1.0000,False,False,False
43625,1.0000,0.0000,False,False,False
43626,1.0000,0.0000,False,False,False
43627,1.0000,0.0000,False,False,False
43628,1.0000,0.0000,False,False,False
43629,1.0000,0.0000,False,False,False
43630,1.0000,0.0000,False,False,False
43631,1.0000,0.0000,False,False,False
43632,1.0000,0.0000,False,False,False
43633,1.0000,0.0000,False,False,False
43634,1.0000,0.0000,False,False,False
43635,1.0000,0.0000,False,False,False
43636,0.0000,1.0000,False,False,False
43637,0.0000,1.0000,False,False,False
43638,0.0000,1.0000,False,False,False
43639,0.0000,1.0000,False,False,False
43640,1.0000,0.0000,False,False,False
43641,1.0000,0.0000,False,False,False
43642,0.0000,1.0000,False,False,False
43643,1.0000,0.0000,False,False,False
43644,1.0000,0.0000,False,False,False
43645,1.0000,0.0000,False,False,False
43646,0.0000,1.0000,False,False,False
43647,1.0000,0.0000,False,False,False
43648,1.0000,0.0000,False,False,False
43649,1.0000,0.0000,False,False,False
43650,1.0000,0.0000,False,False,False
43651,0.0000,1.0000,False,False,False
43652,1.0000,0.0000,False,False,False
43653,1.0000,0.0000,False,False,False
43654,0.0000,1.0000,False,False,False
43655,1.0000,0.0000,False,False,False
43656,1.0000,0.0000,False,False,False
43657,0.0000,1.0000,False,False,False
43658,1.0000,0.0000,False,False,False
43659,0.0000,1.0000,False,False,False
43660,1.0000,0.0000,False,False,False
43661,1.0000,0.0000,False,False,False
43662,1.0000,0.0000,False,False,False
43663,1.0000,0.0000,False,False,False
43664,1.0000,0.0000,False,False,False
43665,0.0000,1.0000,False,False,False
43666,0.0000,1.0000,False,False,False
43667,1.0000,0.0000,False,False,False
43668,1.0000,0.0000,False,False,False
43669,1.0000,0.0000,False,False,False
43670,0.0000,1.0000,False,False,False
43671,1.0000,0.0000,False,False,False
43672,0.0000,1.0000,False,False,False
43673,1.0000,0.0000,False,False,False
43674,1.0000,0.0000,False,False,False
43675,1.0000,0.0000,False,False,False
43676,1.0000,0.0000,False,False,False
43677,0.0000,1.0000,False,False,False
43678,1.0000,0.0000,False,False,False
43679,1.0000,0.0000,False,False,False
43680,1.0000,0.0000,False,False,False
43681,1.0000,0.0000,False,False,False
43682,1.0000,0.0000,False,False,False
43683,1.0000,0.0000,False,False,False
43684,0.0000,1.0000,False,False,False
43685,1.0000,0.0000,False,False,False
43686,1.0000,0.0000,False,False,False
43687,0.0000,1.0000,False,False,False
43688,1.0000,0.0000,False,False,False
43689,0.0000,1.0000,False,False,False
43690,0.0000,1.0000,False,False,False
43691,1.0000,0.0000,False,False,False
43692,1.0000,0.0000,False,False,False
43693,1.0000,0.0000,False,False,False
43694,1.0000,0.0000,False,False,False
43695,1.0000,0.0000,False,False,False
43696,0.0000,1.0000,False,False,False
43697,1.0000,0.0000,False,False,False
43698,1.0000,0.0000,False,False,False
43699,1.0000,0.0000,False,False,False
43700,1.0000,0.0000,False,False,False
43701,1.0000,0.0000,False,False,False
43702,1.0000,0.0000,False,False,False
43703,1.0000,0.0000,False,False,False
43704,1.0000,0.0000,False,False,False
43705,1.0000,0.0000,False,False,False
43706,0.0000,1.0000,False,False,False
43707,1.0000,0.0000,False,False,False
43708,0.0000,1.0000,False,False,False
43709,1.0000,0.0000,False,False,False
43710,1.0000,0.0000,False,False,False
43711,0.0000,1.0000,False,False,False
43712,1.0000,0.0000,False,False,False
43713,1.0000,0.0000,False,False,False
43714,0.0000,1.0000,False,False,False
43715,1.0000,0.0000,False,False,False
43716,1.0000,0.0000,False,False,False
43717,1.0000,0.0000,False,False,False
43718,0.0000,1.0000,False,False,False
43719,1.0000,0.0000,False,False,False
43720,1.0000,0.0000,False,False,False
43721,1.0000,0.0000,False,False,False
43722,1.0000,0.0000,False,False,False
43723,1.0000,0.0000,False,False,False
43724,1.0000,0.0000,False,False,False
43725,0.0000,1.0000,False,False,False
43726,0.0000,1.0000,False,False,False
43727,1.0000,0.0000,False,False,False
43728,1.0000,0.0000,False,False,False
43729,1.0000,0.0000,False,False,False
43730,1.0000,0.0000,False,False,False
43731,0.0000,1.0000,False,False,False
43732,1.0000,0.0000,False,False,False
43733,1.0000,0.0000,False,False,False
43734,1.0000,0.0000,False,False,False
43735,1.0000,0.0000,False,False,False
43736,1.0000,0.0000,False,False,False
43737,1.0000,0.0000,False,False,False
43738,1.0000,0.0000,False,False,False
43739,1.0000,0.0000,False,False,False
43740,0.0000,1.0000,False,False,False
43741,1.0000,0.0000,False,False,False
43742,1.0000,0.0000,False,False,False
43743,0.0000,1.0000,False,False,False
43744,1.0000,0.0000,False,False,False
43745,1.0000,0.0000,False,False,False
43746,0.0000,1.0000,False,False,False
43747,1.0000,0.0000,False,False,False
43748,1.0000,0.0000,False,False,False
43749,1.0000,0.0000,False,False,False
43750,0.0000,1.0000,False,False,False
43751,0.0000,1.0000,False,False,False
43752,1.0000,0.0000,False,False,False
43753,1.0000,0.0000,False,False,False
43754,0.0000,1.0000,False,False,False
43755,1.0000,0.0000,False,False,False
43756,0.0000,1.0000,False,False,False
43757,1.0000,0.0000,False,False,False
43758,0.0000,1.0000,False,False,False
43759,0.0000,1.0000,False,False,False
43760,1.0000,0.0000,False,False,False
43761,1.0000,0.0000,False,False,False
43762,1.0000,0.0000,False,False,False
43763,1.0000,0.0000,False,False,False
43764,1.0000,0.0000,False,False,False
43765,1.0000,0.0000,False,False,False
43766,0.0000,1.0000,False,False,False
43767,1.0000,0.0000,False,False,False
43768,0.0000,1.0000,False,False,False
43769,0.0000,1.0000,False,False,False
43770,1.0000,0.0000,False,False,False
43771,1.0000,0.0000,False,False,False
43772,1.0000,0.0000,False,False,False
43773,1.0000,0.0000,False,False,False
43774,1.0000,0.0000,False,False,False
43775,0.0000,1.0000,False,False,False
43776,1.0000,0.0000,False,False,False
43777,1.0000,0.0000,False,False,False
43778,1.0000,0.0000,False,False,False
43779,1.0000,0.0000,False,False,False
43780,1.0000,0.0000,False,False,False
43781,1.0000,0.0000,False,False,False
43782,1.0000,0.0000,False,False,False
43783,0.0000,1.0000,False,False,False
43784,1.0000,0.0000,False,False,False
43785,1.0000,0.0000,False,False,False
43786,0.0000,1.0000,False,False,False
43787,1.0000,0.0000,False,False,False
43788,1.0000,0.0000,False,False,False
43789,1.0000,0.0000,False,False,False
43790,0.0000,1.0000,False,False,False
43791,1.0000,0.0000,False,False,False
43792,1.0000,0.0000,False,False,False
43793,1.0000,0.0000,False,False,False
43794,0.0000,1.0000,False,False,False
43795,1.0000,0.0000,False,False,False
43796,1.0000,0.0000,False,False,False
43797,1.0000,0.0000,False,False,False
43798,1.0000,0.0000,False,False,False
43799,1.0000,0.0000,False,False,False
43800,1.0000,0.0000,False,False,False
43801,1.0000,0.0000,False,False,False
43802,1.0000,0.0000,False,False,False
43803,1.0000,0.0000,False,False,False
43804,1.0000,0.0000,False,False,False
43805,1.0000,0.0000,False,False,False
43806,1.0000,0.0000,False,False,False
43807,1.0000,0.0000,False,False,False
43808,1.0000,0.0000,False,False,False
43809,1.0000,0.0000,False,False,False
43810,0.0000,1.0000,False,False,False
43811,1.0000,0.0000,False,False,False
43812,1.0000,0.0000,False,False,False
43813,0.0000,1.0000,False,False,False
43814,1.0000,0.0000,False,False,False
43815,1.0000,0.0000,False,False,False
43816,1.0000,0.0000,False,False,False
43817,1.0000,0.0000,False,False,False
43818,1.0000,0.0000,False,False,False
43819,1.0000,0.0000,False,False,False
43820,1.0000,0.0000,False,False,False
43821,1.0000,0.0000,False,False,False
43822,0.0000,1.0000,False,False,False
43823,1.0000,0.0000,False,False,False
43824,1.0000,0.0000,False,False,False
43825,1.0000,0.0000,False,False,False
43826,0.0000,1.0000,False,False,False
43827,1.0000,0.0000,False,False,False
43828,1.0000,0.0000,False,False,False
43829,1.0000,0.0000,False,False,False
43830,1.0000,0.0000,False,False,False
43831,1.0000,0.0000,False,False,False
43832,0.0000,1.0000,False,False,False
43833,0.0000,1.0000,False,False,False
43834,1.0000,0.0000,False,False,False
43835,1.0000,0.0000,False,False,False
43836,1.0000,0.0000,False,False,False
43837,1.0000,0.0000,False,False,False
43838,0.0000,1.0000,False,False,False
43839,1.0000,0.0000,False,False,False
43840,1.0000,0.0000,False,False,False
43841,1.0000,0.0000,False,False,False
43842,1.0000,0.0000,False,False,False
43843,0.0000,1.0000,False,False,False
43844,1.0000,0.0000,False,False,False
43845,0.0000,1.0000,False,False,False
43846,0.0000,1.0000,False,False,False
43847,1.0000,0.0000,False,False,False
43848,1.0000,0.0000,False,False,False
43849,1.0000,0.0000,False,False,False
43850,0.0000,1.0000,False,False,False
43851,0.0000,1.0000,False,False,False
43852,1.0000,0.0000,False,False,False
43853,1.0000,0.0000,False,False,False
43854,1.0000,0.0000,False,False,False
43855,1.0000,0.0000,False,False,False
43856,1.0000,0.0000,False,False,False
43857,1.0000,0.0000,False,False,False
43858,1.0000,0.0000,False,False,False
43859,1.0000,0.0000,False,False,False
43860,1.0000,0.0000,False,False,False
43861,0.0000,1.0000,False,False,False
43862,1.0000,0.0000,False,False,False
43863,0.0000,1.0000,False,False,False
43864,1.0000,0.0000,False,False,False
43865,1.0000,0.0000,False,False,False
43866,1.0000,0.0000,False,False,False
43867,1.0000,0.0000,False,False,False
43868,1.0000,0.0000,False,False,False
43869,0.0000,1.0000,False,False,False
43870,1.0000,0.0000,False,False,False
43871,0.0000,1.0000,False,False,False
43872,0.0000,1.0000,False,False,False
43873,1.0000,0.0000,False,False,False
43874,0.0000,1.0000,False,False,False
43875,1.0000,0.0000,False,False,False
43876,1.0000,0.0000,False,False,False
43877,1.0000,0.0000,False,False,False
43878,1.0000,0.0000,False,False,False
43879,1.0000,0.0000,False,False,False
43880,0.0000,1.0000,False,False,False
43881,0.0000,1.0000,False,False,False
43882,1.0000,0.0000,False,False,False
43883,1.0000,0.0000,False,False,False
43884,1.0000,0.0000,False,False,False
43885,1.0000,0.0000,False,False,False
43886,0.0000,1.0000,False,False,False
43887,1.0000,0.0000,False,False,False
43888,1.0000,0.0000,False,False,False
43889,1.0000,0.0000,False,False,False
43890,0.0000,1.0000,False,False,False
43891,0.0000,1.0000,False,False,False
43892,1.0000,0.0000,False,False,False
43893,1.0000,0.0000,False,False,False
43894,1.0000,0.0000,False,False,False
43895,0.0000,1.0000,False,False,False
43896,0.0000,1.0000,False,False,False
43897,1.0000,0.0000,False,False,False
43898,1.0000,0.0000,False,False,False
43899,1.0000,0.0000,False,False,False
43900,1.0000,0.0000,False,False,False
43901,1.0000,0.0000,False,False,False
43902,1.0000,0.0000,False,False,False
43903,1.0000,0.0000,False,False,False
43904,1.0000,0.0000,False,False,False
43905,0.0000,1.0000,False,False,False
43906,1.0000,0.0000,False,False,False
43907,0.0000,1.0000,False,False,False
43908,1.0000,0.0000,False,False,False
43909,1.0000,0.0000,False,False,False
43910,0.0000,1.0000,False,False,False
43911,1.0000,0.0000,False,False,False
43912,0.0000,1.0000,False,False,False
43913,1.0000,0.0000,False,False,False
43914,1.0000,0.0000,False,False,False
43915,1.0000,0.0000,False,False,False
43916,1.0000,0.0000,False,False,False
43917,1.0000,0.0000,False,False,False
43918,1.0000,0.0000,False,False,False
43919,1.0000,0.0000,False,False,False
43920,0.0000,1.0000,False,False,False
43921,1.0000,0.0000,False,False,False
43922,1.0000,0.0000,False,False,False
43923,1.0000,0.0000,False,False,False
43924,1.0000,0.0000,False,False,False
43925,1.0000,0.0000,False,False,False
43926,1.0000,0.0000,False,False,False
43927,1.0000,0.0000,False,False,False
43928,1.0000,0.0000,False,False,False
43929,1.0000,0.0000,False,False,False
43930,1.0000,0.0000,False,False,False
43931,0.0000,1.0000,False,False,False
43932,1.0000,0.0000,False,False,False
43933,1.0000,0.0000,False,False,False
43934,0.0000,1.0000,False,False,False
43935,1.0000,0.0000,False,False,False
43936,1.0000,0.0000,False,False,False
43937,1.0000,0.0000,False,False,False
43938,1.0000,0.0000,False,False,False
43939,1.0000,0.0000,False,False,False
43940,1.0000,0.0000,False,False,False
43941,1.0000,0.0000,False,False,False
43942,1.0000,0.0000,False,False,False
43943,1.0000,0.0000,False,False,False
43944,0.0000,1.0000,False,False,False
43945,1.0000,0.0000,False,False,False
43946,1.0000,0.0000,False,False,False
43947,1.0000,0.0000,False,False,False
43948,1.0000,0.0000,False,False,False
43949,1.0000,0.0000,False,False,False
43950,1.0000,0.0000,False,False,False
43951,1.0000,0.0000,False,False,False
43952,1.0000,0.0000,False,False,False
43953,1.0000,0.0000,False,False,False
43954,1.0000,0.0000,False,False,False
43955,1.0000,0.0000,False,False,False
43956,1.0000,0.0000,False,False,False
43957,1.0000,0.0000,False,False,False
43958,1.0000,0.0000,False,False,False
43959,1.0000,0.0000,False,False,False
43960,1.0000,0.0000,False,False,False
43961,1.0000,0.0000,False,False,False
43962,1.0000,0.0000,False,False,False
43963,1.0000,0.0000,False,False,False
43964,1.0000,0.0000,False,False,False
43965,1.0000,0.0000,False,False,False
43966,1.0000,0.0000,False,False,False
43967,1.0000,0.0000,False,False,False
43968,0.0000,1.0000,False,False,False
43969,1.0000,0.0000,False,False,False
43970,1.0000,0.0000,False,False,False
43971,1.0000,0.0000,False,False,False
43972,1.0000,0.0000,False,False,False
43973,0.0000,1.0000,False,False,False
43974,1.0000,0.0000,False,False,False
43975,1.0000,0.0000,False,False,False
43976,1.0000,0.0000,False,False,False
43977,1.0000,0.0000,False,False,False
43978,1.0000,0.0000,False,False,False
43979,1.0000,0.0000,False,False,False
43980,0.0000,1.0000,False,False,False
43981,0.0000,1.0000,False,False,False
43982,1.0000,0.0000,False,False,False
43983,0.0000,1.0000,False,False,False
43984,1.0000,0.0000,False,False,False
43985,1.0000,0.0000,False,False,False
43986,0.0000,1.0000,False,False,False
43987,1.0000,0.0000,False,False,False
43988,0.0000,1.0000,False,False,False
43989,1.0000,0.0000,False,False,False
43990,1.0000,0.0000,False,False,False
43991,0.0000,1.0000,False,False,False
43992,1.0000,0.0000,False,False,False
43993,1.0000,0.0000,False,False,False
43994,0.0000,1.0000,False,False,False
43995,1.0000,0.0000,False,False,False
43996,1.0000,0.0000,False,False,False
43997,1.0000,0.0000,False,False,False
43998,1.0000,0.0000,False,False,False
43999,1.0000,0.0000,False,False,False
44000,1.0000,0.0000,False,False,False
44001,1.0000,0.0000,False,False,False
44002,1.0000,0.0000,False,False,False
44003,1.0000,0.0000,False,False,False
44004,1.0000,0.0000,False,False,False
44005,1.0000,0.0000,False,False,False
44006,0.0000,1.0000,False,False,False
44007,1.0000,0.0000,False,False,False
44008,0.0000,1.0000,False,False,False
44009,1.0000,0.0000,False,False,False
44010,0.0000,1.0000,False,False,False
44011,1.0000,0.0000,False,False,False
44012,0.0000,1.0000,False,False,False
44013,1.0000,0.0000,False,False,False
44014,1.0000,0.0000,False,False,False
44015,1.0000,0.0000,False,False,False
44016,1.0000,0.0000,False,False,False
44017,1.0000,0.0000,False,False,False
44018,1.0000,0.0000,False,False,False
44019,1.0000,0.0000,False,False,False
44020,1.0000,0.0000,False,False,False
44021,0.0000,1.0000,False,False,False
44022,0.0000,1.0000,False,False,False
44023,1.0000,0.0000,False,False,False
44024,1.0000,0.0000,False,False,False
44025,0.0000,1.0000,False,False,False
44026,1.0000,0.0000,False,False,False
44027,1.0000,0.0000,False,False,False
44028,0.0000,1.0000,False,False,False
44029,1.0000,0.0000,False,False,False
44030,1.0000,0.0000,False,False,False
44031,1.0000,0.0000,False,False,False
44032,1.0000,0.0000,False,False,False
44033,1.0000,0.0000,False,False,False
44034,1.0000,0.0000,False,False,False
44035,1.0000,0.0000,False,False,False
44036,1.0000,0.0000,False,False,False
44037,1.0000,0.0000,False,False,False
44038,1.0000,0.0000,False,False,False
44039,1.0000,0.0000,False,False,False
44040,1.0000,0.0000,False,False,False
44041,0.0000,1.0000,False,False,False
44042,1.0000,0.0000,False,False,False
44043,1.0000,0.0000,False,False,False
44044,1.0000,0.0000,False,False,False
44045,1.0000,0.0000,False,False,False
44046,1.0000,0.0000,False,False,False
44047,0.0000,1.0000,False,False,False
44048,1.0000,0.0000,False,False,False
44049,0.0000,1.0000,False,False,False
44050,1.0000,0.0000,False,False,False
44051,1.0000,0.0000,False,False,False
44052,1.0000,0.0000,False,False,False
44053,1.0000,0.0000,False,False,False
44054,1.0000,0.0000,False,False,False
44055,1.0000,0.0000,False,False,False
44056,1.0000,0.0000,False,False,False
44057,1.0000,0.0000,False,False,False
44058,1.0000,0.0000,False,False,False
44059,0.0000,1.0000,False,False,False
44060,1.0000,0.0000,False,False,False
44061,1.0000,0.0000,False,False,False
44062,1.0000,0.0000,False,False,False
44063,1.0000,0.0000,False,False,False
44064,1.0000,0.0000,False,False,False
44065,1.0000,0.0000,False,False,False
44066,1.0000,0.0000,False,False,False
44067,1.0000,0.0000,False,False,False
44068,1.0000,0.0000,False,False,False
44069,1.0000,0.0000,False,False,False
44070,0.0000,1.0000,False,False,False
44071,1.0000,0.0000,False,False,False
44072,0.0000,1.0000,False,False,False
44073,1.0000,0.0000,False,False,False
44074,0.0000,1.0000,False,False,False
44075,1.0000,0.0000,False,False,False
44076,1.0000,0.0000,False,False,False
44077,1.0000,0.0000,False,False,False
44078,1.0000,0.0000,False,False,False
44079,1.0000,0.0000,False,False,False
44080,0.0000,1.0000,False,False,False
44081,1.0000,0.0000,False,False,False
44082,1.0000,0.0000,False,False,False
44083,1.0000,0.0000,False,False,False
44084,1.0000,0.0000,False,False,False
44085,0.0000,1.0000,False,False,False
44086,1.0000,0.0000,False,False,False
44087,1.0000,0.0000,False,False,False
44088,1.0000,0.0000,False,False,False
44089,1.0000,0.0000,False,False,False
44090,1.0000,0.0000,False,False,False
44091,1.0000,0.0000,False,False,False
44092,0.0000,1.0000,False,False,False
44093,1.0000,0.0000,False,False,False
44094,0.0000,1.0000,False,False,False
44095,0.0000,1.0000,False,False,False
44096,1.0000,0.0000,False,False,False
44097,1.0000,0.0000,False,False,False
44098,0.0000,1.0000,False,False,False
44099,1.0000,0.0000,False,False,False
44100,1.0000,0.0000,False,False,False
44101,1.0000,0.0000,False,False,False
44102,1.0000,0.0000,False,False,False
44103,1.0000,0.0000,False,False,False
44104,1.0000,0.0000,False,False,False
44105,0.0000,1.0000,False,False,False
44106,1.0000,0.0000,False,False,False
44107,1.0000,0.0000,False,False,False
44108,1.0000,0.0000,False,False,False
44109,1.0000,0.0000,False,False,False
44110,1.0000,0.0000,False,False,False
44111,0.0000,1.0000,False,False,False
44112,1.0000,0.0000,False,False,False
44113,1.0000,0.0000,False,False,False
44114,1.0000,0.0000,False,False,False
44115,0.0000,1.0000,False,False,False
44116,1.0000,0.0000,False,False,False
44117,0.0000,1.0000,False,False,False
44118,1.0000,0.0000,False,False,False
44119,1.0000,0.0000,False,False,False
44120,1.0000,0.0000,False,False,False
44121,0.0000,1.0000,False,False,False
44122,0.0000,1.0000,False,False,False
44123,1.0000,0.0000,False,False,False
44124,1.0000,0.0000,False,False,False
44125,1.0000,0.0000,False,False,False
44126,1.0000,0.0000,False,False,False
44127,1.0000,0.0000,False,False,False
44128,1.0000,0.0000,False,False,False
44129,1.0000,0.0000,False,False,False
44130,0.0000,1.0000,False,False,False
44131,1.0000,0.0000,False,False,False
44132,0.0000,1.0000,False,False,False
44133,1.0000,0.0000,False,False,False
44134,1.0000,0.0000,False,False,False
44135,1.0000,0.0000,False,False,False
44136,0.0000,1.0000,False,False,False
44137,1.0000,0.0000,False,False,False
44138,0.0000,1.0000,False,False,False
44139,0.0000,1.0000,False,False,False
44140,1.0000,0.0000,False,False,False
44141,0.0000,1.0000,False,False,False
44142,1.0000,0.0000,False,False,False
44143,0.0000,1.0000,False,False,False
44144,1.0000,0.0000,False,False,False
44145,1.0000,0.0000,False,False,False
44146,1.0000,0.0000,False,False,False
44147,1.0000,0.0000,False,False,False
44148,1.0000,0.0000,False,False,False
44149,1.0000,0.0000,False,False,False
44150,1.0000,0.0000,False,False,False
44151,1.0000,0.0000,False,False,False
44152,0.0000,1.0000,False,False,False
44153,0.0000,1.0000,False,False,False
44154,1.0000,0.0000,False,False,False
44155,1.0000,0.0000,False,False,False
44156,1.0000,0.0000,False,False,False
44157,1.0000,0.0000,False,False,False
44158,0.0000,1.0000,False,False,False
44159,1.0000,0.0000,False,False,False
44160,1.0000,0.0000,False,False,False
44161,1.0000,0.0000,False,False,False
44162,0.0000,1.0000,False,False,False
44163,1.0000,0.0000,False,False,False
44164,1.0000,0.0000,False,False,False
44165,1.0000,0.0000,False,False,False
44166,0.0000,1.0000,False,False,False
44167,1.0000,0.0000,False,False,False
44168,1.0000,0.0000,False,False,False
44169,1.0000,0.0000,False,False,False
44170,1.0000,0.0000,False,False,False
44171,1.0000,0.0000,False,False,False
44172,0.0000,1.0000,False,False,False
44173,0.0000,1.0000,False,False,False
44174,0.0000,1.0000,False,False,False
44175,1.0000,0.0000,False,False,False
44176,1.0000,0.0000,False,False,False
44177,1.0000,0.0000,False,False,False
44178,0.0000,1.0000,False,False,False
44179,1.0000,0.0000,False,False,False
44180,1.0000,0.0000,False,False,False
44181,1.0000,0.0000,False,False,False
44182,1.0000,0.0000,False,False,False
44183,1.0000,0.0000,False,False,False
44184,1.0000,0.0000,False,False,False
44185,1.0000,0.0000,False,False,False
44186,1.0000,0.0000,False,False,False
44187,1.0000,0.0000,False,False,False
44188,1.0000,0.0000,False,False,False
44189,1.0000,0.0000,False,False,False
44190,0.0000,1.0000,False,False,False
44191,1.0000,0.0000,False,False,False
44192,0.0000,1.0000,False,False,False
44193,0.0000,1.0000,False,False,False
44194,1.0000,0.0000,False,False,False
44195,1.0000,0.0000,False,False,False
44196,1.0000,0.0000,False,False,False
44197,1.0000,0.0000,False,False,False
44198,1.0000,0.0000,False,False,False
44199,0.0000,1.0000,False,False,False
44200,1.0000,0.0000,False,False,False
44201,0.0000,1.0000,False,False,False
44202,1.0000,0.0000,False,False,False
44203,1.0000,0.0000,False,False,False
44204,1.0000,0.0000,False,False,False
44205,1.0000,0.0000,False,False,False
44206,0.0000,1.0000,False,False,False
44207,0.0000,1.0000,False,False,False
44208,1.0000,0.0000,False,False,False
44209,1.0000,0.0000,False,False,False
44210,1.0000,0.0000,False,False,False
44211,1.0000,0.0000,False,False,False
44212,1.0000,0.0000,False,False,False
44213,1.0000,0.0000,False,False,False
44214,1.0000,0.0000,False,False,False
44215,1.0000,0.0000,False,False,False
44216,1.0000,0.0000,False,False,False
44217,1.0000,0.0000,False,False,False
44218,1.0000,0.0000,False,False,False
44219,1.0000,0.0000,False,False,False
44220,1.0000,0.0000,False,False,False
44221,0.0000,1.0000,False,False,False
44222,0.0000,1.0000,False,False,False
44223,0.0000,1.0000,False,False,False
44224,1.0000,0.0000,False,False,False
44225,1.0000,0.0000,False,False,False
44226,1.0000,0.0000,False,False,False
44227,0.0000,1.0000,False,False,False
44228,1.0000,0.0000,False,False,False
44229,1.0000,0.0000,False,False,False
44230,1.0000,0.0000,False,False,False
44231,1.0000,0.0000,False,False,False
44232,1.0000,0.0000,False,False,False
44233,1.0000,0.0000,False,False,False
44234,1.0000,0.0000,False,False,False
44235,0.0000,1.0000,False,False,False
44236,1.0000,0.0000,False,False,False
44237,1.0000,0.0000,False,False,False
44238,1.0000,0.0000,False,False,False
44239,1.0000,0.0000,False,False,False
44240,0.0000,1.0000,False,False,False
44241,1.0000,0.0000,False,False,False
44242,1.0000,0.0000,False,False,False
44243,1.0000,0.0000,False,False,False
44244,1.0000,0.0000,False,False,False
44245,1.0000,0.0000,False,False,False
44246,1.0000,0.0000,False,False,False
44247,1.0000,0.0000,False,False,False
44248,0.0000,1.0000,False,False,False
44249,1.0000,0.0000,False,False,False
44250,1.0000,0.0000,False,False,False
44251,1.0000,0.0000,False,False,False
44252,1.0000,0.0000,False,False,False
44253,1.0000,0.0000,False,False,False
44254,1.0000,0.0000,False,False,False
44255,1.0000,0.0000,False,False,False
44256,1.0000,0.0000,False,False,False
44257,1.0000,0.0000,False,False,False
44258,1.0000,0.0000,False,False,False
44259,1.0000,0.0000,False,False,False
44260,1.0000,0.0000,False,False,False
44261,1.0000,0.0000,False,False,False
44262,1.0000,0.0000,False,False,False
44263,1.0000,0.0000,False,False,False
44264,1.0000,0.0000,False,False,False
44265,1.0000,0.0000,False,False,False
44266,0.0000,1.0000,False,False,False
44267,0.0000,1.0000,False,False,False
44268,1.0000,0.0000,False,False,False
44269,1.0000,0.0000,False,False,False
44270,0.0000,1.0000,False,False,False
44271,1.0000,0.0000,False,False,False
44272,1.0000,0.0000,False,False,False
44273,0.0000,1.0000,False,False,False
44274,0.0000,1.0000,False,False,False
44275,1.0000,0.0000,False,False,False
44276,1.0000,0.0000,False,False,False
44277,1.0000,0.0000,False,False,False
44278,1.0000,0.0000,False,False,False
44279,1.0000,0.0000,False,False,False
44280,1.0000,0.0000,False,False,False
44281,1.0000,0.0000,False,False,False
44282,1.0000,0.0000,False,False,False
44283,1.0000,0.0000,False,False,False
44284,1.0000,0.0000,False,False,False
44285,1.0000,0.0000,False,False,False
44286,0.0000,1.0000,False,False,False
44287,1.0000,0.0000,False,False,False
44288,1.0000,0.0000,False,False,False
44289,0.0000,1.0000,False,False,False
44290,1.0000,0.0000,False,False,False
44291,1.0000,0.0000,False,False,False
44292,1.0000,0.0000,False,False,False
44293,1.0000,0.0000,False,False,False
44294,1.0000,0.0000,False,False,False
44295,1.0000,0.0000,False,False,False
44296,1.0000,0.0000,False,False,False
44297,1.0000,0.0000,False,False,False
44298,1.0000,0.0000,False,False,False
44299,0.0000,1.0000,False,False,False
44300,1.0000,0.0000,False,False,False
44301,1.0000,0.0000,False,False,False
44302,1.0000,0.0000,False,False,False
44303,1.0000,0.0000,False,False,False
44304,1.0000,0.0000,False,False,False
44305,0.0000,1.0000,False,False,False
44306,0.0000,1.0000,False,False,False
44307,1.0000,0.0000,False,False,False
44308,1.0000,0.0000,False,False,False
44309,0.0000,1.0000,False,False,False
44310,1.0000,0.0000,False,False,False
44311,1.0000,0.0000,False,False,False
44312,0.0000,1.0000,False,False,False
44313,1.0000,0.0000,False,False,False
44314,1.0000,0.0000,False,False,False
44315,0.0000,1.0000,False,False,False
44316,1.0000,0.0000,False,False,False
44317,1.0000,0.0000,False,False,False
44318,1.0000,0.0000,False,False,False
44319,1.0000,0.0000,False,False,False
44320,1.0000,0.0000,False,False,False
44321,1.0000,0.0000,False,False,False
44322,1.0000,0.0000,False,False,False
44323,1.0000,0.0000,False,False,False
44324,1.0000,0.0000,False,False,False
44325,1.0000,0.0000,False,False,False
44326,1.0000,0.0000,False,False,False
44327,1.0000,0.0000,False,False,False
44328,0.0000,1.0000,False,False,False
44329,1.0000,0.0000,False,False,False
44330,1.0000,0.0000,False,False,False
44331,0.0000,1.0000,False,False,False
44332,1.0000,0.0000,False,False,False
44333,1.0000,0.0000,False,False,False
44334,1.0000,0.0000,False,False,False
44335,1.0000,0.0000,False,False,False
44336,1.0000,0.0000,False,False,False
44337,1.0000,0.0000,False,False,False
44338,1.0000,0.0000,False,False,False
44339,1.0000,0.0000,False,False,False
44340,1.0000,0.0000,False,False,False
44341,0.0000,1.0000,False,False,False
44342,1.0000,0.0000,False,False,False
44343,1.0000,0.0000,False,False,False
44344,0.0000,1.0000,False,False,False
44345,1.0000,0.0000,False,False,False
44346,1.0000,0.0000,False,False,False
44347,1.0000,0.0000,False,False,False
44348,1.0000,0.0000,False,False,False
44349,1.0000,0.0000,False,False,False
44350,1.0000,0.0000,False,False,False
44351,0.0000,1.0000,False,False,False
44352,0.0000,1.0000,False,False,False
44353,1.0000,0.0000,False,False,False
44354,1.0000,0.0000,False,False,False
44355,0.0000,1.0000,False,False,False
44356,1.0000,0.0000,False,False,False
44357,0.0000,1.0000,False,False,False
44358,1.0000,0.0000,False,False,False
44359,1.0000,0.0000,False,False,False
44360,1.0000,0.0000,False,False,False
44361,1.0000,0.0000,False,False,False
44362,1.0000,0.0000,False,False,False
44363,1.0000,0.0000,False,False,False
44364,1.0000,0.0000,False,False,False
44365,1.0000,0.0000,False,False,False
44366,0.0000,1.0000,False,False,False
44367,1.0000,0.0000,False,False,False
44368,1.0000,0.0000,False,False,False
44369,1.0000,0.0000,False,False,False
44370,1.0000,0.0000,False,False,False
44371,1.0000,0.0000,False,False,False
44372,1.0000,0.0000,False,False,False
44373,1.0000,0.0000,False,False,False
44374,1.0000,0.0000,False,False,False
44375,1.0000,0.0000,False,False,False
44376,0.0000,1.0000,False,False,False
44377,0.0000,1.0000,False,False,False
44378,0.0000,1.0000,False,False,False
44379,1.0000,0.0000,False,False,False
44380,1.0000,0.0000,False,False,False
44381,1.0000,0.0000,False,False,False
44382,0.0000,1.0000,False,False,False
44383,1.0000,0.0000,False,False,False
44384,1.0000,0.0000,False,False,False
44385,1.0000,0.0000,False,False,False
44386,1.0000,0.0000,False,False,False
44387,1.0000,0.0000,False,False,False
44388,1.0000,0.0000,False,False,False
44389,0.0000,1.0000,False,False,False
44390,0.0000,1.0000,False,False,False
44391,1.0000,0.0000,False,False,False
44392,1.0000,0.0000,False,False,False
44393,1.0000,0.0000,False,False,False
44394,1.0000,0.0000,False,False,False
44395,1.0000,0.0000,False,False,False
44396,1.0000,0.0000,False,False,False
44397,1.0000,0.0000,False,False,False
44398,1.0000,0.0000,False,False,False
44399,1.0000,0.0000,False,False,False
44400,1.0000,0.0000,False,False,False
44401,0.0000,1.0000,False,False,False
44402,1.0000,0.0000,False,False,False
44403,1.0000,0.0000,False,False,False
44404,1.0000,0.0000,False,False,False
44405,0.0000,1.0000,False,False,False
44406,0.0000,1.0000,False,False,False
44407,1.0000,0.0000,False,False,False
44408,1.0000,0.0000,False,False,False
44409,1.0000,0.0000,False,False,False
44410,1.0000,0.0000,False,False,False
44411,1.0000,0.0000,False,False,False
44412,0.0000,1.0000,False,False,False
44413,1.0000,0.0000,False,False,False
44414,1.0000,0.0000,False,False,False
44415,1.0000,0.0000,False,False,False
44416,1.0000,0.0000,False,False,False
44417,1.0000,0.0000,False,False,False
44418,1.0000,0.0000,False,False,False
44419,1.0000,0.0000,False,False,False
44420,1.0000,0.0000,False,False,False
44421,1.0000,0.0000,False,False,False
44422,0.0000,1.0000,False,False,False
44423,1.0000,0.0000,False,False,False
44424,0.0000,1.0000,False,False,False
44425,1.0000,0.0000,False,False,False
44426,1.0000,0.0000,False,False,False
44427,1.0000,0.0000,False,False,False
44428,1.0000,0.0000,False,False,False
44429,1.0000,0.0000,False,False,False
44430,1.0000,0.0000,False,False,False
44431,1.0000,0.0000,False,False,False
44432,1.0000,0.0000,False,False,False
44433,1.0000,0.0000,False,False,False
44434,0.0000,1.0000,False,False,False
44435,1.0000,0.0000,False,False,False
44436,1.0000,0.0000,False,False,False
44437,1.0000,0.0000,False,False,False
44438,0.0000,1.0000,False,False,False
44439,1.0000,0.0000,False,False,False
44440,1.0000,0.0000,False,False,False
44441,1.0000,0.0000,False,False,False
44442,1.0000,0.0000,False,False,False
44443,1.0000,0.0000,False,False,False
44444,1.0000,0.0000,False,False,False
44445,1.0000,0.0000,False,False,False
44446,0.0000,1.0000,False,False,False
44447,0.0000,1.0000,False,False,False
44448,0.0000,1.0000,False,False,False
44449,0.0000,1.0000,False,False,False
44450,1.0000,0.0000,False,False,False
44451,1.0000,0.0000,False,False,False
44452,1.0000,0.0000,False,False,False
44453,0.0000,1.0000,False,False,False
44454,1.0000,0.0000,False,False,False
44455,0.0000,1.0000,False,False,False
44456,1.0000,0.0000,False,False,False
44457,1.0000,0.0000,False,False,False
44458,1.0000,0.0000,False,False,False
44459,1.0000,0.0000,False,False,False
44460,1.0000,0.0000,False,False,False
44461,0.0000,1.0000,False,False,False
44462,1.0000,0.0000,False,False,False
44463,1.0000,0.0000,False,False,False
44464,1.0000,0.0000,False,False,False
44465,1.0000,0.0000,False,False,False
44466,1.0000,0.0000,False,False,False
44467,1.0000,0.0000,False,False,False
44468,1.0000,0.0000,False,False,False
44469,1.0000,0.0000,False,False,False
44470,1.0000,0.0000,False,False,False
44471,1.0000,0.0000,False,False,False
44472,1.0000,0.0000,False,False,False
44473,1.0000,0.0000,False,False,False
44474,1.0000,0.0000,False,False,False
44475,1.0000,0.0000,False,False,False
44476,1.0000,0.0000,False,False,False
44477,0.0000,1.0000,False,False,False
44478,0.0000,1.0000,False,False,False
44479,1.0000,0.0000,False,False,False
44480,1.0000,0.0000,False,False,False
44481,1.0000,0.0000,False,False,False
44482,1.0000,0.0000,False,False,False
44483,1.0000,0.0000,False,False,False
44484,0.0000,1.0000,False,False,False
44485,0.0000,1.0000,False,False,False
44486,1.0000,0.0000,False,False,False
44487,1.0000,0.0000,False,False,False
44488,1.0000,0.0000,False,False,False
44489,0.0000,1.0000,False,False,False
44490,1.0000,0.0000,False,False,False
44491,1.0000,0.0000,False,False,False
44492,1.0000,0.0000,False,False,False
44493,1.0000,0.0000,False,False,False
44494,1.0000,0.0000,False,False,False
44495,0.0000,1.0000,False,False,False
44496,1.0000,0.0000,False,False,False
44497,1.0000,0.0000,False,False,False
44498,1.0000,0.0000,False,False,False
44499,0.0000,1.0000,False,False,False
44500,1.0000,0.0000,False,False,False
44501,1.0000,0.0000,False,False,False
44502,1.0000,0.0000,False,False,False
44503,0.0000,1.0000,False,False,False
44504,0.0000,1.0000,False,False,False
44505,1.0000,0.0000,False,False,False
44506,1.0000,0.0000,False,False,False
44507,1.0000,0.0000,False,False,False
44508,1.0000,0.0000,False,False,False
44509,0.0000,1.0000,False,False,False
44510,0.0000,1.0000,False,False,False
44511,1.0000,0.0000,False,False,False
44512,1.0000,0.0000,False,False,False
44513,1.0000,0.0000,False,False,False
44514,1.0000,0.0000,False,False,False
44515,1.0000,0.0000,False,False,False
44516,0.0000,1.0000,False,False,False
44517,1.0000,0.0000,False,False,False
44518,1.0000,0.0000,False,False,False
44519,1.0000,0.0000,False,False,False
44520,1.0000,0.0000,False,False,False
44521,0.0000,1.0000,False,False,False
44522,1.0000,0.0000,False,False,False
44523,1.0000,0.0000,False,False,False
44524,1.0000,0.0000,False,False,False
44525,1.0000,0.0000,False,False,False
44526,1.0000,0.0000,False,False,False
44527,1.0000,0.0000,False,False,False
44528,0.0000,1.0000,False,False,False
44529,1.0000,0.0000,False,False,False
44530,1.0000,0.0000,False,False,False
44531,1.0000,0.0000,False,False,False
44532,1.0000,0.0000,False,False,False
44533,0.0000,1.0000,False,False,False
44534,1.0000,0.0000,False,False,False
44535,1.0000,0.0000,False,False,False
44536,1.0000,0.0000,False,False,False
44537,1.0000,0.0000,False,False,False
44538,1.0000,0.0000,False,False,False
44539,1.0000,0.0000,False,False,False
44540,1.0000,0.0000,False,False,False
44541,1.0000,0.0000,False,False,False
44542,1.0000,0.0000,False,False,False
44543,0.0000,1.0000,False,False,False
44544,1.0000,0.0000,False,False,False
44545,1.0000,0.0000,False,False,False
44546,0.0000,1.0000,False,False,False
44547,1.0000,0.0000,False,False,False
44548,1.0000,0.0000,False,False,False
44549,0.0000,1.0000,False,False,False
44550,1.0000,0.0000,False,False,False
44551,1.0000,0.0000,False,False,False
44552,1.0000,0.0000,False,False,False
44553,1.0000,0.0000,False,False,False
44554,1.0000,0.0000,False,False,False
44555,0.0000,1.0000,False,False,False
44556,1.0000,0.0000,False,False,False
44557,0.0000,1.0000,False,False,False
44558,1.0000,0.0000,False,False,False
44559,1.0000,0.0000,False,False,False
44560,0.0000,1.0000,False,False,False
44561,0.0000,1.0000,False,False,False
44562,1.0000,0.0000,False,False,False
44563,1.0000,0.0000,False,False,False
44564,1.0000,0.0000,False,False,False
44565,1.0000,0.0000,False,False,False
44566,1.0000,0.0000,False,False,False
44567,1.0000,0.0000,False,False,False
44568,1.0000,0.0000,False,False,False
44569,1.0000,0.0000,False,False,False
44570,1.0000,0.0000,False,False,False
44571,1.0000,0.0000,False,False,False
44572,0.0000,1.0000,False,False,False
44573,1.0000,0.0000,False,False,False
44574,1.0000,0.0000,False,False,False
44575,1.0000,0.0000,False,False,False
44576,1.0000,0.0000,False,False,False
44577,1.0000,0.0000,False,False,False
44578,1.0000,0.0000,False,False,False
44579,0.0000,1.0000,False,False,False
44580,1.0000,0.0000,False,False,False
44581,1.0000,0.0000,False,False,False
44582,1.0000,0.0000,False,False,False
44583,0.0000,1.0000,False,False,False
44584,1.0000,0.0000,False,False,False
44585,1.0000,0.0000,False,False,False
44586,1.0000,0.0000,False,False,False
44587,1.0000,0.0000,False,False,False
44588,1.0000,0.0000,False,False,False
44589,1.0000,0.0000,False,False,False
44590,1.0000,0.0000,False,False,False
44591,1.0000,0.0000,False,False,False
44592,1.0000,0.0000,False,False,False
44593,0.0000,1.0000,False,False,False
44594,1.0000,0.0000,False,False,False
44595,1.0000,0.0000,False,False,False
44596,1.0000,0.0000,False,False,False
44597,0.0000,1.0000,False,False,False
44598,1.0000,0.0000,False,False,False
44599,1.0000,0.0000,False,False,False
44600,0.0000,1.0000,False,False,False
44601,1.0000,0.0000,False,False,False
44602,1.0000,0.0000,False,False,False
44603,0.0000,1.0000,False,False,False
44604,1.0000,0.0000,False,False,False
44605,0.0000,1.0000,False,False,False
44606,1.0000,0.0000,False,False,False
44607,0.0000,1.0000,False,False,False
44608,1.0000,0.0000,False,False,False
44609,1.0000,0.0000,False,False,False
44610,0.0000,1.0000,False,False,False
44611,1.0000,0.0000,False,False,False
44612,1.0000,0.0000,False,False,False
44613,1.0000,0.0000,False,False,False
44614,1.0000,0.0000,False,False,False
44615,1.0000,0.0000,False,False,False
44616,1.0000,0.0000,False,False,False
44617,1.0000,0.0000,False,False,False
44618,1.0000,0.0000,False,False,False
44619,1.0000,0.0000,False,False,False
44620,0.0000,1.0000,False,False,False
44621,1.0000,0.0000,False,False,False
44622,0.0000,1.0000,False,False,False
44623,1.0000,0.0000,False,False,False
44624,1.0000,0.0000,False,False,False
44625,0.0000,1.0000,False,False,False
44626,0.0000,1.0000,False,False,False
44627,1.0000,0.0000,False,False,False
44628,1.0000,0.0000,False,False,False
44629,1.0000,0.0000,False,False,False
44630,1.0000,0.0000,False,False,False
44631,1.0000,0.0000,False,False,False
44632,1.0000,0.0000,False,False,False
44633,1.0000,0.0000,False,False,False
44634,1.0000,0.0000,False,False,False
44635,1.0000,0.0000,False,False,False
44636,1.0000,0.0000,False,False,False
44637,1.0000,0.0000,False,False,False
44638,1.0000,0.0000,False,False,False
44639,1.0000,0.0000,False,False,False
44640,1.0000,0.0000,False,False,False
44641,1.0000,0.0000,False,False,False
44642,1.0000,0.0000,False,False,False
44643,1.0000,0.0000,False,False,False
44644,1.0000,0.0000,False,False,False
44645,1.0000,0.0000,False,False,False
44646,0.0000,1.0000,False,False,False
44647,0.0000,1.0000,False,False,False
44648,0.0000,1.0000,False,False,False
44649,1.0000,0.0000,False,False,False
44650,1.0000,0.0000,False,False,False
44651,1.0000,0.0000,False,False,False
44652,1.0000,0.0000,False,False,False
44653,1.0000,0.0000,False,False,False
44654,1.0000,0.0000,False,False,False
44655,1.0000,0.0000,False,False,False
44656,1.0000,0.0000,False,False,False
44657,1.0000,0.0000,False,False,False
44658,0.0000,1.0000,False,False,False
44659,1.0000,0.0000,False,False,False
44660,1.0000,0.0000,False,False,False
44661,1.0000,0.0000,False,False,False
44662,1.0000,0.0000,False,False,False
44663,1.0000,0.0000,False,False,False
44664,0.0000,1.0000,False,False,False
44665,1.0000,0.0000,False,False,False
44666,1.0000,0.0000,False,False,False
44667,1.0000,0.0000,False,False,False
44668,1.0000,0.0000,False,False,False
44669,0.0000,1.0000,False,False,False
44670,1.0000,0.0000,False,False,False
44671,1.0000,0.0000,False,False,False
44672,1.0000,0.0000,False,False,False
44673,1.0000,0.0000,False,False,False
44674,0.0000,1.0000,False,False,False
44675,1.0000,0.0000,False,False,False
44676,1.0000,0.0000,False,False,False
44677,0.0000,1.0000,False,False,False
44678,0.0000,1.0000,False,False,False
44679,1.0000,0.0000,False,False,False
44680,1.0000,0.0000,False,False,False
44681,1.0000,0.0000,False,False,False
44682,1.0000,0.0000,False,False,False
44683,1.0000,0.0000,False,False,False
44684,0.0000,1.0000,False,False,False
44685,1.0000,0.0000,False,False,False
44686,1.0000,0.0000,False,False,False
44687,1.0000,0.0000,False,False,False
44688,1.0000,0.0000,False,False,False
44689,1.0000,0.0000,False,False,False
44690,0.0000,1.0000,False,False,False
44691,1.0000,0.0000,False,False,False
44692,1.0000,0.0000,False,False,False
44693,0.0000,1.0000,False,False,False
44694,1.0000,0.0000,False,False,False
44695,0.0000,1.0000,False,False,False
44696,1.0000,0.0000,False,False,False
44697,1.0000,0.0000,False,False,False
44698,1.0000,0.0000,False,False,False
44699,1.0000,0.0000,False,False,False
44700,1.0000,0.0000,False,False,False
44701,1.0000,0.0000,False,False,False
44702,0.0000,1.0000,False,False,False
44703,1.0000,0.0000,False,False,False
44704,0.0000,1.0000,False,False,False
44705,1.0000,0.0000,False,False,False
44706,1.0000,0.0000,False,False,False
44707,1.0000,0.0000,False,False,False
44708,1.0000,0.0000,False,False,False
44709,0.0000,1.0000,False,False,False
44710,1.0000,0.0000,False,False,False
44711,0.0000,1.0000,False,False,False
44712,0.0000,1.0000,False,False,False
44713,1.0000,0.0000,False,False,False
44714,0.0000,1.0000,False,False,False
44715,1.0000,0.0000,False,False,False
44716,1.0000,0.0000,False,False,False
44717,0.0000,1.0000,False,False,False
44718,0.0000,1.0000,False,False,False
44719,0.0000,1.0000,False,False,False
44720,1.0000,0.0000,False,False,False
44721,1.0000,0.0000,False,False,False
44722,1.0000,0.0000,False,False,False
44723,1.0000,0.0000,False,False,False
44724,1.0000,0.0000,False,False,False
44725,0.0000,1.0000,False,False,False
44726,1.0000,0.0000,False,False,False
44727,1.0000,0.0000,False,False,False
44728,1.0000,0.0000,False,False,False
44729,1.0000,0.0000,False,False,False
44730,1.0000,0.0000,False,False,False
44731,1.0000,0.0000,False,False,False
44732,1.0000,0.0000,False,False,False
44733,1.0000,0.0000,False,False,False
44734,1.0000,0.0000,False,False,False
44735,1.0000,0.0000,False,False,False
44736,1.0000,0.0000,False,False,False
44737,1.0000,0.0000,False,False,False
44738,1.0000,0.0000,False,False,False
44739,1.0000,0.0000,False,False,False
44740,0.0000,1.0000,False,False,False
44741,1.0000,0.0000,False,False,False
44742,1.0000,0.0000,False,False,False
44743,1.0000,0.0000,False,False,False
44744,1.0000,0.0000,False,False,False
44745,1.0000,0.0000,False,False,False
44746,1.0000,0.0000,False,False,False
44747,1.0000,0.0000,False,False,False
44748,1.0000,0.0000,False,False,False
44749,1.0000,0.0000,False,False,False
44750,0.0000,1.0000,False,False,False
44751,1.0000,0.0000,False,False,False
44752,1.0000,0.0000,False,False,False
44753,1.0000,0.0000,False,False,False
44754,0.0000,1.0000,False,False,False
44755,1.0000,0.0000,False,False,False
44756,0.0000,1.0000,False,False,False
44757,1.0000,0.0000,False,False,False
44758,0.0000,1.0000,False,False,False
44759,0.0000,1.0000,False,False,False
44760,1.0000,0.0000,False,False,False
44761,1.0000,0.0000,False,False,False
44762,1.0000,0.0000,False,False,False
44763,0.0000,1.0000,False,False,False
44764,1.0000,0.0000,False,False,False
44765,0.0000,1.0000,False,False,False
44766,0.0000,1.0000,False,False,False
44767,1.0000,0.0000,False,False,False
44768,1.0000,0.0000,False,False,False
44769,1.0000,0.0000,False,False,False
44770,1.0000,0.0000,False,False,False
44771,0.0000,1.0000,False,False,False
44772,1.0000,0.0000,False,False,False
44773,0.0000,1.0000,False,False,False
44774,1.0000,0.0000,False,False,False
44775,0.0000,1.0000,False,False,False
44776,1.0000,0.0000,False,False,False
44777,1.0000,0.0000,False,False,False
44778,1.0000,0.0000,False,False,False
44779,1.0000,0.0000,False,False,False
44780,1.0000,0.0000,False,False,False
44781,1.0000,0.0000,False,False,False
44782,1.0000,0.0000,False,False,False
44783,1.0000,0.0000,False,False,False
44784,1.0000,0.0000,False,False,False
44785,1.0000,0.0000,False,False,False
44786,1.0000,0.0000,False,False,False
44787,1.0000,0.0000,False,False,False
44788,1.0000,0.0000,False,False,False
44789,1.0000,0.0000,False,False,False
44790,1.0000,0.0000,False,False,False
44791,0.0000,1.0000,False,False,False
44792,1.0000,0.0000,False,False,False
44793,0.0000,1.0000,False,False,False
44794,1.0000,0.0000,False,False,False
44795,1.0000,0.0000,False,False,False
44796,1.0000,0.0000,False,False,False
44797,1.0000,0.0000,False,False,False
44798,1.0000,0.0000,False,False,False
44799,1.0000,0.0000,False,False,False
44800,1.0000,0.0000,False,False,False
44801,1.0000,0.0000,False,False,False
44802,1.0000,0.0000,False,False,False
44803,1.0000,0.0000,False,False,False
44804,1.0000,0.0000,False,False,False
44805,0.0000,1.0000,False,False,False
44806,0.0000,1.0000,False,False,False
44807,1.0000,0.0000,False,False,False
44808,1.0000,0.0000,False,False,False
44809,1.0000,0.0000,False,False,False
44810,1.0000,0.0000,False,False,False
44811,0.0000,1.0000,False,False,False
44812,1.0000,0.0000,False,False,False
44813,1.0000,0.0000,False,False,False
44814,1.0000,0.0000,False,False,False
44815,0.0000,1.0000,False,False,False
44816,0.0000,1.0000,False,False,False
44817,1.0000,0.0000,False,False,False
44818,1.0000,0.0000,False,False,False
44819,1.0000,0.0000,False,False,False
44820,1.0000,0.0000,False,False,False
44821,1.0000,0.0000,False,False,False
44822,1.0000,0.0000,False,False,False
44823,1.0000,0.0000,False,False,False
44824,1.0000,0.0000,False,False,False
44825,1.0000,0.0000,False,False,False
44826,1.0000,0.0000,False,False,False
44827,1.0000,0.0000,False,False,False
44828,1.0000,0.0000,False,False,False
44829,1.0000,0.0000,False,False,False
44830,1.0000,0.0000,False,False,False
44831,1.0000,0.0000,False,False,False
44832,1.0000,0.0000,False,False,False
44833,1.0000,0.0000,False,False,False
44834,1.0000,0.0000,False,False,False
44835,1.0000,0.0000,False,False,False
44836,1.0000,0.0000,False,False,False
44837,1.0000,0.0000,False,False,False
44838,0.0000,1.0000,False,False,False
44839,1.0000,0.0000,False,False,False
44840,0.0000,1.0000,False,False,False
44841,0.0000,1.0000,False,False,False
44842,1.0000,0.0000,False,False,False
44843,0.0000,1.0000,False,False,False
44844,1.0000,0.0000,False,False,False
44845,1.0000,0.0000,False,False,False
44846,1.0000,0.0000,False,False,False
44847,0.0000,1.0000,False,False,False
44848,0.0000,1.0000,False,False,False
44849,0.0000,1.0000,False,False,False
44850,1.0000,0.0000,False,False,False
44851,1.0000,0.0000,False,False,False
44852,1.0000,0.0000,False,False,False
44853,1.0000,0.0000,False,False,False
44854,1.0000,0.0000,False,False,False
44855,1.0000,0.0000,False,False,False
44856,1.0000,0.0000,False,False,False
44857,0.0000,1.0000,False,False,False
44858,1.0000,0.0000,False,False,False
44859,1.0000,0.0000,False,False,False
44860,0.0000,1.0000,False,False,False
44861,1.0000,0.0000,False,False,False
44862,1.0000,0.0000,False,False,False
44863,1.0000,0.0000,False,False,False
44864,1.0000,0.0000,False,False,False
44865,0.0000,1.0000,False,False,False
44866,1.0000,0.0000,False,False,False
44867,1.0000,0.0000,False,False,False
44868,1.0000,0.0000,False,False,False
44869,1.0000,0.0000,False,False,False
44870,1.0000,0.0000,False,False,False
44871,1.0000,0.0000,False,False,False
44872,1.0000,0.0000,False,False,False
44873,1.0000,0.0000,False,False,False
44874,1.0000,0.0000,False,False,False
44875,0.0000,1.0000,False,False,False
44876,1.0000,0.0000,False,False,False
44877,1.0000,0.0000,False,False,False
44878,0.0000,1.0000,False,False,False
44879,1.0000,0.0000,False,False,False
44880,1.0000,0.0000,False,False,False
44881,0.0000,1.0000,False,False,False
44882,0.0000,1.0000,False,False,False
44883,0.0000,1.0000,False,False,False
44884,1.0000,0.0000,False,False,False
44885,1.0000,0.0000,False,False,False
44886,1.0000,0.0000,False,False,False
44887,1.0000,0.0000,False,False,False
44888,0.0000,1.0000,False,False,False
44889,1.0000,0.0000,False,False,False
44890,1.0000,0.0000,False,False,False
44891,0.0000,1.0000,False,False,False
44892,0.0000,1.0000,False,False,False
44893,1.0000,0.0000,False,False,False
44894,1.0000,0.0000,False,False,False
44895,1.0000,0.0000,False,False,False
44896,0.0000,1.0000,False,False,False
44897,1.0000,0.0000,False,False,False
44898,1.0000,0.0000,False,False,False
44899,0.0000,1.0000,False,False,False
44900,1.0000,0.0000,False,False,False
44901,1.0000,0.0000,False,False,False
44902,0.0000,1.0000,False,False,False
44903,1.0000,0.0000,False,False,False
44904,0.0000,1.0000,False,False,False
44905,1.0000,0.0000,False,False,False
44906,1.0000,0.0000,False,False,False
44907,1.0000,0.0000,False,False,False
44908,1.0000,0.0000,False,False,False
44909,1.0000,0.0000,False,False,False
44910,0.0000,1.0000,False,False,False
44911,1.0000,0.0000,False,False,False
44912,1.0000,0.0000,False,False,False
44913,1.0000,0.0000,False,False,False
44914,1.0000,0.0000,False,False,False
44915,0.0000,1.0000,False,False,False
44916,1.0000,0.0000,False,False,False
44917,0.0000,1.0000,False,False,False
44918,1.0000,0.0000,False,False,False
44919,1.0000,0.0000,False,False,False
44920,0.0000,1.0000,False,False,False
44921,0.0000,1.0000,False,False,False
44922,1.0000,0.0000,False,False,False
44923,1.0000,0.0000,False,False,False
44924,1.0000,0.0000,False,False,False
44925,1.0000,0.0000,False,False,False
44926,1.0000,0.0000,False,False,False
44927,1.0000,0.0000,False,False,False
44928,0.0000,1.0000,False,False,False
44929,1.0000,0.0000,False,False,False
44930,0.0000,1.0000,False,False,False
44931,0.0000,1.0000,False,False,False
44932,1.0000,0.0000,False,False,False
44933,1.0000,0.0000,False,False,False
44934,1.0000,0.0000,False,False,False
44935,0.0000,1.0000,False,False,False
44936,1.0000,0.0000,False,False,False
44937,1.0000,0.0000,False,False,False
44938,1.0000,0.0000,False,False,False
44939,0.0000,1.0000,False,False,False
44940,1.0000,0.0000,False,False,False
44941,1.0000,0.0000,False,False,False
44942,1.0000,0.0000,False,False,False
44943,1.0000,0.0000,False,False,False
44944,0.0000,1.0000,False,False,False
44945,1.0000,0.0000,False,False,False
44946,1.0000,0.0000,False,False,False
44947,1.0000,0.0000,False,False,False
44948,1.0000,0.0000,False,False,False
44949,1.0000,0.0000,False,False,False
44950,1.0000,0.0000,False,False,False
44951,1.0000,0.0000,False,False,False
44952,1.0000,0.0000,False,False,False
44953,1.0000,0.0000,False,False,False
44954,1.0000,0.0000,False,False,False
44955,1.0000,0.0000,False,False,False
44956,0.0000,1.0000,False,False,False
44957,0.0000,1.0000,False,False,False
44958,1.0000,0.0000,False,False,False
44959,0.0000,1.0000,False,False,False
44960,0.0000,1.0000,False,False,False
44961,0.0000,1.0000,False,False,False
44962,1.0000,0.0000,False,False,False
44963,0.0000,1.0000,False,False,False
44964,1.0000,0.0000,False,False,False
44965,0.0000,1.0000,False,False,False
44966,0.0000,1.0000,False,False,False
44967,1.0000,0.0000,False,False,False
44968,1.0000,0.0000,False,False,False
44969,1.0000,0.0000,False,False,False
44970,0.0000,1.0000,False,False,False
44971,1.0000,0.0000,False,False,False
44972,0.0000,1.0000,False,False,False
44973,1.0000,0.0000,False,False,False
44974,0.0000,1.0000,False,False,False
44975,0.0000,1.0000,False,False,False
44976,1.0000,0.0000,False,False,False
44977,1.0000,0.0000,False,False,False
44978,1.0000,0.0000,False,False,False
44979,1.0000,0.0000,False,False,False
44980,1.0000,0.0000,False,False,False
44981,1.0000,0.0000,False,False,False
44982,1.0000,0.0000,False,False,False
44983,1.0000,0.0000,False,False,False
44984,1.0000,0.0000,False,False,False
44985,1.0000,0.0000,False,False,False
44986,0.0000,1.0000,False,False,False
44987,1.0000,0.0000,False,False,False
44988,1.0000,0.0000,False,False,False
44989,0.0000,1.0000,False,False,False
44990,1.0000,0.0000,False,False,False
44991,0.0000,1.0000,False,False,False
44992,1.0000,0.0000,False,False,False
44993,1.0000,0.0000,False,False,False
44994,1.0000,0.0000,False,False,False
44995,1.0000,0.0000,False,False,False
44996,1.0000,0.0000,False,False,False
44997,1.0000,0.0000,False,False,False
44998,1.0000,0.0000,False,False,False
44999,0.0000,1.0000,False,False,False
45000,1.0000,0.0000,True,True,False
45001,1.0000,0.0000,True,True,False
45002,1.0000,0.0000,True,True,False
45003,1.0000,0.0000,True,True,False
45004,1.0000,0.0000,True,True,False
45005,0.0000,1.0000,True,True,False
45006,1.0000,0.0000,True,True,False
45007,1.0000,0.0000,True,True,False
45008,0.0000,1.0000,True,True,False
45009,1.0000,0.0000,True,True,False
45010,1.0000,0.0000,True,False,True
45011,0.0000,1.0000,False,False,False
45012,1.0000,0.0000,False,False,False
45013,1.0000,0.0000,False,False,False
45014,1.0000,0.0000,False,False,False
45015,1.0000,0.0000,False,False,False
45016,0.0000,1.0000,False,False,False
45017,0.0000,1.0000,False,False,False
45018,1.0000,0.0000,False,False,False
45019,0.0000,1.0000,False,False,False
45020,1.0000,0.0000,False,False,False
45021,1.0000,0.0000,False,False,False
45022,0.0000,1.0000,False,False,False
45023,1.0000,0.0000,False,False,False
45024,1.0000,0.0000,False,False,False
45025,0.0000,1.0000,False,False,False
45026,1.0000,0.0000,False,False,False
45027,1.0000,0.0000,False,False,False
45028,1.0000,0.0000,False,False,False
45029,1.0000,0.0000,False,False,False
45030,1.0000,0.0000,False,False,False
45031,1.0000,0.0000,False,False,False
45032,0.0000,1.0000,False,False,False
45033,1.0000,0.0000,False,False,False
45034,1.0000,0.0000,False,False,False
45035,0.0000,1.0000,False,False,False
45036,0.0000,1.0000,False,False,False
45037,1.0000,0.0000,False,False,False
45038,1.0000,0.0000,False,False,False
45039,1.0000,0.0000,False,False,False
45040,1.0000,0.0000,False,False,False
45041,1.0000,0.0000,False,False,False
45042,1.0000,0.0000,False,False,False
45043,1.0000,0.0000,False,False,False
45044,0.0000,1.0000,False,False,False
45045,1.0000,0.0000,False,False,False
45046,0.0000,1.0000,False,False,False
45047,1.0000,0.0000,False,False,False
45048,1.0000,0.0000,False,False,False
45049,1.0000,0.0000,False,False,False
45050,1.0000,0.0000,False,False,False
45051,1.0000,0.0000,False,False,False
45052,0.0000,1.0000,False,False,False
45053,0.0000,1.0000,False,False,False
45054,0.0000,1.0000,False,False,False
45055,0.0000,1.0000,False,False,False
45056,1.0000,0.0000,False,False,False
45057,1.0000,0.0000,False,False,False
45058,1.0000,0.0000,False,False,False
45059,1.0000,0.0000,False,False,False
45060,1.0000,0.0000,False,False,False
45061,1.0000,0.0000,False,False,False
45062,1.0000,0.0000,False,False,False
45063,1.0000,0.0000,False,False,False
45064,1.0000,0.0000,False,False,False
45065,1.0000,0.0000,False,False,False
45066,1.0000,0.0000,False,False,False
45067,1.0000,0.0000,False,False,False
45068,1.0000,0.0000,False,False,False
45069,1.0000,0.0000,False,False,False
45070,1.0000,0.0000,False,False,False
45071,1.0000,0.0000,False,False,False
45072,1.0000,0.0000,False,False,False
45073,1.0000,0.0000,False,False,False
45074,1.0000,0.0000,False,False,False
45075,1.0000,0.0000,False,False,False
45076,1.0000,0.0000,False,False,False
45077,0.0000,1.0000,False,False,False
45078,1.0000,0.0000,False,False,False
45079,0.0000,1.0000,False,False,False
45080,1.0000,0.0000,False,False,False
45081,0.0000,1.0000,False,False,False
45082,1.0000,0.0000,False,False,False
45083,1.0000,0.0000,False,False,False
45084,0.0000,1.0000,False,False,False
45085,1.0000,0.0000,False,False,False
45086,0.0000,1.0000,False,False,False
45087,0.0000,1.0000,False,False,False
45088,0.0000,1.0000,False,False,False
45089,0.0000,1.0000,False,False,False
45090,0.0000,1.0000,False,False,False
45091,1.0000,0.0000,False,False,False
45092,0.0000,1.0000,False,False,False
45093,1.0000,0.0000,False,False,False
45094,1.0000,0.0000,False,False,False
45095,0.0000,1.0000,False,False,False
45096,1.0000,0.0000,False,False,False
45097,0.0000,1.0000,False,False,False
45098,1.0000,0.0000,False,False,False
45099,0.0000,1.0000,False,False,False
45100,1.0000,0.0000,False,False,False
45101,1.0000,0.0000,False,False,False
45102,1.0000,0.0000,False,False,False
45103,1.0000,0.0000,False,False,False
45104,0.0000,1.0000,False,False,False
45105,1.0000,0.0000,False,False,False
45106,1.0000,0.0000,False,False,False
45107,0.0000,1.0000,False,False,False
45108,1.0000,0.0000,False,False,False
45109,1.0000,0.0000,False,False,False
45110,1.0000,0.0000,False,False,False
45111,1.0000,0.0000,False,False,False
45112,1.0000,0.0000,False,False,False
45113,1.0000,0.0000,False,False,False
45114,1.0000,0.0000,False,False,False
45115,1.0000,0.0000,False,False,False
45116,1.0000,0.0000,False,False,False
45117,0.0000,1.0000,False,False,False
45118,0.0000,1.0000,False,False,False
45119,1.0000,0.0000,False,False,False
45120,0.0000,1.0000,False,False,False
45121,1.0000,0.0000,False,False,False
45122,1.0000,0.0000,False,False,False
45123,1.0000,0.0000,False,False,False
45124,1.0000,0.0000,False,False,False
45125,1.0000,0.0000,False,False,False
45126,1.0000,0.0000,False,False,False
45127,0.0000,1.0000,False,False,False
45128,1.0000,0.0000,False,False,False
45129,0.0000,1.0000,False,False,False
45130,1.0000,0.0000,False,False,False
45131,0.0000,1.0000,False,False,False
45132,0.0000,1.0000,False,False,False
45133,0.0000,1.0000,False,False,False
45134,1.0000,0.0000,False,False,False
45135,1.0000,0.0000,False,False,False
45136,1.0000,0.0000,False,False,False
45137,0.0000,1.0000,False,False,False
45138,1.0000,0.0000,False,False,False
45139,1.0000,0.0000,False,False,False
45140,0.0000,1.0000,False,False,False
45141,1.0000,0.0000,False,False,False
45142,1.0000,0.0000,False,False,False
45143,0.0000,1.0000,False,False,False
45144,1.0000,0.0000,False,False,False
45145,1.0000,0.0000,False,False,False
45146,0.0000,1.0000,False,False,False
45147,0.0000,1.0000,False,False,False
45148,1.0000,0.0000,False,False,False
45149,1.0000,0.0000,False,False,False
45150,1.0000,0.0000,False,False,False
45151,1.0000,0.0000,False,False,False
45152,0.0000,1.0000,False,False,False
45153,1.0000,0.0000,False,False,False
45154,0.0000,1.0000,False,False,False
45155,1.0000,0.0000,False,False,False
45156,0.0000,1.0000,False,False,False
45157,1.0000,0.0000,False,False,False
45158,1.0000,0.0000,False,False,False
45159,1.0000,0.0000,False,False,False
45160,1.0000,0.0000,False,False,False
45161,1.0000,0.0000,False,False,False
45162,1.0000,0.0000,False,False,False
45163,1.0000,0.0000,False,False,False
45164,1.0000,0.0000,False,False,False
45165,1.0000,0.0000,False,False,False
45166,1.0000,0.0000,False,False,False
45167,1.0000,0.0000,False,False,False
45168,0.0000,1.0000,False,False,False
45169,1.0000,0.0000,False,False,False
45170,0.0000,1.0000,False,False,False
45171,0.0000,1.0000,False,False,False
45172,1.0000,0.0000,False,False,False
45173,1.0000,0.0000,False,False,False
45174,1.0000,0.0000,False,False,False
45175,1.0000,0.0000,False,False,False
45176,0.0000,1.0000,False,False,False
45177,1.0000,0.0000,False,False,False
45178,1.0000,0.0000,False,False,False
45179,0.0000,1.0000,False,False,False
45180,1.0000,0.0000,False,False,False
45181,1.0000,0.0000,False,False,False
45182,0.0000,1.0000,False,False,False
45183,1.0000,0.0000,False,False,False
45184,1.0000,0.0000,False,False,False
45185,1.0000,0.0000,False,False,False
45186,1.0000,0.0000,False,False,False
45187,0.0000,1.0000,False,False,False
45188,0.0000,1.0000,False,False,False
45189,0.0000,1.0000,False,False,False
45190,1.0000,0.0000,False,False,False
45191,1.0000,0.0000,False,False,False
45192,1.0000,0.0000,False,False,False
45193,1.0000,0.0000,False,False,False
45194,0.0000,1.0000,False,False,False
45195,0.0000,1.0000,False,False,False
45196,0.0000,1.0000,False,False,False
45197,0.0000,1.0000,False,False,False
45198,0.0000,1.0000,False,False,False
45199,1.0000,0.0000,False,False,False
45200,1.0000,0.0000,False,False,False
45201,0.0000,1.0000,False,False,False
45202,1.0000,0.0000,False,False,False
45203,0.0000,1.0000,False,False,False
45204,0.0000,1.0000,False,False,False
45205,1.0000,0.0000,False,False,False
45206,1.0000,0.0000,False,False,False
45207,1.0000,0.0000,False,False,False
45208,1.0000,0.0000,False,False,False
45209,1.0000,0.0000,False,False,False
45210,1.0000,0.0000,False,False,False
45211,1.0000,0.0000,False,False,False
45212,1.0000,0.0000,False,False,False
45213,0.0000,1.0000,False,False,False
45214,0.0000,1.0000,False,False,False
45215,1.0000,0.0000,False,False,False
45216,1.0000,0.0000,False,False,False
45217,0.0000,1.0000,False,False,False
45218,1.0000,0.0000,False,False,False
45219,0.0000,1.0000,False,False,False
45220,0.0000,1.0000,False,False,False
45221,0.0000,1.0000,False,False,False
45222,1.0000,0.0000,False,False,False
45223,1.0000,0.0000,False,False,False
45224,0.0000,1.0000,False,False,False
45225,1.0000,0.0000,False,False,False
45226,1.0000,0.0000,False,False,False
45227,0.0000,1.0000,False,False,False
45228,1.0000,0.0000,False,False,False
45229,1.0000,0.0000,False,False,False
45230,1.0000,0.0000,False,False,False
45231,0.0000,1.0000,False,False,False
45232,1.0000,0.0000,False,False,False
45233,1.0000,0.0000,False,False,False
45234,0.0000,1.0000,False,False,False
45235,0.0000,1.0000,False,False,False
45236,1.0000,0.0000,False,False,False
45237,0.0000,1.0000,False,False,False
45238,1.0000,0.0000,False,False,False
45239,1.0000,0.0000,False,False,False
45240,1.0000,0.0000,False,False,False
45241,0.0000,1.0000,False,False,False
45242,1.0000,0.0000,False,False,False
45243,1.0000,0.0000,False,False,False
45244,0.0000,1.0000,False,False,False
45245,1.0000,0.0000,False,False,False
45246,1.0000,0.0000,False,False,False
45247,1.0000,0.0000,False,False,False
45248,1.0000,0.0000,False,False,False
45249,1.0000,0.0000,False,False,False
45250,1.0000,0.0000,False,False,False
45251,0.0000,1.0000,False,False,False
45252,0.0000,1.0000,False,False,False
45253,1.0000,0.0000,False,False,False
45254,1.0000,0.0000,False,False,False
45255,1.0000,0.0000,False,False,False
45256,1.0000,0.0000,False,False,False
45257,1.0000,0.0000,False,False,False
45258,0.0000,1.0000,False,False,False
45259,1.0000,0.0000,False,False,False
45260,1.0000,0.0000,False,False,False
45261,1.0000,0.0000,False,False,False
45262,0.0000,1.0000,False,False,False
45263,1.0000,0.0000,False,False,False
45264,0.0000,1.0000,False,False,False
45265,1.0000,0.0000,False,False,False
45266,1.0000,0.0000,False,False,False
45267,1.0000,0.0000,False,False,False
45268,1.0000,0.0000,False,False,False
45269,1.0000,0.0000,False,False,False
45270,1.0000,0.0000,False,False,False
45271,1.0000,0.0000,False,False,False
45272,1.0000,0.0000,False,False,False
45273,1.0000,0.0000,False,False,False
45274,1.0000,0.0000,False,False,False
45275,1.0000,0.0000,False,False,False
45276,1.0000,0.0000,False,False,False
45277,0.0000,1.0000,False,False,False
45278,0.0000,1.0000,False,False,False
45279,1.0000,0.0000,False,False,False
45280,0.0000,1.0000,False,False,False
45281,1.0000,0.0000,False,False,False
45282,1.0000,0.0000,False,False,False
45283,1.0000,0.0000,False,False,False
45284,1.0000,0.0000,False,False,False
45285,1.0000,0.0000,False,False,False
45286,1.0000,0.0000,False,False,False
45287,1.0000,0.0000,False,False,False
45288,1.0000,0.0000,False,False,False
45289,1.0000,0.0000,False,False,False
45290,0.0000,1.0000,False,False,False
45291,0.0000,1.0000,False,False,False
45292,0.0000,1.0000,False,False,False
45293,1.0000,0.0000,False,False,False
45294,0.0000,1.0000,False,False,False
45295,1.0000,0.0000,False,False,False
45296,1.0000,0.0000,False,False,False
45297,1.0000,0.0000,False,False,False
45298,1.0000,0.0000,False,False,False
45299,1.0000,0.0000,False,False,False
45300,0.0000,1.0000,False,False,False
45301,1.0000,0.0000,False,False,False
45302,1.0000,0.0000,False,False,False
45303,1.0000,0.0000,False,False,False
45304,1.0000,0.0000,False,False,False
45305,0.0000,1.0000,False,False,False
45306,1.0000,0.0000,False,False,False
45307,1.0000,0.0000,False,False,False
45308,0.0000,1.0000,False,False,False
45309,0.0000,1.0000,False,False,False
45310,0.0000,1.0000,False,False,False
45311,0.0000,1.0000,False,False,False
45312,1.0000,0.0000,False,False,False
45313,0.0000,1.0000,False,False,False
45314,1.0000,0.0000,False,False,False
45315,1.0000,0.0000,False,False,False
45316,1.0000,0.0000,False,False,False
45317,0.0000,1.0000,False,False,False
45318,1.0000,0.0000,False,False,False
45319,1.0000,0.0000,False,False,False
45320,1.0000,0.0000,False,False,False
45321,1.0000,0.0000,False,False,False
45322,1.0000,0.0000,False,False,False
45323,0.0000,1.0000,False,False,False
45324,1.0000,0.0000,False,False,False
45325,1.0000,0.0000,False,False,False
45326,1.0000,0.0000,False,False,False
45327,1.0000,0.0000,False,False,False
45328,1.0000,0.0000,False,False,False
45329,1.0000,0.0000,False,False,False
45330,1.0000,0.0000,False,False,False
45331,1.0000,0.0000,False,False,False
45332,0.0000,1.0000,False,False,False
45333,1.0000,0.0000,False,False,False
45334,1.0000,0.0000,False,False,False
45335,1.0000,0.0000,False,False,False
45336,1.0000,0.0000,False,False,False
45337,0.0000,1.0000,False,False,False
45338,1.0000,0.0000,False,False,False
45339,1.0000,0.0000,False,False,False
45340,1.0000,0.0000,False,False,False
45341,1.0000,0.0000,False,False,False
45342,0.0000,1.0000,False,False,False
45343,1.0000,0.0000,False,False,False
45344,1.0000,0.0000,False,False,False
45345,0.0000,1.0000,False,False,False
45346,1.0000,0.0000,False,False,False
45347,1.0000,0.0000,False,False,False
45348,0.0000,1.0000,False,False,False
45349,1.0000,0.0000,False,False,False
45350,1.0000,0.0000,False,False,False
45351,0.0000,1.0000,False,False,False
45352,1.0000,0.0000,False,False,False
45353,0.0000,1.0000,False,False,False
45354,1.0000,0.0000,False,False,False
45355,1.0000,0.0000,False,False,False
45356,1.0000,0.0000,False,False,False
45357,1.0000,0.0000,False,False,False
45358,1.0000,0.0000,False,False,False
45359,0.0000,1.0000,False,False,False
45360,1.0000,0.0000,False,False,False
45361,1.0000,0.0000,False,False,False
45362,1.0000,0.0000,False,False,False
45363,0.0000,1.0000,False,False,False
45364,1.0000,0.0000,False,False,False
45365,1.0000,0.0000,False,False,False
45366,0.0000,1.0000,False,False,False
45367,1.0000,0.0000,False,False,False
45368,0.0000,1.0000,False,False,False
45369,0.0000,1.0000,False,False,False
45370,1.0000,0.0000,False,False,False
45371,0.0000,1.0000,False,False,False
45372,1.0000,0.0000,False,False,False
45373,0.0000,1.0000,False,False,False
45374,1.0000,0.0000,False,False,False
45375,1.0000,0.0000,False,False,False
45376,0.0000,1.0000,False,False,False
45377,1.0000,0.0000,False,False,False
45378,1.0000,0.0000,False,False,False
45379,1.0000,0.0000,False,False,False
45380,1.0000,0.0000,False,False,False
45381,1.0000,0.0000,False,False,False
45382,0.0000,1.0000,False,False,False
45383,1.0000,0.0000,False,False,False
45384,0.0000,1.0000,False,False,False
45385,1.0000,0.0000,False,False,False
45386,1.0000,0.0000,False,False,False
45387,1.0000,0.0000,False,False,False
45388,0.0000,1.0000,False,False,False
45389,1.0000,0.0000,False,False,False
45390,1.0000,0.0000,False,False,False
45391,0.0000,1.0000,False,False,False
45392,0.0000,1.0000,False,False,False
45393,0.0000,1.0000,False,False,False
45394,1.0000,0.0000,False,False,False
45395,0.0000,1.0000,False,False,False
45396,1.0000,0.0000,False,False,False
45397,1.0000,0.0000,False,False,False
45398,1.0000,0.0000,False,False,False
45399,0.0000,1.0000,False,False,False
45400,1.0000,0.0000,False,False,False
45401,0.0000,1.0000,False,False,False
45402,1.0000,0.0000,False,False,False
45403,0.0000,1.0000,False,False,False
45404,1.0000,0.0000,False,False,False
45405,0.0000,1.0000,False,False,False
45406,1.0000,0.0000,False,False,False
45407,0.0000,1.0000,False,False,False
45408,1.0000,0.0000,False,False,False
45409,1.0000,0.0000,False,False,False
45410,1.0000,0.0000,False,False,False
45411,0.0000,1.0000,False,False,False
45412,1.0000,0.0000,False,False,False
45413,1.0000,0.0000,False,False,False
45414,0.0000,1.0000,False,False,False
45415,1.0000,0.0000,False,False,False
45416,0.0000,1.0000,False,False,False
45417,1.0000,0.0000,False,False,False
45418,1.0000,0.0000,False,False,False
45419,1.0000,0.0000,False,False,False
45420,1.0000,0.0000,False,False,False
45421,0.0000,1.0000,False,False,False
45422,1.0000,0.0000,False,False,False
45423,1.0000,0.0000,False,False,False
45424,1.0000,0.0000,False,False,False
45425,1.0000,0.0000,False,False,False
45426,1.0000,0.0000,False,False,False
45427,0.0000,1.0000,False,False,False
45428,0.0000,1.0000,False,False,False
45429,0.0000,1.0000,False,False,False
45430,1.0000,0.0000,False,False,False
45431,1.0000,0.0000,False,False,False
45432,1.0000,0.0000,False,False,False
45433,0.0000,1.0000,False,False,False
45434,1.0000,0.0000,False,False,False
45435,1.0000,0.0000,False,False,False
45436,1.0000,0.0000,False,False,False
45437,1.0000,0.0000,False,False,False
45438,1.0000,0.0000,False,False,False
45439,1.0000,0.0000,False,False,False
45440,0.0000,1.0000,False,False,False
45441,1.0000,0.0000,False,False,False
45442,0.0000,1.0000,False,False,False
45443,1.0000,0.0000,False,False,False
45444,0.0000,1.0000,False,False,False
45445,0.0000,1.0000,False,False,False
45446,0.0000,1.0000,False,False,False
45447,1.0000,0.0000,False,False,False
45448,1.0000,0.0000,False,False,False
45449,1.0000,0.0000,False,False,False
45450,0.0000,1.0000,False,False,False
45451,1.0000,0.0000,False,False,False
45452,1.0000,0.0000,False,False,False
45453,1.0000,0.0000,False,False,False
45454,1.0000,0.0000,False,False,False
45455,0.0000,1.0000,False,False,False
45456,1.0000,0.0000,False,False,False
45457,1.0000,0.0000,False,False,False
45458,0.0000,1.0000,False,False,False
45459,1.0000,0.0000,False,False,False
45460,1.0000,0.0000,False,False,False
45461,0.0000,1.0000,False,False,False
45462,0.0000,1.0000,False,False,False
45463,1.0000,0.0000,False,False,False
45464,1.0000,0.0000,False,False,False
45465,0.0000,1.0000,False,False,False
45466,1.0000,0.0000,False,False,False
45467,0.0000,1.0000,False,False,False
45468,1.0000,0.0000,False,False,False
45469,1.0000,0.0000,False,False,False
45470,1.0000,0.0000,False,False,False
45471,1.0000,0.0000,False,False,False
45472,0.0000,1.0000,False,False,False
45473,0.0000,1.0000,False,False,False
45474,1.0000,0.0000,False,False,False
45475,0.0000,1.0000,False,False,False
45476,1.0000,0.0000,False,False,False
45477,0.0000,1.0000,False,False,False
45478,0.0000,1.0000,False,False,False
45479,1.0000,0.0000,False,False,False
45480,1.0000,0.0000,False,False,False
45481,1.0000,0.0000,False,False,False
45482,0.0000,1.0000,False,False,False
45483,1.0000,0.0000,False,False,False
45484,1.0000,0.0000,False,False,False
45485,0.0000,1.0000,False,False,False
45486,1.0000,0.0000,False,False,False
45487,1.0000,0.0000,False,False,False
45488,1.0000,0.0000,False,False,False
45489,0.0000,1.0000,False,False,False
45490,0.0000,1.0000,False,False,False
45491,0.0000,1.0000,False,False,False
45492,0.0000,1.0000,False,False,False
45493,0.0000,1.0000,False,False,False
45494,0.0000,1.0000,False,False,False
45495,0.0000,1.0000,False,False,False
45496,1.0000,0.0000,False,False,False
45497,1.0000,0.0000,False,False,False
45498,1.0000,0.0000,False,False,False
45499,1.0000,0.0000,False,False,False
45500,0.0000,1.0000,False,False,False
45501,0.0000,1.0000,False,False,False
45502,1.0000,0.0000,False,False,False
45503,1.0000,0.0000,False,False,False
45504,0.0000,1.0000,False,False,False
45505,1.0000,0.0000,False,False,False
45506,1.0000,0.0000,False,False,False
45507,0.0000,1.0000,False,False,False
45508,0.0000,1.0000,False,False,False
45509,0.0000,1.0000,False,False,False
45510,1.0000,0.0000,False,False,False
45511,1.0000,0.0000,False,False,False
45512,0.0000,1.0000,False,False,False
45513,0.0000,1.0000,False,False,False
45514,1.0000,0.0000,False,False,False
45515,1.0000,0.0000,False,False,False
45516,1.0000,0.0000,False,False,False
45517,0.0000,1.0000,False,False,False
45518,1.0000,0.0000,False,False,False
45519,1.0000,0.0000,False,False,False
45520,1.0000,0.0000,False,False,False
45521,1.0000,0.0000,False,False,False
45522,1.0000,0.0000,False,False,False
45523,1.0000,0.0000,False,False,False
45524,0.0000,1.0000,False,False,False
45525,1.0000,0.0000,False,False,False
45526,1.0000,0.0000,False,False,False
45527,1.0000,0.0000,False,False,False
45528,0.0000,1.0000,False,False,False
45529,1.0000,0.0000,False,False,False
45530,1.0000,0.0000,False,False,False
45531,0.0000,1.0000,False,False,False
45532,1.0000,0.0000,False,False,False
45533,1.0000,0.0000,False,False,False
45534,1.0000,0.0000,False,False,False
45535,1.0000,0.0000,False,False,False
45536,1.0000,0.0000,False,False,False
45537,1.0000,0.0000,False,False,False
45538,0.0000,1.0000,False,False,False
45539,1.0000,0.0000,False,False,False
45540,1.0000,0.0000,False,False,False
45541,1.0000,0.0000,False,False,False
45542,1.0000,0.0000,False,False,False
45543,1.0000,0.0000,False,False,False
45544,1.0000,0.0000,False,False,False
45545,1.0000,0.0000,False,False,False
45546,0.0000,1.0000,False,False,False
45547,1.0000,0.0000,False,False,False
45548,1.0000,0.0000,False,False,False
45549,0.0000,1.0000,False,False,False
45550,1.0000,0.0000,False,False,False
45551,1.0000,0.0000,False,False,False
45552,0.0000,1.0000,False,False,False
45553,1.0000,0.0000,False,False,False
45554,0.0000,1.0000,False,False,False
45555,1.0000,0.0000,False,False,False
45556,1.0000,0.0000,False,False,False
45557,1.0000,0.0000,False,False,False
45558,1.0000,0.0000,False,False,False
45559,1.0000,0.0000,False,False,False
45560,1.0000,0.0000,False,False,False
45561,1.0000,0.0000,False,False,False
45562,1.0000,0.0000,False,False,False
45563,1.0000,0.0000,False,False,False
45564,0.0000,1.0000,False,False,False
45565,0.0000,1.0000,False,False,False
45566,1.0000,0.0000,False,False,False
45567,1.0000,0.0000,False,False,False
45568,0.0000,1.0000,False,False,False
45569,0.0000,1.0000,False,False,False
45570,0.0000,1.0000,False,False,False
45571,1.0000,0.0000,False,False,False
45572,1.0000,0.0000,False,False,False
45573,1.0000,0.0000,False,False,False
45574,1.0000,0.0000,False,False,False
45575,1.0000,0.0000,False,False,False
45576,0.0000,1.0000,False,False,False
45577,1.0000,0.0000,False,False,False
45578,1.0000,0.0000,False,False,False
45579,0.0000,1.0000,False,False,False
45580,1.0000,0.0000,False,False,False
45581,1.0000,0.0000,False,False,False
45582,0.0000,1.0000,False,False,False
45583,1.0000,0.0000,False,False,False
45584,1.0000,0.0000,False,False,False
45585,1.0000,0.0000,False,False,False
45586,0.0000,1.0000,False,False,False
45587,1.0000,0.0000,False,False,False
45588,1.0000,0.0000,False,False,False
45589,0.0000,1.0000,False,False,False
45590,1.0000,0.0000,False,False,False
45591,1.0000,0.0000,False,False,False
45592,1.0000,0.0000,False,False,False
45593,1.0000,0.0000,False,False,False
45594,0.0000,1.0000,False,False,False
45595,1.0000,0.0000,False,False,False
45596,0.0000,1.0000,False,False,False
45597,0.0000,1.0000,False,False,False
45598,1.0000,0.0000,False,False,False
45599,1.0000,0.0000,False,False,False
45600,0.0000,1.0000,False,False,False
45601,1.0000,0.0000,False,False,False
45602,0.0000,1.0000,False,False,False
45603,0.0000,1.0000,False,False,False
45604,0.0000,1.0000,False,False,False
45605,1.0000,0.0000,False,False,False
45606,1.0000,0.0000,False,False,False
45607,0.0000,1.0000,False,False,False
45608,1.0000,0.0000,False,False,False
45609,1.0000,0.0000,False,False,False
45610,1.0000,0.0000,False,False,False
45611,1.0000,0.0000,False,False,False
45612,1.0000,0.0000,False,False,False
45613,0.0000,1.0000,False,False,False
45614,1.0000,0.0000,False,False,False
45615,0.0000,1.0000,False,False,False
45616,1.0000,0.0000,False,False,False
45617,1.0000,0.0000,False,False,False
45618,1.0000,0.0000,False,False,False
45619,1.0000,0.0000,False,False,False
45620,1.0000,0.0000,False,False,False
45621,1.0000,0.0000,False,False,False
45622,1.0000,0.0000,False,False,False
45623,1.0000,0.0000,False,False,False
45624,1.0000,0.0000,False,False,False
45625,1.0000,0.0000,False,False,False
45626,1.0000,0.0000,False,False,False
45627,1.0000,0.0000,False,False,False
45628,1.0000,0.0000,False,False,False
45629,0.0000,1.0000,False,False,False
45630,1.0000,0.0000,False,False,False
45631,1.0000,0.0000,False,False,False
45632,1.0000,0.0000,False,False,False
45633,1.0000,0.0000,False,False,False
45634,1.0000,0.0000,False,False,False
45635,1.0000,0.0000,False,False,False
45636,1.0000,0.0000,False,False,False
45637,0.0000,1.0000,False,False,False
45638,1.0000,0.0000,False,False,False
45639,1.0000,0.0000,False,False,False
45640,1.0000,0.0000,False,False,False
45641,0.0000,1.0000,False,False,False
45642,1.0000,0.0000,False,False,False
45643,1.0000,0.0000,False,False,False
45644,1.0000,0.0000,False,False,False
45645,1.0000,0.0000,False,False,False
45646,1.0000,0.0000,False,False,False
45647,1.0000,0.0000,False,False,False
45648,1.0000,0.0000,False,False,False
45649,1.0000,0.0000,False,False,False
45650,0.0000,1.0000,False,False,False
45651,1.0000,0.0000,False,False,False
45652,1.0000,0.0000,False,False,False
45653,1.0000,0.0000,False,False,False
45654,1.0000,0.0000,False,False,False
45655,1.0000,0.0000,False,False,False
45656,0.0000,1.0000,False,False,False
45657,1.0000,0.0000,False,False,False
45658,1.0000,0.0000,False,False,False
45659,1.0000,0.0000,False,False,False
45660,1.0000,0.0000,False,False,False
45661,1.0000,0.0000,False,False,False
45662,1.0000,0.0000,False,False,False
45663,1.0000,0.0000,False,False,False
45664,1.0000,0.0000,False,False,False
45665,0.0000,1.0000,False,False,False
45666,0.0000,1.0000,False,False,False
45667,1.0000,0.0000,False,False,False
45668,0.0000,1.0000,False,False,False
45669,1.0000,0.0000,False,False,False
45670,1.0000,0.0000,False,False,False
45671,1.0000,0.0000,False,False,False
45672,1.0000,0.0000,False,False,False
45673,0.0000,1.0000,False,False,False
45674,1.0000,0.0000,False,False,False
45675,1.0000,0.0000,False,False,False
45676,1.0000,0.0000,False,False,False
45677,1.0000,0.0000,False,False,False
45678,1.0000,0.0000,False,False,False
45679,0.0000,1.0000,False,False,False
45680,1.0000,0.0000,False,False,False
45681,0.0000,1.0000,False,False,False
45682,1.0000,0.0000,False,False,False
45683,1.0000,0.0000,False,False,False
45684,1.0000,0.0000,False,False,False
45685,1.0000,0.0000,False,False,False
45686,1.0000,0.0000,False,False,False
45687,1.0000,0.0000,False,False,False
45688,1.0000,0.0000,False,False,False
45689,1.0000,0.0000,False,False,False
45690,1.0000,0.0000,False,False,False
45691,1.0000,0.0000,False,False,False
45692,1.0000,0.0000,False,False,False
45693,1.0000,0.0000,False,False,False
45694,1.0000,0.0000,False,False,False
45695,1.0000,0.0000,False,False,False
45696,1.0000,0.0000,False,False,False
45697,1.0000,0.0000,False,False,False
45698,1.0000,0.0000,False,False,False
45699,0.0000,1.0000,False,False,False
45700,0.0000,1.0000,False,False,False
45701,1.0000,0.0000,False,False,False
45702,1.0000,0.0000,False,False,False
45703,0.0000,1.0000,False,False,False
45704,1.0000,0.0000,False,False,False
45705,1.0000,0.0000,False,False,False
45706,1.0000,0.0000,False,False,False
45707,0.0000,1.0000,False,False,False
45708,1.0000,0.0000,False,False,False
45709,1.0000,0.0000,False,False,False
45710,1.0000,0.0000,False,False,False
45711,1.0000,0.0000,False,False,False
45712,1.0000,0.0000,False,False,False
45713,0.0000,1.0000,False,False,False
45714,1.0000,0.0000,False,False,False
45715,1.0000,0.0000,False,False,False
45716,1.0000,0.0000,False,False,False
45717,1.0000,0.0000,False,False,False
45718,1.0000,0.0000,False,False,False
45719,1.0000,0.0000,False,False,False
45720,1.0000,0.0000,False,False,False
45721,1.0000,0.0000,False,False,False
45722,0.0000,1.0000,False,False,False
45723,1.0000,0.0000,False,False,False
45724,1.0000,0.0000,False,False,False
45725,1.0000,0.0000,False,False,False
45726,1.0000,0.0000,False,False,False
45727,1.0000,0.0000,False,False,False
45728,1.0000,0.0000,False,False,False
45729,1.0000,0.0000,False,False,False
45730,1.0000,0.0000,False,False,False
45731,1.0000,0.0000,False,False,False
45732,1.0000,0.0000,False,False,False
45733,1.0000,0.0000,False,False,False
45734,1.0000,0.0000,False,False,False
45735,1.0000,0.0000,False,False,False
45736,1.0000,0.0000,False,False,False
45737,1.0000,0.0000,False,False,False
45738,1.0000,0.0000,False,False,False
45739,1.0000,0.0000,False,False,False
45740,0.0000,1.0000,False,False,False
45741,1.0000,0.0000,False,False,False
45742,1.0000,0.0000,False,False,False
45743,1.0000,0.0000,False,False,False
45744,1.0000,0.0000,False,False,False
45745,0.0000,1.0000,False,False,False
45746,1.0000,0.0000,False,False,False
45747,0.0000,1.0000,False,False,False
45748,0.0000,1.0000,False,False,False
45749,0.0000,1.0000,False,False,False
45750,1.0000,0.0000,False,False,False
45751,0.0000,1.0000,False,False,False
45752,0.0000,1.0000,False,False,False
45753,1.0000,0.0000,False,False,False
45754,1.0000,0.0000,False,False,False
45755,1.0000,0.0000,False,False,False
45756,1.0000,0.0000,False,False,False
45757,1.0000,0.0000,False,False,False
45758,1.0000,0.0000,False,False,False
45759,1.0000,0.0000,False,False,False
45760,1.0000,0.0000,False,False,False
45761,0.0000,1.0000,False,False,False
45762,1.0000,0.0000,False,False,False
45763,1.0000,0.0000,False,False,False
45764,1.0000,0.0000,False,False,False
45765,1.0000,0.0000,False,False,False
45766,1.0000,0.0000,False,False,False
45767,1.0000,0.0000,False,False,False
45768,1.0000,0.0000,False,False,False
45769,1.0000,0.0000,False,False,False
45770,0.0000,1.0000,False,False,False
45771,1.0000,0.0000,False,False,False
45772,1.0000,0.0000,False,False,False
45773,1.0000,0.0000,False,False,False
45774,0.0000,1.0000,False,False,False
45775,0.0000,1.0000,False,False,False
45776,1.0000,0.0000,False,False,False
45777,1.0000,0.0000,False,False,False
45778,1.0000,0.0000,False,False,False
45779,0.0000,1.0000,False,False,False
45780,1.0000,0.0000,False,False,False
45781,1.0000,0.0000,False,False,False
45782,1.0000,0.0000,False,False,False
45783,1.0000,0.0000,False,False,False
45784,1.0000,0.0000,False,False,False
45785,1.0000,0.0000,False,False,False
45786,1.0000,0.0000,False,False,False
45787,1.0000,0.0000,False,False,False
45788,1.0000,0.0000,False,False,False
45789,1.0000,0.0000,False,False,False
45790,1.0000,0.0000,False,False,False
45791,1.0000,0.0000,False,False,False
45792,1.0000,0.0000,False,False,False
45793,1.0000,0.0000,False,False,False
45794,1.0000,0.0000,False,False,False
45795,1.0000,0.0000,False,False,False
45796,0.0000,1.0000,False,False,False
45797,1.0000,0.0000,False,False,False
45798,0.0000,1.0000,False,False,False
45799,1.0000,0.0000,False,False,False
45800,0.0000,1.0000,False,False,False
45801,1.0000,0.0000,False,False,False
45802,1.0000,0.0000,False,False,False
45803,1.0000,0.0000,False,False,False
45804,1.0000,0.0000,False,False,False
45805,1.0000,0.0000,False,False,False
45806,1.0000,0.0000,False,False,False
45807,1.0000,0.0000,False,False,False
45808,1.0000,0.0000,False,False,False
45809,1.0000,0.0000,False,False,False
45810,0.0000,1.0000,False,False,False
45811,1.0000,0.0000,False,False,False
45812,1.0000,0.0000,False,False,False
45813,0.0000,1.0000,False,False,False
45814,0.0000,1.0000,False,False,False
45815,0.0000,1.0000,False,False,False
45816,0.0000,1.0000,False,False,False
45817,1.0000,0.0000,False,False,False
45818,1.0000,0.0000,False,False,False
45819,0.0000,1.0000,False,False,False
45820,1.0000,0.0000,False,False,False
45821,1.0000,0.0000,False,False,False
45822,0.0000,1.0000,False,False,False
45823,1.0000,0.0000,False,False,False
45824,1.0000,0.0000,False,False,False
45825,1.0000,0.0000,False,False,False
45826,1.0000,0.0000,False,False,False
45827,1.0000,0.0000,False,False,False
45828,1.0000,0.0000,False,False,False
45829,0.0000,1.0000,False,False,False
45830,1.0000,0.0000,False,False,False
45831,0.0000,1.0000,False,False,False
45832,0.0000,1.0000,False,False,False
45833,0.0000,1.0000,False,False,False
45834,1.0000,0.0000,False,False,False
45835,1.0000,0.0000,False,False,False
45836,0.0000,1.0000,False,False,False
45837,1.0000,0.0000,False,False,False
45838,1.0000,0.0000,False,False,False
45839,1.0000,0.0000,False,False,False
45840,1.0000,0.0000,False,False,False
45841,1.0000,0.0000,False,False,False
45842,1.0000,0.0000,False,False,False
45843,0.0000,1.0000,False,False,False
45844,1.0000,0.0000,False,False,False
45845,1.0000,0.0000,False,False,False
45846,0.0000,1.0000,False,False,False
45847,0.0000,1.0000,False,False,False
45848,1.0000,0.0000,False,False,False
45849,0.0000,1.0000,False,False,False
45850,1.0000,0.0000,False,False,False
45851,0.0000,1.0000,False,False,False
45852,0.0000,1.0000,False,False,False
45853,0.0000,1.0000,False,False,False
45854,1.0000,0.0000,False,False,False
45855,1.0000,0.0000,False,False,False
45856,0.0000,1.0000,False,False,False
45857,1.0000,0.0000,False,False,False
45858,1.0000,0.0000,False,False,False
45859,0.0000,1.0000,False,False,False
45860,1.0000,0.0000,False,False,False
45861,1.0000,0.0000,False,False,False
45862,1.0000,0.0000,False,False,False
45863,1.0000,0.0000,False,False,False
45864,0.0000,1.0000,False,False,False
45865,1.0000,0.0000,False,False,False
45866,0.0000,1.0000,False,False,False
45867,1.0000,0.0000,False,False,False
45868,0.0000,1.0000,False,False,False
45869,0.0000,1.0000,False,False,False
45870,0.0000,1.0000,False,False,False
45871,0.0000,1.0000,False,False,False
45872,1.0000,0.0000,False,False,False
45873,1.0000,0.0000,False,False,False
45874,1.0000,0.0000,False,False,False
45875,0.0000,1.0000,False,False,False
45876,1.0000,0.0000,False,False,False
45877,0.0000,1.0000,False,False,False
45878,1.0000,0.0000,False,False,False
45879,1.0000,0.0000,False,False,False
45880,1.0000,0.0000,False,False,False
45881,1.0000,0.0000,False,False,False
45882,1.0000,0.0000,False,False,False
45883,1.0000,0.0000,False,False,False
45884,0.0000,1.0000,False,False,False
45885,1.0000,0.0000,False,False,False
45886,1.0000,0.0000,False,False,False
45887,0.0000,1.0000,False,False,False
45888,0.0000,1.0000,False,False,False
45889,0.0000,1.0000,False,False,False
45890,0.0000,1.0000,False,False,False
45891,1.0000,0.0000,False,False,False
45892,0.0000,1.0000,False,False,False
45893,1.0000,0.0000,False,False,False
45894,1.0000,0.0000,False,False,False
45895,1.0000,0.0000,False,False,False
45896,1.0000,0.0000,False,False,False
45897,1.0000,0.0000,False,False,False
45898,1.0000,0.0000,False,False,False
45899,1.0000,0.0000,False,False,False
45900,1.0000,0.0000,False,False,False
45901,1.0000,0.0000,False,False,False
45902,1.0000,0.0000,False,False,False
45903,1.0000,0.0000,False,False,False
45904,1.0000,0.0000,False,False,False
45905,1.0000,0.0000,False,False,False
45906,1.0000,0.0000,False,False,False
45907,1.0000,0.0000,False,False,False
45908,0.0000,1.0000,False,False,False
45909,1.0000,0.0000,False,False,False
45910,1.0000,0.0000,False,False,False
45911,1.0000,0.0000,False,False,False
45912,0.0000,1.0000,False,False,False
45913,1.0000,0.0000,False,False,False
45914,0.0000,1.0000,False,False,False
45915,1.0000,0.0000,False,False,False
45916,0.0000,1.0000,False,False,False
45917,1.0000,0.0000,False,False,False
45918,1.0000,0.0000,False,False,False
45919,1.0000,0.0000,False,False,False
45920,0.0000,1.0000,False,False,False
45921,1.0000,0.0000,False,False,False
45922,0.0000,1.0000,False,False,False
45923,0.0000,1.0000,False,False,False
45924,1.0000,0.0000,False,False,False
45925,1.0000,0.0000,False,False,False
45926,1.0000,0.0000,False,False,False
45927,1.0000,0.0000,False,False,False
45928,1.0000,0.0000,False,False,False
45929,1.0000,0.0000,False,False,False
45930,0.0000,1.0000,False,False,False
45931,1.0000,0.0000,False,False,False
45932,0.0000,1.0000,False,False,False
45933,1.0000,0.0000,False,False,False
45934,0.0000,1.0000,False,False,False
45935,1.0000,0.0000,False,False,False
45936,0.0000,1.0000,False,False,False
45937,1.0000,0.0000,False,False,False
45938,1.0000,0.0000,False,False,False
45939,1.0000,0.0000,False,False,False
45940,0.0000,1.0000,False,False,False
45941,1.0000,0.0000,False,False,False
45942,1.0000,0.0000,False,False,False
45943,1.0000,0.0000,False,False,False
45944,1.0000,0.0000,False,False,False
45945,1.0000,0.0000,False,False,False
45946,1.0000,0.0000,False,False,False
45947,1.0000,0.0000,False,False,False
45948,1.0000,0.0000,False,False,False
45949,0.0000,1.0000,False,False,False
45950,0.0000,1.0000,False,False,False
45951,0.0000,1.0000,False,False,False
45952,1.0000,0.0000,False,False,False
45953,0.0000,1.0000,False,False,False
45954,1.0000,0.0000,False,False,False
45955,1.0000,0.0000,False,False,False
45956,1.0000,0.0000,False,False,False
45957,0.0000,1.0000,False,False,False
45958,0.0000,1.0000,False,False,False
45959,0.0000,1.0000,False,False,False
45960,1.0000,0.0000,False,False,False
45961,1.0000,0.0000,False,False,False
45962,1.0000,0.0000,False,False,False
45963,1.0000,0.0000,False,False,False
45964,1.0000,0.0000,False,False,False
45965,1.0000,0.0000,False,False,False
45966,0.0000,1.0000,False,False,False
45967,1.0000,0.0000,False,False,False
45968,1.0000,0.0000,False,False,False
45969,1.0000,0.0000,False,False,False
45970,0.0000,1.0000,False,False,False
45971,0.0000,1.0000,False,False,False
45972,0.0000,1.0000,False,False,False
45973,0.0000,1.0000,False,False,False
45974,1.0000,0.0000,False,False,False
45975,1.0000,0.0000,False,False,False
45976,1.0000,0.0000,False,False,False
45977,1.0000,0.0000,False,False,False
45978,0.0000,1.0000,False,False,False
45979,1.0000,0.0000,False,False,False
45980,1.0000,0.0000,False,False,False
45981,0.0000,1.0000,False,False,False
45982,0.0000,1.0000,False,False,False
45983,1.0000,0.0000,False,False,False
45984,1.0000,0.0000,False,False,False
45985,1.0000,0.0000,False,False,False
45986,1.0000,0.0000,False,False,False
45987,1.0000,0.0000,False,False,False
45988,1.0000,0.0000,False,False,False
45989,1.0000,0.0000,False,False,False
45990,1.0000,0.0000,False,False,False
45991,0.0000,1.0000,False,False,False
45992,1.0000,0.0000,False,False,False
45993,1.0000,0.0000,False,False,False
45994,1.0000,0.0000,False,False,False
45995,0.0000,1.0000,False,False,False
45996,1.0000,0.0000,False,False,False
45997,0.0000,1.0000,False,False,False
45998,0.0000,1.0000,False,False,False
45999,1.0000,0.0000,False,False,False
46000,0.0000,1.0000,False,False,False
46001,0.0000,1.0000,False,False,False
46002,1.0000,0.0000,False,False,False
46003,1.0000,0.0000,False,False,False
46004,0.0000,1.0000,False,False,False
46005,0.0000,1.0000,False,False,False
46006,1.0000,0.0000,False,False,False
46007,1.0000,0.0000,False,False,False
46008,1.0000,0.0000,False,False,False
46009,0.0000,1.0000,False,False,False
46010,0.0000,1.0000,False,False,False
46011,1.0000,0.0000,False,False,False
46012,1.0000,0.0000,False,False,False
46013,0.0000,1.0000,False,False,False
46014,1.0000,0.0000,False,False,False
46015,1.0000,0.0000,False,False,False
46016,1.0000,0.0000,False,False,False
46017,0.0000,1.0000,False,False,False
46018,1.0000,0.0000,False,False,False
46019,1.0000,0.0000,False,False,False
46020,1.0000,0.0000,False,False,False
46021,0.0000,1.0000,False,False,False
46022,1.0000,0.0000,False,False,False
46023,0.0000,1.0000,False,False,False
46024,1.0000,0.0000,False,False,False
46025,1.0000,0.0000,False,False,False
46026,1.0000,0.0000,False,False,False
46027,1.0000,0.0000,False,False,False
46028,1.0000,0.0000,False,False,False
46029,1.0000,0.0000,False,False,False
46030,1.0000,0.0000,False,False,False
46031,1.0000,0.0000,False,False,False
46032,1.0000,0.0000,False,False,False
46033,1.0000,0.0000,False,False,False
46034,1.0000,0.0000,False,False,False
46035,1.0000,0.0000,False,False,False
46036,1.0000,0.0000,False,False,False
46037,0.0000,1.0000,False,False,False
46038,0.0000,1.0000,False,False,False
46039,0.0000,1.0000,False,False,False
46040,0.0000,1.0000,False,False,False
46041,1.0000,0.0000,False,False,False
46042,1.0000,0.0000,False,False,False
46043,1.0000,0.0000,False,False,False
46044,0.0000,1.0000,False,False,False
46045,0.0000,1.0000,False,False,False
46046,1.0000,0.0000,False,False,False
46047,0.0000,1.0000,False,False,False
46048,1.0000,0.0000,False,False,False
46049,1.0000,0.0000,False,False,False
46050,0.0000,1.0000,False,False,False
46051,1.0000,0.0000,False,False,False
46052,1.0000,0.0000,False,False,False
46053,1.0000,0.0000,False,False,False
46054,1.0000,0.0000,False,False,False
46055,0.0000,1.0000,False,False,False
46056,1.0000,0.0000,False,False,False
46057,1.0000,0.0000,False,False,False
46058,1.0000,0.0000,False,False,False
46059,1.0000,0.0000,False,False,False
46060,0.0000,1.0000,False,False,False
46061,1.0000,0.0000,False,False,False
46062,0.0000,1.0000,False,False,False
46063,0.0000,1.0000,False,False,False
46064,1.0000,0.0000,False,False,False
46065,0.0000,1.0000,False,False,False
46066,1.0000,0.0000,False,False,False
46067,1.0000,0.0000,False,False,False
46068,0.0000,1.0000,False,False,False
46069,1.0000,0.0000,False,False,False
46070,0.0000,1.0000,False,False,False
46071,0.0000,1.0000,False,False,False
46072,1.0000,0.0000,False,False,False
46073,0.0000,1.0000,False,False,False
46074,1.0000,0.0000,False,False,False
46075,0.0000,1.0000,False,False,False
46076,0.0000,1.0000,False,False,False
46077,0.0000,1.0000,False,False,False
46078,0.0000,1.0000,False,False,False
46079,1.0000,0.0000,False,False,False
46080,1.0000,0.0000,False,False,False
46081,1.0000,0.0000,False,False,False
46082,0.0000,1.0000,False,False,False
46083,1.0000,0.0000,False,False,False
46084,0.0000,1.0000,False,False,False
46085,0.0000,1.0000,False,False,False
46086,1.0000,0.0000,False,False,False
46087,1.0000,0.0000,False,False,False
46088,0.0000,1.0000,False,False,False
46089,1.0000,0.0000,False,False,False
46090,1.0000,0.0000,False,False,False
46091,1.0000,0.0000,False,False,False
46092,1.0000,0.0000,False,False,False
46093,1.0000,0.0000,False,False,False
46094,1.0000,0.0000,False,False,False
46095,1.0000,0.0000,False,False,False
46096,0.0000,1.0000,False,False,False
46097,0.0000,1.0000,False,False,False
46098,1.0000,0.0000,False,False,False
46099,1.0000,0.0000,False,False,False
46100,1.0000,0.0000,False,False,False
46101,1.0000,0.0000,False,False,False
46102,0.0000,1.0000,False,False,False
46103,1.0000,0.0000,False,False,False
46104,1.0000,0.0000,False,False,False
46105,1.0000,0.0000,False,False,False
46106,1.0000,0.0000,False,False,False
46107,0.0000,1.0000,False,False,False
46108,1.0000,0.0000,False,False,False
46109,1.0000,0.0000,False,False,False
46110,0.0000,1.0000,False,False,False
46111,1.0000,0.0000,False,False,False
46112,1.0000,0.0000,False,False,False
46113,1.0000,0.0000,False,False,False
46114,1.0000,0.0000,False,False,False
46115,0.0000,1.0000,False,False,False
46116,1.0000,0.0000,False,False,False
46117,0.0000,1.0000,False,False,False
46118,1.0000,0.0000,False,False,False
46119,1.0000,0.0000,False,False,False
46120,1.0000,0.0000,False,False,False
46121,1.0000,0.0000,False,False,False
46122,1.0000,0.0000,False,False,False
46123,0.0000,1.0000,False,False,False
46124,0.0000,1.0000,False,False,False
46125,1.0000,0.0000,False,False,False
46126,1.0000,0.0000,False,False,False
46127,0.0000,1.0000,False,False,False
46128,1.0000,0.0000,False,False,False
46129,0.0000,1.0000,False,False,False
46130,1.0000,0.0000,False,False,False
46131,1.0000,0.0000,False,False,False
46132,1.0000,0.0000,False,False,False
46133,1.0000,0.0000,False,False,False
46134,1.0000,0.0000,False,False,False
46135,0.0000,1.0000,False,False,False
46136,1.0000,0.0000,False,False,False
46137,0.0000,1.0000,False,False,False
46138,1.0000,0.0000,False,False,False
46139,0.0000,1.0000,False,False,False
46140,1.0000,0.0000,False,False,False
46141,1.0000,0.0000,False,False,False
46142,0.0000,1.0000,False,False,False
46143,1.0000,0.0000,False,False,False
46144,1.0000,0.0000,False,False,False
46145,0.0000,1.0000,False,False,False
46146,1.0000,0.0000,False,False,False
46147,0.0000,1.0000,False,False,False
46148,0.0000,1.0000,False,False,False
46149,1.0000,0.0000,False,False,False
46150,1.0000,0.0000,False,False,False
46151,1.0000,0.0000,False,False,False
46152,1.0000,0.0000,False,False,False
46153,1.0000,0.0000,False,False,False
46154,1.0000,0.0000,False,False,False
46155,0.0000,1.0000,False,False,False
46156,0.0000,1.0000,False,False,False
46157,1.0000,0.0000,False,False,False
46158,1.0000,0.0000,False,False,False
46159,1.0000,0.0000,False,False,False
46160,0.0000,1.0000,False,False,False
46161,1.0000,0.0000,False,False,False
46162,0.0000,1.0000,False,False,False
46163,1.0000,0.0000,False,False,False
46164,1.0000,0.0000,False,False,False
46165,0.0000,1.0000,False,False,False
46166,1.0000,0.0000,False,False,False
46167,1.0000,0.0000,False,False,False
46168,1.0000,0.0000,False,False,False
46169,1.0000,0.0000,False,False,False
46170,1.0000,0.0000,False,False,False
46171,1.0000,0.0000,False,False,False
46172,0.0000,1.0000,False,False,False
46173,1.0000,0.0000,False,False,False
46174,1.0000,0.0000,False,False,False
46175,1.0000,0.0000,False,False,False
46176,1.0000,0.0000,False,False,False
46177,1.0000,0.0000,False,False,False
46178,1.0000,0.0000,False,False,False
46179,0.0000,1.0000,False,False,False
46180,1.0000,0.0000,False,False,False
46181,0.0000,1.0000,False,False,False
46182,1.0000,0.0000,False,False,False
46183,1.0000,0.0000,False,False,False
46184,1.0000,0.0000,False,False,False
46185,1.0000,0.0000,False,False,False
46186,1.0000,0.0000,False,False,False
46187,0.0000,1.0000,False,False,False
46188,1.0000,0.0000,False,False,False
46189,1.0000,0.0000,False,False,False
46190,1.0000,0.0000,False,False,False
46191,1.0000,0.0000,False,False,False
46192,0.0000,1.0000,False,False,False
46193,1.0000,0.0000,False,False,False
46194,1.0000,0.0000,False,False,False
46195,1.0000,0.0000,False,False,False
46196,0.0000,1.0000,False,False,False
46197,0.0000,1.0000,False,False,False
46198,1.0000,0.0000,False,False,False
46199,0.0000,1.0000,False,False,False
46200,0.0000,1.0000,False,False,False
46201,1.0000,0.0000,False,False,False
46202,0.0000,1.0000,False,False,False
46203,1.0000,0.0000,False,False,False
46204,1.0000,0.0000,False,False,False
46205,0.0000,1.0000,False,False,False
46206,1.0000,0.0000,False,False,False
46207,1.0000,0.0000,False,False,False
46208,0.0000,1.0000,False,False,False
46209,1.0000,0.0000,False,False,False
46210,1.0000,0.0000,False,False,False
46211,1.0000,0.0000,False,False,False
46212,1.0000,0.0000,False,False,False
46213,1.0000,0.0000,False,False,False
46214,0.0000,1.0000,False,False,False
46215,0.0000,1.0000,False,False,False
46216,1.0000,0.0000,False,False,False
46217,1.0000,0.0000,False,False,False
46218,1.0000,0.0000,False,False,False
46219,1.0000,0.0000,False,False,False
46220,1.0000,0.0000,False,False,False
46221,1.0000,0.0000,False,False,False
46222,1.0000,0.0000,False,False,False
46223,1.0000,0.0000,False,False,False
46224,1.0000,0.0000,False,False,False
46225,1.0000,0.0000,False,False,False
46226,1.0000,0.0000,False,False,False
46227,1.0000,0.0000,False,False,False
46228,0.0000,1.0000,False,False,False
46229,1.0000,0.0000,False,False,False
46230,0.0000,1.0000,False,False,False
46231,1.0000,0.0000,False,False,False
46232,1.0000,0.0000,False,False,False
46233,1.0000,0.0000,False,False,False
46234,0.0000,1.0000,False,False,False
46235,1.0000,0.0000,False,False,False
46236,1.0000,0.0000,False,False,False
46237,1.0000,0.0000,False,False,False
46238,1.0000,0.0000,False,False,False
46239,1.0000,0.0000,False,False,False
46240,0.0000,1.0000,False,False,False
46241,1.0000,0.0000,False,False,False
46242,0.0000,1.0000,False,False,False
46243,1.0000,0.0000,False,False,False
46244,1.0000,0.0000,False,False,False
46245,1.0000,0.0000,False,False,False
46246,1.0000,0.0000,False,False,False
46247,0.0000,1.0000,False,False,False
46248,1.0000,0.0000,False,False,False
46249,0.0000,1.0000,False,False,False
46250,1.0000,0.0000,False,False,False
46251,1.0000,0.0000,False,False,False
46252,0.0000,1.0000,False,False,False
46253,0.0000,1.0000,False,False,False
46254,1.0000,0.0000,False,False,False
46255,1.0000,0.0000,False,False,False
46256,1.0000,0.0000,False,False,False
46257,1.0000,0.0000,False,False,False
46258,0.0000,1.0000,False,False,False
46259,1.0000,0.0000,False,False,False
46260,1.0000,0.0000,False,False,False
46261,1.0000,0.0000,False,False,False
46262,1.0000,0.0000,False,False,False
46263,0.0000,1.0000,False,False,False
46264,1.0000,0.0000,False,False,False
46265,1.0000,0.0000,False,False,False
46266,0.0000,1.0000,False,False,False
46267,1.0000,0.0000,False,False,False
46268,1.0000,0.0000,False,False,False
46269,1.0000,0.0000,False,False,False
46270,1.0000,0.0000,False,False,False
46271,1.0000,0.0000,False,False,False
46272,1.0000,0.0000,False,False,False
46273,1.0000,0.0000,False,False,False
46274,0.0000,1.0000,False,False,False
46275,1.0000,0.0000,False,False,False
46276,0.0000,1.0000,False,False,False
46277,1.0000,0.0000,False,False,False
46278,1.0000,0.0000,False,False,False
46279,1.0000,0.0000,False,False,False
46280,1.0000,0.0000,False,False,False
46281,1.0000,0.0000,False,False,False
46282,0.0000,1.0000,False,False,False
46283,1.0000,0.0000,False,False,False
46284,1.0000,0.0000,False,False,False
46285,1.0000,0.0000,False,False,False
46286,0.0000,1.0000,False,False,False
46287,0.0000,1.0000,False,False,False
46288,0.0000,1.0000,False,False,False
46289,0.0000,1.0000,False,False,False
46290,1.0000,0.0000,False,False,False
46291,0.0000,1.0000,False,False,False
46292,1.0000,0.0000,False,False,False
46293,1.0000,0.0000,False,False,False
46294,1.0000,0.0000,False,False,False
46295,1.0000,0.0000,False,False,False
46296,1.0000,0.0000,False,False,False
46297,0.0000,1.0000,False,False,False
46298,1.0000,0.0000,False,False,False
46299,1.0000,0.0000,False,False,False
46300,0.0000,1.0000,False,False,False
46301,0.0000,1.0000,False,False,False
46302,1.0000,0.0000,False,False,False
46303,0.0000,1.0000,False,False,False
46304,0.0000,1.0000,False,False,False
46305,1.0000,0.0000,False,False,False
46306,1.0000,0.0000,False,False,False
46307,1.0000,0.0000,False,False,False
46308,1.0000,0.0000,False,False,False
46309,0.0000,1.0000,False,False,False
46310,0.0000,1.0000,False,False,False
46311,1.0000,0.0000,False,False,False
46312,1.0000,0.0000,False,False,False
46313,1.0000,0.0000,False,False,False
46314,1.0000,0.0000,False,False,False
46315,0.0000,1.0000,False,False,False
46316,1.0000,0.0000,False,False,False
46317,1.0000,0.0000,False,False,False
46318,1.0000,0.0000,False,False,False
46319,1.0000,0.0000,False,False,False
46320,1.0000,0.0000,False,False,False
46321,1.0000,0.0000,False,False,False
46322,1.0000,0.0000,False,False,False
46323,0.0000,1.0000,False,False,False
46324,1.0000,0.0000,False,False,False
46325,1.0000,0.0000,False,False,False
46326,1.0000,0.0000,False,False,False
46327,1.0000,0.0000,False,False,False
46328,1.0000,0.0000,False,False,False
46329,1.0000,0.0000,False,False,False
46330,1.0000,0.0000,False,False,False
46331,1.0000,0.0000,False,False,False
46332,1.0000,0.0000,False,False,False
46333,0.0000,1.0000,False,False,False
46334,1.0000,0.0000,False,False,False
46335,1.0000,0.0000,False,False,False
46336,0.0000,1.0000,False,False,False
46337,1.0000,0.0000,False,False,False
46338,1.0000,0.0000,False,False,False
46339,1.0000,0.0000,False,False,False
46340,1.0000,0.0000,False,False,False
46341,1.0000,0.0000,False,False,False
46342,1.0000,0.0000,False,False,False
46343,0.0000,1.0000,False,False,False
46344,1.0000,0.0000,False,False,False
46345,1.0000,0.0000,False,False,False
46346,1.0000,0.0000,False,False,False
46347,0.0000,1.0000,False,False,False
46348,1.0000,0.0000,False,False,False
46349,1.0000,0.0000,False,False,False
46350,1.0000,0.0000,False,False,False
46351,1.0000,0.0000,False,False,False
46352,1.0000,0.0000,False,False,False
46353,1.0000,0.0000,False,False,False
46354,0.0000,1.0000,False,False,False
46355,1.0000,0.0000,False,False,False
46356,0.0000,1.0000,False,False,False
46357,1.0000,0.0000,False,False,False
46358,1.0000,0.0000,False,False,False
46359,1.0000,0.0000,False,False,False
46360,1.0000,0.0000,False,False,False
46361,1.0000,0.0000,False,False,False
46362,1.0000,0.0000,False,False,False
46363,0.0000,1.0000,False,False,False
46364,1.0000,0.0000,False,False,False
46365,1.0000,0.0000,False,False,False
46366,1.0000,0.0000,False,False,False
46367,0.0000,1.0000,False,False,False
46368,1.0000,0.0000,False,False,False
46369,1.0000,0.0000,False,False,False
46370,1.0000,0.0000,False,False,False
46371,1.0000,0.0000,False,False,False
46372,1.0000,0.0000,False,False,False
46373,1.0000,0.0000,False,False,False
46374,1.0000,0.0000,False,False,False
46375,0.0000,1.0000,False,False,False
46376,1.0000,0.0000,False,False,False
46377,1.0000,0.0000,False,False,False
46378,1.0000,0.0000,False,False,False
46379,1.0000,0.0000,False,False,False
46380,1.0000,0.0000,False,False,False
46381,0.0000,1.0000,False,False,False
46382,1.0000,0.0000,False,False,False
46383,0.0000,1.0000,False,False,False
46384,0.0000,1.0000,False,False,False
46385,1.0000,0.0000,False,False,False
46386,1.0000,0.0000,False,False,False
46387,0.0000,1.0000,False,False,False
46388,0.0000,1.0000,False,False,False
46389,1.0000,0.0000,False,False,False
46390,1.0000,0.0000,False,False,False
46391,0.0000,1.0000,False,False,False
46392,1.0000,0.0000,False,False,False
46393,1.0000,0.0000,False,False,False
46394,0.0000,1.0000,False,False,False
46395,1.0000,0.0000,False,False,False
46396,0.0000,1.0000,False,False,False
46397,1.0000,0.0000,False,False,False
46398,1.0000,0.0000,False,False,False
46399,1.0000,0.0000,False,False,False
46400,1.0000,0.0000,False,False,False
46401,1.0000,0.0000,False,False,False
46402,0.0000,1.0000,False,False,False
46403,1.0000,0.0000,False,False,False
46404,1.0000,0.0000,False,False,False
46405,1.0000,0.0000,False,False,False
46406,0.0000,1.0000,False,False,False
46407,1.0000,0.0000,False,False,False
46408,1.0000,0.0000,False,False,False
46409,1.0000,0.0000,False,False,False
46410,1.0000,0.0000,False,False,False
46411,1.0000,0.0000,False,False,False
46412,1.0000,0.0000,False,False,False
46413,0.0000,1.0000,False,False,False
46414,1.0000,0.0000,False,False,False
46415,1.0000,0.0000,False,False,False
46416,1.0000,0.0000,False,False,False
46417,0.0000,1.0000,False,False,False
46418,0.0000,1.0000,False,False,False
46419,0.0000,1.0000,False,False,False
46420,1.0000,0.0000,False,False,False
46421,1.0000,0.0000,False,False,False
46422,1.0000,0.0000,False,False,False
46423,1.0000,0.0000,False,False,False
46424,1.0000,0.0000,False,False,False
46425,1.0000,0.0000,False,False,False
46426,1.0000,0.0000,False,False,False
46427,1.0000,0.0000,False,False,False
46428,1.0000,0.0000,False,False,False
46429,1.0000,0.0000,False,False,False
46430,0.0000,1.0000,False,False,False
46431,1.0000,0.0000,False,False,False
46432,1.0000,0.0000,False,False,False
46433,1.0000,0.0000,False,False,False
46434,0.0000,1.0000,False,False,False
46435,0.0000,1.0000,False,False,False
46436,1.0000,0.0000,False,False,False
46437,0.0000,1.0000,False,False,False
46438,1.0000,0.0000,False,False,False
46439,1.0000,0.0000,False,False,False
46440,0.0000,1.0000,False,False,False
46441,0.0000,1.0000,False,False,False
46442,0.0000,1.0000,False,False,False
46443,0.0000,1.0000,False,False,False
46444,1.0000,0.0000,False,False,False
46445,0.0000,1.0000,False,False,False
46446,0.0000,1.0000,False,False,False
46447,1.0000,0.0000,False,False,False
46448,0.0000,1.0000,False,False,False
46449,1.0000,0.0000,False,False,False
46450,1.0000,0.0000,False,False,False
46451,1.0000,0.0000,False,False,False
46452,1.0000,0.0000,False,False,False
46453,1.0000,0.0000,False,False,False
46454,1.0000,0.0000,False,False,False
46455,1.0000,0.0000,False,False,False
46456,1.0000,0.0000,False,False,False
46457,1.0000,0.0000,False,False,False
46458,1.0000,0.0000,False,False,False
46459,1.0000,0.0000,False,False,False
46460,1.0000,0.0000,False,False,False
46461,1.0000,0.0000,False,False,False
46462,1.0000,0.0000,False,False,False
46463,1.0000,0.0000,False,False,False
46464,1.0000,0.0000,False,False,False
46465,0.0000,1.0000,False,False,False
46466,1.0000,0.0000,False,False,False
46467,1.0000,0.0000,False,False,False
46468,0.0000,1.0000,False,False,False
46469,1.0000,0.0000,False,False,False
46470,0.0000,1.0000,False,False,False
46471,1.0000,0.0000,False,False,False
46472,0.0000,1.0000,False,False,False
46473,1.0000,0.0000,False,False,False
46474,1.0000,0.0000,False,False,False
46475,1.0000,0.0000,False,False,False
46476,1.0000,0.0000,False,False,False
46477,1.0000,0.0000,False,False,False
46478,0.0000,1.0000,False,False,False
46479,1.0000,0.0000,False,False,False
46480,1.0000,0.0000,False,False,False
46481,0.0000,1.0000,False,False,False
46482,1.0000,0.0000,False,False,False
46483,0.0000,1.0000,False,False,False
46484,1.0000,0.0000,False,False,False
46485,1.0000,0.0000,False,False,False
46486,0.0000,1.0000,False,False,False
46487,0.0000,1.0000,False,False,False
46488,1.0000,0.0000,False,False,False
46489,0.0000,1.0000,False,False,False
46490,0.0000,1.0000,False,False,False
46491,1.0000,0.0000,False,False,False
46492,1.0000,0.0000,False,False,False
46493,1.0000,0.0000,False,False,False
46494,1.0000,0.0000,False,False,False
46495,1.0000,0.0000,False,False,False
46496,1.0000,0.0000,False,False,False
46497,1.0000,0.0000,False,False,False
46498,1.0000,0.0000,False,False,False
46499,1.0000,0.0000,False,False,False
46500,1.0000,0.0000,False,False,False
46501,1.0000,0.0000,False,False,False
46502,0.0000,1.0000,False,False,False
46503,1.0000,0.0000,False,False,False
46504,1.0000,0.0000,False,False,False
46505,1.0000,0.0000,False,False,False
46506,0.0000,1.0000,False,False,False
46507,0.0000,1.0000,False,False,False
46508,0.0000,1.0000,False,False,False
46509,1.0000,0.0000,False,False,False
46510,1.0000,0.0000,False,False,False
46511,1.0000,0.0000,False,False,False
46512,1.0000,0.0000,False,False,False
46513,1.0000,0.0000,False,False,False
46514,1.0000,0.0000,False,False,False
46515,1.0000,0.0000,False,False,False
46516,0.0000,1.0000,False,False,False
46517,1.0000,0.0000,False,False,False
46518,0.0000,1.0000,False,False,False
46519,1.0000,0.0000,False,False,False
46520,1.0000,0.0000,False,False,False
46521,1.0000,0.0000,False,False,False
46522,0.0000,1.0000,False,False,False
46523,1.0000,0.0000,False,False,False
46524,1.0000,0.0000,False,False,False
46525,0.0000,1.0000,False,False,False
46526,1.0000,0.0000,False,False,False
46527,0.0000,1.0000,False,False,False
46528,1.0000,0.0000,False,False,False
46529,0.0000,1.0000,False,False,False
46530,1.0000,0.0000,False,False,False
46531,1.0000,0.0000,False,False,False
46532,0.0000,1.0000,False,False,False
46533,1.0000,0.0000,False,False,False
46534,1.0000,0.0000,False,False,False
46535,0.0000,1.0000,False,False,False
46536,1.0000,0.0000,False,False,False
46537,1.0000,0.0000,False,False,False
46538,0.0000,1.0000,False,False,False
46539,1.0000,0.0000,False,False,False
46540,0.0000,1.0000,False,False,False
46541,1.0000,0.0000,False,False,False
46542,1.0000,0.0000,False,False,False
46543,1.0000,0.0000,False,False,False
46544,0.0000,1.0000,False,False,False
46545,1.0000,0.0000,False,False,False
46546,1.0000,0.0000,False,False,False
46547,1.0000,0.0000,False,False,False
46548,1.0000,0.0000,False,False,False
46549,1.0000,0.0000,False,False,False
46550,1.0000,0.0000,False,False,False
46551,1.0000,0.0000,False,False,False
46552,0.0000,1.0000,False,False,False
46553,0.0000,1.0000,False,False,False
46554,0.0000,1.0000,False,False,False
46555,1.0000,0.0000,False,False,False
46556,0.0000,1.0000,False,False,False
46557,1.0000,0.0000,False,False,False
46558,1.0000,0.0000,False,False,False
46559,0.0000,1.0000,False,False,False
46560,1.0000,0.0000,False,False,False
46561,0.0000,1.0000,False,False,False
46562,1.0000,0.0000,False,False,False
46563,0.0000,1.0000,False,False,False
46564,1.0000,0.0000,False,False,False
46565,1.0000,0.0000,False,False,False
46566,1.0000,0.0000,False,False,False
46567,0.0000,1.0000,False,False,False
46568,0.0000,1.0000,False,False,False
46569,1.0000,0.0000,False,False,False
46570,1.0000,0.0000,False,False,False
46571,1.0000,0.0000,False,False,False
46572,1.0000,0.0000,False,False,False
46573,1.0000,0.0000,False,False,False
46574,1.0000,0.0000,False,False,False
46575,1.0000,0.0000,False,False,False
46576,1.0000,0.0000,False,False,False
46577,1.0000,0.0000,False,False,False
46578,1.0000,0.0000,False,False,False
46579,1.0000,0.0000,False,False,False
46580,1.0000,0.0000,False,False,False
46581,0.0000,1.0000,False,False,False
46582,0.0000,1.0000,False,False,False
46583,1.0000,0.0000,False,False,False
46584,0.0000,1.0000,False,False,False
46585,1.0000,0.0000,False,False,False
46586,1.0000,0.0000,False,False,False
46587,0.0000,1.0000,False,False,False
46588,1.0000,0.0000,False,False,False
46589,1.0000,0.0000,False,False,False
46590,1.0000,0.0000,False,False,False
46591,1.0000,0.0000,False,False,False
46592,1.0000,0.0000,False,False,False
46593,1.0000,0.0000,False,False,False
46594,1.0000,0.0000,False,False,False
46595,1.0000,0.0000,False,False,False
46596,1.0000,0.0000,False,False,False
46597,0.0000,1.0000,False,False,False
46598,0.0000,1.0000,False,False,False
46599,0.0000,1.0000,False,False,False
46600,1.0000,0.0000,False,False,False
46601,1.0000,0.0000,False,False,False
46602,0.0000,1.0000,False,False,False
46603,1.0000,0.0000,False,False,False
46604,1.0000,0.0000,False,False,False
46605,1.0000,0.0000,False,False,False
46606,1.0000,0.0000,False,False,False
46607,1.0000,0.0000,False,False,False
46608,1.0000,0.0000,False,False,False
46609,1.0000,0.0000,False,False,False
46610,1.0000,0.0000,False,False,False
46611,0.0000,1.0000,False,False,False
46612,0.0000,1.0000,False,False,False
46613,0.0000,1.0000,False,False,False
46614,0.0000,1.0000,False,False,False
46615,0.0000,1.0000,False,False,False
46616,1.0000,0.0000,False,False,False
46617,1.0000,0.0000,False,False,False
46618,1.0000,0.0000,False,False,False
46619,1.0000,0.0000,False,False,False
46620,0.0000,1.0000,False,False,False
46621,1.0000,0.0000,False,False,False
46622,1.0000,0.0000,False,False,False
46623,0.0000,1.0000,False,False,False
46624,1.0000,0.0000,False,False,False
46625,1.0000,0.0000,False,False,False
46626,1.0000,0.0000,False,False,False
46627,1.0000,0.0000,False,False,False
46628,1.0000,0.0000,False,False,False
46629,1.0000,0.0000,False,False,False
46630,1.0000,0.0000,False,False,False
46631,1.0000,0.0000,False,False,False
46632,0.0000,1.0000,False,False,False
46633,1.0000,0.0000,False,False,False
46634,1.0000,0.0000,False,False,False
46635,0.0000,1.0000,False,False,False
46636,0.0000,1.0000,False,False,False
46637,0.0000,1.0000,False,False,False
46638,1.0000,0.0000,False,False,False
46639,1.0000,0.0000,False,False,False
46640,1.0000,0.0000,False,False,False
46641,0.0000,1.0000,False,False,False
46642,1.0000,0.0000,False,False,False
46643,1.0000,0.0000,False,False,False
46644,1.0000,0.0000,False,False,False
46645,1.0000,0.0000,False,False,False
46646,0.0000,1.0000,False,False,False
46647,1.0000,0.0000,False,False,False
46648,1.0000,0.0000,False,False,False
46649,1.0000,0.0000,False,False,False
46650,1.0000,0.0000,False,False,False
46651,0.0000,1.0000,False,False,False
46652,1.0000,0.0000,False,False,False
46653,1.0000,0.0000,False,False,False
46654,0.0000,1.0000,False,False,False
46655,1.0000,0.0000,False,False,False
46656,0.0000,1.0000,False,False,False
46657,1.0000,0.0000,False,False,False
46658,1.0000,0.0000,False,False,False
46659,1.0000,0.0000,False,False,False
46660,1.0000,0.0000,False,False,False
46661,0.0000,1.0000,False,False,False
46662,1.0000,0.0000,False,False,False
46663,1.0000,0.0000,False,False,False
46664,0.0000,1.0000,False,False,False
46665,1.0000,0.0000,False,False,False
46666,0.0000,1.0000,False,False,False
46667,0.0000,1.0000,False,False,False
46668,1.0000,0.0000,False,False,False
46669,1.0000,0.0000,False,False,False
46670,1.0000,0.0000,False,False,False
46671,0.0000,1.0000,False,False,False
46672,1.0000,0.0000,False,False,False
46673,0.0000,1.0000,False,False,False
46674,1.0000,0.0000,False,False,False
46675,1.0000,0.0000,False,False,False
46676,0.0000,1.0000,False,False,False
46677,1.0000,0.0000,False,False,False
46678,1.0000,0.0000,False,False,False
46679,0.0000,1.0000,False,False,False
46680,1.0000,0.0000,False,False,False
46681,1.0000,0.0000,False,False,False
46682,0.0000,1.0000,False,False,False
46683,1.0000,0.0000,False,False,False
46684,1.0000,0.0000,False,False,False
46685,0.0000,1.0000,False,False,False
46686,1.0000,0.0000,False,False,False
46687,1.0000,0.0000,False,False,False
46688,1.0000,0.0000,False,False,False
46689,1.0000,0.0000,False,False,False
46690,1.0000,0.0000,False,False,False
46691,1.0000,0.0000,False,False,False
46692,0.0000,1.0000,False,False,False
46693,0.0000,1.0000,False,False,False
46694,1.0000,0.0000,False,False,False
46695,1.0000,0.0000,False,False,False
46696,0.0000,1.0000,False,False,False
46697,0.0000,1.0000,False,False,False
46698,1.0000,0.0000,False,False,False
46699,1.0000,0.0000,False,False,False
46700,1.0000,0.0000,False,False,False
46701,1.0000,0.0000,False,False,False
46702,0.0000,1.0000,False,False,False
46703,0.0000,1.0000,False,False,False
46704,1.0000,0.0000,False,False,False
46705,0.0000,1.0000,False,False,False
46706,1.0000,0.0000,False,False,False
46707,0.0000,1.0000,False,False,False
46708,1.0000,0.0000,False,False,False
46709,1.0000,0.0000,False,False,False
46710,1.0000,0.0000,False,False,False
46711,1.0000,0.0000,False,False,False
46712,1.0000,0.0000,False,False,False
46713,1.0000,0.0000,False,False,False
46714,1.0000,0.0000,False,False,False
46715,0.0000,1.0000,False,False,False
46716,1.0000,0.0000,False,False,False
46717,0.0000,1.0000,False,False,False
46718,1.0000,0.0000,False,False,False
46719,0.0000,1.0000,False,False,False
46720,1.0000,0.0000,False,False,False
46721,1.0000,0.0000,False,False,False
46722,1.0000,0.0000,False,False,False
46723,1.0000,0.0000,False,False,False
46724,1.0000,0.0000,False,False,False
46725,1.0000,0.0000,False,False,False
46726,1.0000,0.0000,False,False,False
46727,0.0000,1.0000,False,False,False
46728,0.0000,1.0000,False,False,False
46729,0.0000,1.0000,False,False,False
46730,1.0000,0.0000,False,False,False
46731,1.0000,0.0000,False,False,False
46732,1.0000,0.0000,False,False,False
46733,0.0000,1.0000,False,False,False
46734,1.0000,0.0000,False,False,False
46735,1.0000,0.0000,False,False,False
46736,0.0000,1.0000,False,False,False
46737,1.0000,0.0000,False,False,False
46738,1.0000,0.0000,False,False,False
46739,1.0000,0.0000,False,False,False
46740,0.0000,1.0000,False,False,False
46741,0.0000,1.0000,False,False,False
46742,1.0000,0.0000,False,False,False
46743,1.0000,0.0000,False,False,False
46744,0.0000,1.0000,False,False,False
46745,1.0000,0.0000,False,False,False
46746,1.0000,0.0000,False,False,False
46747,0.0000,1.0000,False,False,False
46748,1.0000,0.0000,False,False,False
46749,1.0000,0.0000,False,False,False
46750,1.0000,0.0000,False,False,False
46751,1.0000,0.0000,False,False,False
46752,1.0000,0.0000,False,False,False
46753,1.0000,0.0000,False,False,False
46754,1.0000,0.0000,False,False,False
46755,1.0000,0.0000,False,False,False
46756,1.0000,0.0000,False,False,False
46757,1.0000,0.0000,False,False,False
46758,1.0000,0.0000,False,False,False
46759,0.0000,1.0000,False,False,False
46760,1.0000,0.0000,False,False,False
46761,1.0000,0.0000,False,False,False
46762,0.0000,1.0000,False,False,False
46763,0.0000,1.0000,False,False,False
46764,1.0000,0.0000,False,False,False
46765,1.0000,0.0000,False,False,False
46766,1.0000,0.0000,False,False,False
46767,1.0000,0.0000,False,False,False
46768,1.0000,0.0000,False,False,False
46769,0.0000,1.0000,False,False,False
46770,1.0000,0.0000,False,False,False
46771,0.0000,1.0000,False,False,False
46772,1.0000,0.0000,False,False,False
46773,0.0000,1.0000,False,False,False
46774,0.0000,1.0000,False,False,False
46775,1.0000,0.0000,False,False,False
46776,1.0000,0.0000,False,False,False
46777,0.0000,1.0000,False,False,False
46778,1.0000,0.0000,False,False,False
46779,1.0000,0.0000,False,False,False
46780,0.0000,1.0000,False,False,False
46781,1.0000,0.0000,False,False,False
46782,1.0000,0.0000,False,False,False
46783,0.0000,1.0000,False,False,False
46784,1.0000,0.0000,False,False,False
46785,1.0000,0.0000,False,False,False
46786,1.0000,0.0000,False,False,False
46787,1.0000,0.0000,False,False,False
46788,1.0000,0.0000,False,False,False
46789,1.0000,0.0000,False,False,False
46790,1.0000,0.0000,False,False,False
46791,0.0000,1.0000,False,False,False
46792,1.0000,0.0000,False,False,False
46793,1.0000,0.0000,False,False,False
46794,1.0000,0.0000,False,False,False
46795,1.0000,0.0000,False,False,False
46796,0.0000,1.0000,False,False,False
46797,1.0000,0.0000,False,False,False
46798,0.0000,1.0000,False,False,False
46799,1.0000,0.0000,False,False,False
46800,1.0000,0.0000,False,False,False
46801,1.0000,0.0000,False,False,False
46802,0.0000,1.0000,False,False,False
46803,0.0000,1.0000,False,False,False
46804,0.0000,1.0000,False,False,False
46805,0.0000,1.0000,False,False,False
46806,0.0000,1.0000,False,False,False
46807,1.0000,0.0000,False,False,False
46808,0.0000,1.0000,False,False,False
46809,1.0000,0.0000,False,False,False
46810,0.0000,1.0000,False,False,False
46811,1.0000,0.0000,False,False,False
46812,0.0000,1.0000,False,False,False
46813,1.0000,0.0000,False,False,False
46814,0.0000,1.0000,False,False,False
46815,1.0000,0.0000,False,False,False
46816,1.0000,0.0000,False,False,False
46817,0.0000,1.0000,False,False,False
46818,0.0000,1.0000,False,False,False
46819,1.0000,0.0000,False,False,False
46820,1.0000,0.0000,False,False,False
46821,1.0000,0.0000,False,False,False
46822,1.0000,0.0000,False,False,False
46823,0.0000,1.0000,False,False,False
46824,0.0000,1.0000,False,False,False
46825,0.0000,1.0000,False,False,False
46826,1.0000,0.0000,False,False,False
46827,1.0000,0.0000,False,False,False
46828,0.0000,1.0000,False,False,False
46829,1.0000,0.0000,False,False,False
46830,0.0000,1.0000,False,False,False
46831,1.0000,0.0000,False,False,False
46832,1.0000,0.0000,False,False,False
46833,1.0000,0.0000,False,False,False
46834,1.0000,0.0000,False,False,False
46835,0.0000,1.0000,False,False,False
46836,1.0000,0.0000,False,False,False
46837,1.0000,0.0000,False,False,False
46838,1.0000,0.0000,False,False,False
46839,1.0000,0.0000,False,False,False
46840,0.0000,1.0000,False,False,False
46841,1.0000,0.0000,False,False,False
46842,0.0000,1.0000,False,False,False
46843,1.0000,0.0000,False,False,False
46844,0.0000,1.0000,False,False,False
46845,1.0000,0.0000,False,False,False
46846,1.0000,0.0000,False,False,False
46847,0.0000,1.0000,False,False,False
46848,1.0000,0.0000,False,False,False
46849,1.0000,0.0000,False,False,False
46850,1.0000,0.0000,False,False,False
46851,0.0000,1.0000,False,False,False
46852,1.0000,0.0000,False,False,False
46853,0.0000,1.0000,False,False,False
46854,1.0000,0.0000,False,False,False
46855,1.0000,0.0000,False,False,False
46856,1.0000,0.0000,False,False,False
46857,1.0000,0.0000,False,False,False
46858,1.0000,0.0000,False,False,False
46859,0.0000,1.0000,False,False,False
46860,0.0000,1.0000,False,False,False
46861,0.0000,1.0000,False,False,False
46862,1.0000,0.0000,False,False,False
46863,1.0000,0.0000,False,False,False
46864,1.0000,0.0000,False,False,False
46865,1.0000,0.0000,False,False,False
46866,1.0000,0.0000,False,False,False
46867,0.0000,1.0000,False,False,False
46868,1.0000,0.0000,False,False,False
46869,1.0000,0.0000,False,False,False
46870,1.0000,0.0000,False,False,False
46871,1.0000,0.0000,False,False,False
46872,0.0000,1.0000,False,False,False
46873,1.0000,0.0000,False,False,False
46874,1.0000,0.0000,False,False,False
46875,0.0000,1.0000,False,False,False
46876,1.0000,0.0000,False,False,False
46877,1.0000,0.0000,False,False,False
46878,0.0000,1.0000,False,False,False
46879,0.0000,1.0000,False,False,False
46880,0.0000,1.0000,False,False,False
46881,1.0000,0.0000,False,False,False
46882,1.0000,0.0000,False,False,False
46883,1.0000,0.0000,False,False,False
46884,0.0000,1.0000,False,False,False
46885,0.0000,1.0000,False,False,False
46886,0.0000,1.0000,False,False,False
46887,0.0000,1.0000,False,False,False
46888,0.0000,1.0000,False,False,False
46889,1.0000,0.0000,False,False,False
46890,0.0000,1.0000,False,False,False
46891,0.0000,1.0000,False,False,False
46892,1.0000,0.0000,False,False,False
46893,1.0000,0.0000,False,False,False
46894,0.0000,1.0000,False,False,False
46895,1.0000,0.0000,False,False,False
46896,0.0000,1.0000,False,False,False
46897,0.0000,1.0000,False,False,False
46898,1.0000,0.0000,False,False,False
46899,1.0000,0.0000,False,False,False
46900,1.0000,0.0000,False,False,False
46901,0.0000,1.0000,False,False,False
46902,0.0000,1.0000,False,False,False
46903,0.0000,1.0000,False,False,False
46904,1.0000,0.0000,False,False,False
46905,0.0000,1.0000,False,False,False
46906,0.0000,1.0000,False,False,False
46907,1.0000,0.0000,False,False,False
46908,1.0000,0.0000,False,False,False
46909,1.0000,0.0000,False,False,False
46910,1.0000,0.0000,False,False,False
46911,1.0000,0.0000,False,False,False
46912,1.0000,0.0000,False,False,False
46913,1.0000,0.0000,False,False,False
46914,1.0000,0.0000,False,False,False
46915,1.0000,0.0000,False,False,False
46916,1.0000,0.0000,False,False,False
46917,0.0000,1.0000,False,False,False
46918,1.0000,0.0000,False,False,False
46919,1.0000,0.0000,False,False,False
46920,1.0000,0.0000,False,False,False
46921,1.0000,0.0000,False,False,False
46922,0.0000,1.0000,False,False,False
46923,1.0000,0.0000,False,False,False
46924,0.0000,1.0000,False,False,False
46925,1.0000,0.0000,False,False,False
46926,1.0000,0.0000,False,False,False
46927,1.0000,0.0000,False,False,False
46928,1.0000,0.0000,False,False,False
46929,0.0000,1.0000,False,False,False
46930,0.0000,1.0000,False,False,False
46931,1.0000,0.0000,False,False,False
46932,1.0000,0.0000,False,False,False
46933,1.0000,0.0000,False,False,False
46934,1.0000,0.0000,False,False,False
46935,0.0000,1.0000,False,False,False
46936,1.0000,0.0000,False,False,False
46937,0.0000,1.0000,False,False,False
46938,0.0000,1.0000,False,False,False
46939,1.0000,0.0000,False,False,False
46940,1.0000,0.0000,False,False,False
46941,1.0000,0.0000,False,False,False
46942,1.0000,0.0000,False,False,False
46943,1.0000,0.0000,False,False,False
46944,1.0000,0.0000,False,False,False
46945,1.0000,0.0000,False,False,False
46946,1.0000,0.0000,False,False,False
46947,0.0000,1.0000,False,False,False
46948,1.0000,0.0000,False,False,False
46949,1.0000,0.0000,False,False,False
46950,1.0000,0.0000,False,False,False
46951,1.0000,0.0000,False,False,False
46952,1.0000,0.0000,False,False,False
46953,1.0000,0.0000,False,False,False
46954,1.0000,0.0000,False,False,False
46955,1.0000,0.0000,False,False,False
46956,1.0000,0.0000,False,False,False
46957,1.0000,0.0000,False,False,False
46958,0.0000,1.0000,False,False,False
46959,1.0000,0.0000,False,False,False
46960,1.0000,0.0000,False,False,False
46961,1.0000,0.0000,False,False,False
46962,1.0000,0.0000,False,False,False
46963,1.0000,0.0000,False,False,False
46964,0.0000,1.0000,False,False,False
46965,1.0000,0.0000,False,False,False
46966,1.0000,0.0000,False,False,False
46967,0.0000,1.0000,False,False,False
46968,1.0000,0.0000,False,False,False
46969,1.0000,0.0000,False,False,False
46970,0.0000,1.0000,False,False,False
46971,1.0000,0.0000,False,False,False
46972,1.0000,0.0000,False,False,False
46973,1.0000,0.0000,False,False,False
46974,0.0000,1.0000,False,False,False
46975,1.0000,0.0000,False,False,False
46976,1.0000,0.0000,False,False,False
46977,1.0000,0.0000,False,False,False
46978,1.0000,0.0000,False,False,False
46979,1.0000,0.0000,False,False,False
46980,1.0000,0.0000,False,False,False
46981,1.0000,0.0000,False,False,False
46982,1.0000,0.0000,False,False,False
46983,1.0000,0.0000,False,False,False
46984,1.0000,0.0000,False,False,False
46985,0.0000,1.0000,False,False,False
46986,1.0000,0.0000,False,False,False
46987,1.0000,0.0000,False,False,False
46988,1.0000,0.0000,False,False,False
46989,1.0000,0.0000,False,False,False
46990,1.0000,0.0000,False,False,False
46991,0.0000,1.0000,False,False,False
46992,1.0000,0.0000,False,False,False
46993,1.0000,0.0000,False,False,False
46994,0.0000,1.0000,False,False,False
46995,0.0000,1.0000,False,False,False
46996,1.0000,0.0000,False,False,False
46997,1.0000,0.0000,False,False,False
46998,1.0000,0.0000,False,False,False
46999,1.0000,0.0000,False,False,False
47000,1.0000,0.0000,False,False,False
47001,1.0000,0.0000,False,False,False
47002,1.0000,0.0000,False,False,False
47003,1.0000,0.0000,False,False,False
47004,1.0000,0.0000,False,False,False
47005,1.0000,0.0000,False,False,False
47006,1.0000,0.0000,False,False,False
47007,1.0000,0.0000,False,False,False
47008,0.0000,1.0000,False,False,False
47009,1.0000,0.0000,False,False,False
47010,0.0000,1.0000,False,False,False
47011,0.0000,1.0000,False,False,False
47012,0.0000,1.0000,False,False,False
47013,0.0000,1.0000,False,False,False
47014,0.0000,1.0000,False,False,False
47015,1.0000,0.0000,False,False,False
47016,1.0000,0.0000,False,False,False
47017,1.0000,0.0000,False,False,False
47018,1.0000,0.0000,False,False,False
47019,0.0000,1.0000,False,False,False
47020,0.0000,1.0000,False,False,False
47021,0.0000,1.0000,False,False,False
47022,1.0000,0.0000,False,False,False
47023,1.0000,0.0000,False,False,False
47024,0.0000,1.0000,False,False,False
47025,1.0000,0.0000,False,False,False
47026,0.0000,1.0000,False,False,False
47027,1.0000,0.0000,False,False,False
47028,1.0000,0.0000,False,False,False
47029,1.0000,0.0000,False,False,False
47030,1.0000,0.0000,False,False,False
47031,1.0000,0.0000,False,False,False
47032,0.0000,1.0000,False,False,False
47033,1.0000,0.0000,False,False,False
47034,0.0000,1.0000,False,False,False
47035,1.0000,0.0000,False,False,False
47036,1.0000,0.0000,False,False,False
47037,1.0000,0.0000,False,False,False
47038,1.0000,0.0000,False,False,False
47039,0.0000,1.0000,False,False,False
47040,0.0000,1.0000,False,False,False
47041,0.0000,1.0000,False,False,False
47042,1.0000,0.0000,False,False,False
47043,1.0000,0.0000,False,False,False
47044,1.0000,0.0000,False,False,False
47045,1.0000,0.0000,False,False,False
47046,1.0000,0.0000,False,False,False
47047,1.0000,0.0000,False,False,False
47048,1.0000,0.0000,False,False,False
47049,1.0000,0.0000,False,False,False
47050,0.0000,1.0000,False,False,False
47051,1.0000,0.0000,False,False,False
47052,1.0000,0.0000,False,False,False
47053,1.0000,0.0000,False,False,False
47054,0.0000,1.0000,False,False,False
47055,1.0000,0.0000,False,False,False
47056,1.0000,0.0000,False,False,False
47057,1.0000,0.0000,False,False,False
47058,1.0000,0.0000,False,False,False
47059,1.0000,0.0000,False,False,False
47060,1.0000,0.0000,False,False,False
47061,1.0000,0.0000,False,False,False
47062,1.0000,0.0000,False,False,False
47063,0.0000,1.0000,False,False,False
47064,1.0000,0.0000,False,False,False
47065,1.0000,0.0000,False,False,False
47066,1.0000,0.0000,False,False,False
47067,1.0000,0.0000,False,False,False
47068,1.0000,0.0000,False,False,False
47069,1.0000,0.0000,False,False,False
47070,1.0000,0.0000,False,False,False
47071,1.0000,0.0000,False,False,False
47072,1.0000,0.0000,False,False,False
47073,0.0000,1.0000,False,False,False
47074,1.0000,0.0000,False,False,False
47075,1.0000,0.0000,False,False,False
47076,1.0000,0.0000,False,False,False
47077,1.0000,0.0000,False,False,False
47078,1.0000,0.0000,False,False,False
47079,0.0000,1.0000,False,False,False
47080,1.0000,0.0000,False,False,False
47081,1.0000,0.0000,False,False,False
47082,1.0000,0.0000,False,False,False
47083,1.0000,0.0000,False,False,False
47084,1.0000,0.0000,False,False,False
47085,1.0000,0.0000,False,False,False
47086,1.0000,0.0000,False,False,False
47087,1.0000,0.0000,False,False,False
47088,1.0000,0.0000,False,False,False
47089,1.0000,0.0000,False,False,False
47090,1.0000,0.0000,False,False,False
47091,1.0000,0.0000,False,False,False
47092,0.0000,1.0000,False,False,False
47093,0.0000,1.0000,False,False,False
47094,0.0000,1.0000,False,False,False
47095,1.0000,0.0000,False,False,False
47096,0.0000,1.0000,False,False,False
47097,1.0000,0.0000,False,False,False
47098,0.0000,1.0000,False,False,False
47099,1.0000,0.0000,False,False,False
47100,0.0000,1.0000,False,False,False
47101,1.0000,0.0000,False,False,False
47102,1.0000,0.0000,False,False,False
47103,0.0000,1.0000,False,False,False
47104,0.0000,1.0000,False,False,False
47105,0.0000,1.0000,False,False,False
47106,1.0000,0.0000,False,False,False
47107,1.0000,0.0000,False,False,False
47108,0.0000,1.0000,False,False,False
47109,1.0000,0.0000,False,False,False
47110,1.0000,0.0000,False,False,False
47111,1.0000,0.0000,False,False,False
47112,1.0000,0.0000,False,False,False
47113,0.0000,1.0000,False,False,False
47114,1.0000,0.0000,False,False,False
47115,1.0000,0.0000,False,False,False
47116,1.0000,0.0000,False,False,False
47117,1.0000,0.0000,False,False,False
47118,1.0000,0.0000,False,False,False
47119,0.0000,1.0000,False,False,False
47120,1.0000,0.0000,False,False,False
47121,1.0000,0.0000,False,False,False
47122,1.0000,0.0000,False,False,False
47123,1.0000,0.0000,False,False,False
47124,1.0000,0.0000,False,False,False
47125,1.0000,0.0000,False,False,False
47126,0.0000,1.0000,False,False,False
47127,0.0000,1.0000,False,False,False
47128,0.0000,1.0000,False,False,False
47129,1.0000,0.0000,False,False,False
47130,1.0000,0.0000,False,False,False
47131,1.0000,0.0000,False,False,False
47132,1.0000,0.0000,False,False,False
47133,0.0000,1.0000,False,False,False
47134,1.0000,0.0000,False,False,False
47135,1.0000,0.0000,False,False,False
47136,1.0000,0.0000,False,False,False
47137,1.0000,0.0000,False,False,False
47138,1.0000,0.0000,False,False,False
47139,1.0000,0.0000,False,False,False
47140,1.0000,0.0000,False,False,False
47141,0.0000,1.0000,False,False,False
47142,1.0000,0.0000,False,False,False
47143,1.0000,0.0000,False,False,False
47144,1.0000,0.0000,False,False,False
47145,0.0000,1.0000,False,False,False
47146,1.0000,0.0000,False,False,False
47147,1.0000,0.0000,False,False,False
47148,1.0000,0.0000,False,False,False
47149,0.0000,1.0000,False,False,False
47150,1.0000,0.0000,False,False,False
47151,1.0000,0.0000,False,False,False
47152,1.0000,0.0000,False,False,False
47153,1.0000,0.0000,False,False,False
47154,1.0000,0.0000,False,False,False
47155,1.0000,0.0000,False,False,False
47156,1.0000,0.0000,False,False,False
47157,0.0000,1.0000,False,False,False
47158,0.0000,1.0000,False,False,False
47159,1.0000,0.0000,False,False,False
47160,1.0000,0.0000,False,False,False
47161,0.0000,1.0000,False,False,False
47162,1.0000,0.0000,False,False,False
47163,1.0000,0.0000,False,False,False
47164,1.0000,0.0000,False,False,False
47165,1.0000,0.0000,False,False,False
47166,1.0000,0.0000,False,False,False
47167,1.0000,0.0000,False,False,False
47168,1.0000,0.0000,False,False,False
47169,0.0000,1.0000,False,False,False
47170,1.0000,0.0000,False,False,False
47171,1.0000,0.0000,False,False,False
47172,1.0000,0.0000,False,False,False
47173,1.0000,0.0000,False,False,False
47174,1.0000,0.0000,False,False,False
47175,1.0000,0.0000,False,False,False
47176,0.0000,1.0000,False,False,False
47177,1.0000,0.0000,False,False,False
47178,1.0000,0.0000,False,False,False
47179,1.0000,0.0000,False,False,False
47180,1.0000,0.0000,False,False,False
47181,0.0000,1.0000,False,False,False
47182,0.0000,1.0000,False,False,False
47183,1.0000,0.0000,False,False,False
47184,1.0000,0.0000,False,False,False
47185,1.0000,0.0000,False,False,False
47186,1.0000,0.0000,False,False,False
47187,1.0000,0.0000,False,False,False
47188,1.0000,0.0000,False,False,False
47189,1.0000,0.0000,False,False,False
47190,1.0000,0.0000,False,False,False
47191,0.0000,1.0000,False,False,False
47192,1.0000,0.0000,False,False,False
47193,1.0000,0.0000,False,False,False
47194,1.0000,0.0000,False,False,False
47195,0.0000,1.0000,False,False,False
47196,1.0000,0.0000,False,False,False
47197,1.0000,0.0000,False,False,False
47198,1.0000,0.0000,False,False,False
47199,1.0000,0.0000,False,False,False
47200,1.0000,0.0000,False,False,False
47201,1.0000,0.0000,False,False,False
47202,1.0000,0.0000,False,False,False
47203,1.0000,0.0000,False,False,False
47204,1.0000,0.0000,False,False,False
47205,0.0000,1.0000,False,False,False
47206,1.0000,0.0000,False,False,False
47207,1.0000,0.0000,False,False,False
47208,1.0000,0.0000,False,False,False
47209,1.0000,0.0000,False,False,False
47210,1.0000,0.0000,False,False,False
47211,0.0000,1.0000,False,False,False
47212,0.0000,1.0000,False,False,False
47213,1.0000,0.0000,False,False,False
47214,0.0000,1.0000,False,False,False
47215,1.0000,0.0000,False,False,False
47216,1.0000,0.0000,False,False,False
47217,0.0000,1.0000,False,False,False
47218,0.0000,1.0000,False,False,False
47219,0.0000,1.0000,False,False,False
47220,1.0000,0.0000,False,False,False
47221,0.0000,1.0000,False,False,False
47222,1.0000,0.0000,False,False,False
47223,1.0000,0.0000,False,False,False
47224,1.0000,0.0000,False,False,False
47225,1.0000,0.0000,False,False,False
47226,1.0000,0.0000,False,False,False
47227,1.0000,0.0000,False,False,False
47228,1.0000,0.0000,False,False,False
47229,0.0000,1.0000,False,False,False
47230,1.0000,0.0000,False,False,False
47231,0.0000,1.0000,False,False,False
47232,1.0000,0.0000,False,False,False
47233,1.0000,0.0000,False,False,False
47234,0.0000,1.0000,False,False,False
47235,1.0000,0.0000,False,False,False
47236,1.0000,0.0000,False,False,False
47237,0.0000,1.0000,False,False,False
47238,1.0000,0.0000,False,False,False
47239,0.0000,1.0000,False,False,False
47240,1.0000,0.0000,False,False,False
47241,0.0000,1.0000,False,False,False
47242,0.0000,1.0000,False,False,False
47243,0.0000,1.0000,False,False,False
47244,0.0000,1.0000,False,False,False
47245,1.0000,0.0000,False,False,False
47246,1.0000,0.0000,False,False,False
47247,1.0000,0.0000,False,False,False
47248,1.0000,0.0000,False,False,False
47249,1.0000,0.0000,False,False,False
47250,0.0000,1.0000,False,False,False
47251,1.0000,0.0000,False,False,False
47252,1.0000,0.0000,False,False,False
47253,0.0000,1.0000,False,False,False
47254,0.0000,1.0000,False,False,False
47255,1.0000,0.0000,False,False,False
47256,1.0000,0.0000,False,False,False
47257,0.0000,1.0000,False,False,False
47258,1.0000,0.0000,False,False,False
47259,1.0000,0.0000,False,False,False
47260,1.0000,0.0000,False,False,False
47261,0.0000,1.0000,False,False,False
47262,1.0000,0.0000,False,False,False
47263,1.0000,0.0000,False,False,False
47264,0.0000,1.0000,False,False,False
47265,1.0000,0.0000,False,False,False
47266,1.0000,0.0000,False,False,False
47267,1.0000,0.0000,False,False,False
47268,1.0000,0.0000,False,False,False
47269,1.0000,0.0000,False,False,False
47270,1.0000,0.0000,False,False,False
47271,0.0000,1.0000,False,False,False
47272,1.0000,0.0000,False,False,False
47273,1.0000,0.0000,False,False,False
47274,0.0000,1.0000,False,False,False
47275,0.0000,1.0000,False,False,False
47276,0.0000,1.0000,False,False,False
47277,1.0000,0.0000,False,False,False
47278,0.0000,1.0000,False,False,False
47279,1.0000,0.0000,False,False,False
47280,1.0000,0.0000,False,False,False
47281,1.0000,0.0000,False,False,False
47282,0.0000,1.0000,False,False,False
47283,1.0000,0.0000,False,False,False
47284,1.0000,0.0000,False,False,False
47285,1.0000,0.0000,False,False,False
47286,1.0000,0.0000,False,False,False
47287,1.0000,0.0000,False,False,False
47288,0.0000,1.0000,False,False,False
47289,1.0000,0.0000,False,False,False
47290,1.0000,0.0000,False,False,False
47291,0.0000,1.0000,False,False,False
47292,1.0000,0.0000,False,False,False
47293,1.0000,0.0000,False,False,False
47294,1.0000,0.0000,False,False,False
47295,1.0000,0.0000,False,False,False
47296,1.0000,0.0000,False,False,False
47297,0.0000,1.0000,False,False,False
47298,1.0000,0.0000,False,False,False
47299,1.0000,0.0000,False,False,False
47300,0.0000,1.0000,False,False,False
47301,0.0000,1.0000,False,False,False
47302,1.0000,0.0000,False,False,False
47303,0.0000,1.0000,False,False,False
47304,1.0000,0.0000,False,False,False
47305,0.0000,1.0000,False,False,False
47306,1.0000,0.0000,False,False,False
47307,1.0000,0.0000,False,False,False
47308,0.0000,1.0000,False,False,False
47309,1.0000,0.0000,False,False,False
47310,1.0000,0.0000,False,False,False
47311,1.0000,0.0000,False,False,False
47312,1.0000,0.0000,False,False,False
47313,1.0000,0.0000,False,False,False
47314,1.0000,0.0000,False,False,False
47315,1.0000,0.0000,False,False,False
47316,1.0000,0.0000,False,False,False
47317,1.0000,0.0000,False,False,False
47318,1.0000,0.0000,False,False,False
47319,1.0000,0.0000,False,False,False
47320,1.0000,0.0000,False,False,False
47321,1.0000,0.0000,False,False,False
47322,1.0000,0.0000,False,False,False
47323,0.0000,1.0000,False,False,False
47324,1.0000,0.0000,False,False,False
47325,1.0000,0.0000,False,False,False
47326,1.0000,0.0000,False,False,False
47327,1.0000,0.0000,False,False,False
47328,1.0000,0.0000,False,False,False
47329,0.0000,1.0000,False,False,False
47330,1.0000,0.0000,False,False,False
47331,1.0000,0.0000,False,False,False
47332,1.0000,0.0000,False,False,False
47333,1.0000,0.0000,False,False,False
47334,1.0000,0.0000,False,False,False
47335,1.0000,0.0000,False,False,False
47336,1.0000,0.0000,False,False,False
47337,1.0000,0.0000,False,False,False
47338,0.0000,1.0000,False,False,False
47339,1.0000,0.0000,False,False,False
47340,1.0000,0.0000,False,False,False
47341,1.0000,0.0000,False,False,False
47342,1.0000,0.0000,False,False,False
47343,1.0000,0.0000,False,False,False
47344,0.0000,1.0000,False,False,False
47345,1.0000,0.0000,False,False,False
47346,1.0000,0.0000,False,False,False
47347,1.0000,0.0000,False,False,False
47348,1.0000,0.0000,False,False,False
47349,1.0000,0.0000,False,False,False
47350,1.0000,0.0000,False,False,False
47351,1.0000,0.0000,False,False,False
47352,1.0000,0.0000,False,False,False
47353,0.0000,1.0000,False,False,False
47354,0.0000,1.0000,False,False,False
47355,1.0000,0.0000,False,False,False
47356,0.0000,1.0000,False,False,False
47357,0.0000,1.0000,False,False,False
47358,1.0000,0.0000,False,False,False
47359,0.0000,1.0000,False,False,False
47360,1.0000,0.0000,False,False,False
47361,1.0000,0.0000,False,False,False
47362,0.0000,1.0000,False,False,False
47363,1.0000,0.0000,False,False,False
47364,1.0000,0.0000,False,False,False
47365,1.0000,0.0000,False,False,False
47366,1.0000,0.0000,False,False,False
47367,1.0000,0.0000,False,False,False
47368,0.0000,1.0000,False,False,False
47369,0.0000,1.0000,False,False,False
47370,1.0000,0.0000,False,False,False
47371,1.0000,0.0000,False,False,False
47372,1.0000,0.0000,False,False,False
47373,1.0000,0.0000,False,False,False
47374,0.0000,1.0000,False,False,False
47375,1.0000,0.0000,False,False,False
47376,1.0000,0.0000,False,False,False
47377,1.0000,0.0000,False,False,False
47378,1.0000,0.0000,False,False,False
47379,1.0000,0.0000,False,False,False
47380,1.0000,0.0000,False,False,False
47381,0.0000,1.0000,False,False,False
47382,1.0000,0.0000,False,False,False
47383,1.0000,0.0000,False,False,False
47384,1.0000,0.0000,False,False,False
47385,1.0000,0.0000,False,False,False
47386,1.0000,0.0000,False,False,False
47387,0.0000,1.0000,False,False,False
47388,0.0000,1.0000,False,False,False
47389,1.0000,0.0000,False,False,False
47390,0.0000,1.0000,False,False,False
47391,0.0000,1.0000,False,False,False
47392,0.0000,1.0000,False,False,False
47393,0.0000,1.0000,False,False,False
47394,1.0000,0.0000,False,False,False
47395,1.0000,0.0000,False,False,False
47396,1.0000,0.0000,False,False,False
47397,1.0000,0.0000,False,False,False
47398,1.0000,0.0000,False,False,False
47399,1.0000,0.0000,False,False,False
47400,0.0000,1.0000,False,False,False
47401,1.0000,0.0000,False,False,False
47402,1.0000,0.0000,False,False,False
47403,1.0000,0.0000,False,False,False
47404,1.0000,0.0000,False,False,False
47405,0.0000,1.0000,False,False,False
47406,0.0000,1.0000,False,False,False
47407,0.0000,1.0000,False,False,False
47408,0.0000,1.0000,False,False,False
47409,1.0000,0.0000,False,False,False
47410,0.0000,1.0000,False,False,False
47411,1.0000,0.0000,False,False,False
47412,1.0000,0.0000,False,False,False
47413,0.0000,1.0000,False,False,False
47414,1.0000,0.0000,False,False,False
47415,1.0000,0.0000,False,False,False
47416,1.0000,0.0000,False,False,False
47417,1.0000,0.0000,False,False,False
47418,1.0000,0.0000,False,False,False
47419,1.0000,0.0000,False,False,False
47420,1.0000,0.0000,False,False,False
47421,0.0000,1.0000,False,False,False
47422,1.0000,0.0000,False,False,False
47423,1.0000,0.0000,False,False,False
47424,1.0000,0.0000,False,False,False
47425,1.0000,0.0000,False,False,False
47426,0.0000,1.0000,False,False,False
47427,0.0000,1.0000,False,False,False
47428,1.0000,0.0000,False,False,False
47429,1.0000,0.0000,False,False,False
47430,1.0000,0.0000,False,False,False
47431,1.0000,0.0000,False,False,False
47432,1.0000,0.0000,False,False,False
47433,0.0000,1.0000,False,False,False
47434,1.0000,0.0000,False,False,False
47435,0.0000,1.0000,False,False,False
47436,1.0000,0.0000,False,False,False
47437,1.0000,0.0000,False,False,False
47438,1.0000,0.0000,False,False,False
47439,1.0000,0.0000,False,False,False
47440,1.0000,0.0000,False,False,False
47441,1.0000,0.0000,False,False,False
47442,0.0000,1.0000,False,False,False
47443,0.0000,1.0000,False,False,False
47444,1.0000,0.0000,False,False,False
47445,1.0000,0.0000,False,False,False
47446,1.0000,0.0000,False,False,False
47447,0.0000,1.0000,False,False,False
47448,1.0000,0.0000,False,False,False
47449,0.0000,1.0000,False,False,False
47450,1.0000,0.0000,False,False,False
47451,1.0000,0.0000,False,False,False
47452,1.0000,0.0000,False,False,False
47453,1.0000,0.0000,False,False,False
47454,1.0000,0.0000,False,False,False
47455,1.0000,0.0000,False,False,False
47456,0.0000,1.0000,False,False,False
47457,1.0000,0.0000,False,False,False
47458,1.0000,0.0000,False,False,False
47459,1.0000,0.0000,False,False,False
47460,1.0000,0.0000,False,False,False
47461,1.0000,0.0000,False,False,False
47462,1.0000,0.0000,False,False,False
47463,1.0000,0.0000,False,False,False
47464,1.0000,0.0000,False,False,False
47465,1.0000,0.0000,False,False,False
47466,0.0000,1.0000,False,False,False
47467,1.0000,0.0000,False,False,False
47468,1.0000,0.0000,False,False,False
47469,1.0000,0.0000,False,False,False
47470,1.0000,0.0000,False,False,False
47471,0.0000,1.0000,False,False,False
47472,1.0000,0.0000,False,False,False
47473,1.0000,0.0000,False,False,False
47474,1.0000,0.0000,False,False,False
47475,0.0000,1.0000,False,False,False
47476,1.0000,0.0000,False,False,False
47477,0.0000,1.0000,False,False,False
47478,0.0000,1.0000,False,False,False
47479,1.0000,0.0000,False,False,False
47480,1.0000,0.0000,False,False,False
47481,0.0000,1.0000,False,False,False
47482,1.0000,0.0000,False,False,False
47483,1.0000,0.0000,False,False,False
47484,0.0000,1.0000,False,False,False
47485,0.0000,1.0000,False,False,False
47486,1.0000,0.0000,False,False,False
47487,0.0000,1.0000,False,False,False
47488,1.0000,0.0000,False,False,False
47489,1.0000,0.0000,False,False,False
47490,1.0000,0.0000,False,False,False
47491,1.0000,0.0000,False,False,False
47492,1.0000,0.0000,False,False,False
47493,1.0000,0.0000,False,False,False
47494,1.0000,0.0000,False,False,False
47495,1.0000,0.0000,False,False,False
47496,0.0000,1.0000,False,False,False
47497,0.0000,1.0000,False,False,False
47498,1.0000,0.0000,False,False,False
47499,1.0000,0.0000,False,False,False
47500,1.0000,0.0000,True,True,False
47501,1.0000,0.0000,True,True,False
47502,1.0000,0.0000,True,True,False
47503,1.0000,0.0000,True,True,False
47504,0.0000,1.0000,True,True,False
47505,1.0000,0.0000,True,True,False
47506,1.0000,0.0000,True,True,False
47507,1.0000,0.0000,True,True,False
47508,0.0000,1.0000,True,True,False
47509,0.0000,1.0000,True,True,False
47510,1.0000,0.0000,True,False,True
47511,0.0000,1.0000,False,False,False
47512,1.0000,0.0000,False,False,False
47513,1.0000,0.0000,False,False,False
47514,0.0000,1.0000,False,False,False
47515,1.0000,0.0000,False,False,False
47516,1.0000,0.0000,False,False,False
47517,0.0000,1.0000,False,False,False
47518,1.0000,0.0000,False,False,False
47519,1.0000,0.0000,False,False,False
47520,1.0000,0.0000,False,False,False
47521,1.0000,0.0000,False,False,False
47522,1.0000,0.0000,False,False,False
47523,1.0000,0.0000,False,False,False
47524,1.0000,0.0000,False,False,False
47525,1.0000,0.0000,False,False,False
47526,1.0000,0.0000,False,False,False
47527,1.0000,0.0000,False,False,False
47528,1.0000,0.0000,False,False,False
47529,0.0000,1.0000,False,False,False
47530,0.0000,1.0000,False,False,False
47531,1.0000,0.0000,False,False,False
47532,1.0000,0.0000,False,False,False
47533,1.0000,0.0000,False,False,False
47534,0.0000,1.0000,False,False,False
47535,1.0000,0.0000,False,False,False
47536,0.0000,1.0000,False,False,False
47537,1.0000,0.0000,False,False,False
47538,1.0000,0.0000,False,False,False
47539,1.0000,0.0000,False,False,False
47540,0.0000,1.0000,False,False,False
47541,0.0000,1.0000,False,False,False
47542,1.0000,0.0000,False,False,False
47543,0.0000,1.0000,False,False,False
47544,1.0000,0.0000,False,False,False
47545,0.0000,1.0000,False,False,False
47546,1.0000,0.0000,False,False,False
47547,1.0000,0.0000,False,False,False
47548,1.0000,0.0000,False,False,False
47549,1.0000,0.0000,False,False,False
47550,1.0000,0.0000,False,False,False
47551,0.0000,1.0000,False,False,False
47552,1.0000,0.0000,False,False,False
47553,1.0000,0.0000,False,False,False
47554,1.0000,0.0000,False,False,False
47555,1.0000,0.0000,False,False,False
47556,1.0000,0.0000,False,False,False
47557,1.0000,0.0000,False,False,False
47558,1.0000,0.0000,False,False,False
47559,0.0000,1.0000,False,False,False
47560,0.0000,1.0000,False,False,False
47561,1.0000,0.0000,False,False,False
47562,1.0000,0.0000,False,False,False
47563,1.0000,0.0000,False,False,False
47564,1.0000,0.0000,False,False,False
47565,1.0000,0.0000,False,False,False
47566,1.0000,0.0000,False,False,False
47567,1.0000,0.0000,False,False,False
47568,1.0000,0.0000,False,False,False
47569,0.0000,1.0000,False,False,False
47570,0.0000,1.0000,False,False,False
47571,1.0000,0.0000,False,False,False
47572,1.0000,0.0000,False,False,False
47573,1.0000,0.0000,False,False,False
47574,1.0000,0.0000,False,False,False
47575,1.0000,0.0000,False,False,False
47576,1.0000,0.0000,False,False,False
47577,1.0000,0.0000,False,False,False
47578,1.0000,0.0000,False,False,False
47579,0.0000,1.0000,False,False,False
47580,0.0000,1.0000,False,False,False
47581,0.0000,1.0000,False,False,False
47582,0.0000,1.0000,False,False,False
47583,1.0000,0.0000,False,False,False
47584,1.0000,0.0000,False,False,False
47585,1.0000,0.0000,False,False,False
47586,1.0000,0.0000,False,False,False
47587,1.0000,0.0000,False,False,False
47588,1.0000,0.0000,False,False,False
47589,1.0000,0.0000,False,False,False
47590,1.0000,0.0000,False,False,False
47591,1.0000,0.0000,False,False,False
47592,1.0000,0.0000,False,False,False
47593,0.0000,1.0000,False,False,False
47594,1.0000,0.0000,False,False,False
47595,1.0000,0.0000,False,False,False
47596,1.0000,0.0000,False,False,False
47597,0.0000,1.0000,False,False,False
47598,0.0000,1.0000,False,False,False
47599,1.0000,0.0000,False,False,False
47600,1.0000,0.0000,False,False,False
47601,1.0000,0.0000,False,False,False
47602,1.0000,0.0000,False,False,False
47603,1.0000,0.0000,False,False,False
47604,0.0000,1.0000,False,False,False
47605,1.0000,0.0000,False,False,False
47606,1.0000,0.0000,False,False,False
47607,0.0000,1.0000,False,False,False
47608,1.0000,0.0000,False,False,False
47609,1.0000,0.0000,False,False,False
47610,0.0000,1.0000,False,False,False
47611,1.0000,0.0000,False,False,False
47612,0.0000,1.0000,False,False,False
47613,1.0000,0.0000,False,False,False
47614,1.0000,0.0000,False,False,False
47615,0.0000,1.0000,False,False,False
47616,1.0000,0.0000,False,False,False
47617,1.0000,0.0000,False,False,False
47618,1.0000,0.0000,False,False,False
47619,0.0000,1.0000,False,False,False
47620,1.0000,0.0000,False,False,False
47621,0.0000,1.0000,False,False,False
47622,1.0000,0.0000,False,False,False
47623,1.0000,0.0000,False,False,False
47624,1.0000,0.0000,False,False,False
47625,1.0000,0.0000,False,False,False
47626,1.0000,0.0000,False,False,False
47627,1.0000,0.0000,False,False,False
47628,1.0000,0.0000,False,False,False
47629,0.0000,1.0000,False,False,False
47630,1.0000,0.0000,False,False,False
47631,0.0000,1.0000,False,False,False
47632,1.0000,0.0000,False,False,False
47633,1.0000,0.0000,False,False,False
47634,1.0000,0.0000,False,False,False
47635,1.0000,0.0000,False,False,False
47636,0.0000,1.0000,False,False,False
47637,0.0000,1.0000,False,False,False
47638,1.0000,0.0000,False,False,False
47639,0.0000,1.0000,False,False,False
47640,1.0000,0.0000,False,False,False
47641,1.0000,0.0000,False,False,False
47642,0.0000,1.0000,False,False,False
47643,1.0000,0.0000,False,False,False
47644,1.0000,0.0000,False,False,False
47645,1.0000,0.0000,False,False,False
47646,0.0000,1.0000,False,False,False
47647,1.0000,0.0000,False,False,False
47648,1.0000,0.0000,False,False,False
47649,1.0000,0.0000,False,False,False
47650,0.0000,1.0000,False,False,False
47651,0.0000,1.0000,False,False,False
47652,1.0000,0.0000,False,False,False
47653,1.0000,0.0000,False,False,False
47654,1.0000,0.0000,False,False,False
47655,1.0000,0.0000,False,False,False
47656,1.0000,0.0000,False,False,False
47657,0.0000,1.0000,False,False,False
47658,1.0000,0.0000,False,False,False
47659,1.0000,0.0000,False,False,False
47660,1.0000,0.0000,False,False,False
47661,0.0000,1.0000,False,False,False
47662,1.0000,0.0000,False,False,False
47663,1.0000,0.0000,False,False,False
47664,1.0000,0.0000,False,False,False
47665,1.0000,0.0000,False,False,False
47666,1.0000,0.0000,False,False,False
47667,1.0000,0.0000,False,False,False
47668,0.0000,1.0000,False,False,False
47669,1.0000,0.0000,False,False,False
47670,0.0000,1.0000,False,False,False
47671,1.0000,0.0000,False,False,False
47672,1.0000,0.0000,False,False,False
47673,0.0000,1.0000,False,False,False
47674,1.0000,0.0000,False,False,False
47675,1.0000,0.0000,False,False,False
47676,0.0000,1.0000,False,False,False
47677,1.0000,0.0000,False,False,False
47678,1.0000,0.0000,False,False,False
47679,0.0000,1.0000,False,False,False
47680,1.0000,0.0000,False,False,False
47681,1.0000,0.0000,False,False,False
47682,0.0000,1.0000,False,False,False
47683,1.0000,0.0000,False,False,False
47684,0.0000,1.0000,False,False,False
47685,1.0000,0.0000,False,False,False
47686,1.0000,0.0000,False,False,False
47687,1.0000,0.0000,False,False,False
47688,1.0000,0.0000,False,False,False
47689,1.0000,0.0000,False,False,False
47690,1.0000,0.0000,False,False,False
47691,1.0000,0.0000,False,False,False
47692,0.0000,1.0000,False,False,False
47693,1.0000,0.0000,False,False,False
47694,0.0000,1.0000,False,False,False
47695,1.0000,0.0000,False,False,False
47696,1.0000,0.0000,False,False,False
47697,1.0000,0.0000,False,False,False
47698,1.0000,0.0000,False,False,False
47699,1.0000,0.0000,False,False,False
47700,1.0000,0.0000,False,False,False
47701,1.0000,0.0000,False,False,False
47702,1.0000,0.0000,False,False,False
47703,0.0000,1.0000,False,False,False
47704,1.0000,0.0000,False,False,False
47705,1.0000,0.0000,False,False,False
47706,1.0000,0.0000,False,False,False
47707,1.0000,0.0000,False,False,False
47708,1.0000,0.0000,False,False,False
47709,0.0000,1.0000,False,False,False
47710,0.0000,1.0000,False,False,False
47711,1.0000,0.0000,False,False,False
47712,1.0000,0.0000,False,False,False
47713,1.0000,0.0000,False,False,False
47714,0.0000,1.0000,False,False,False
47715,1.0000,0.0000,False,False,False
47716,0.0000,1.0000,False,False,False
47717,1.0000,0.0000,False,False,False
47718,0.0000,1.0000,False,False,False
47719,0.0000,1.0000,False,False,False
47720,1.0000,0.0000,False,False,False
47721,0.0000,1.0000,False,False,False
47722,1.0000,0.0000,False,False,False
47723,0.0000,1.0000,False,False,False
47724,1.0000,0.0000,False,False,False
47725,0.0000,1.0000,False,False,False
47726,1.0000,0.0000,False,False,False
47727,0.0000,1.0000,False,False,False
47728,1.0000,0.0000,False,False,False
47729,1.0000,0.0000,False,False,False
47730,0.0000,1.0000,False,False,False
47731,0.0000,1.0000,False,False,False
47732,0.0000,1.0000,False,False,False
47733,1.0000,0.0000,False,False,False
47734,1.0000,0.0000,False,False,False
47735,0.0000,1.0000,False,False,False
47736,1.0000,0.0000,False,False,False
47737,1.0000,0.0000,False,False,False
47738,1.0000,0.0000,False,False,False
47739,1.0000,0.0000,False,False,False
47740,0.0000,1.0000,False,False,False
47741,1.0000,0.0000,False,False,False
47742,1.0000,0.0000,False,False,False
47743,0.0000,1.0000,False,False,False
47744,0.0000,1.0000,False,False,False
47745,1.0000,0.0000,False,False,False
47746,1.0000,0.0000,False,False,False
47747,1.0000,0.0000,False,False,False
47748,1.0000,0.0000,False,False,False
47749,0.0000,1.0000,False,False,False
47750,1.0000,0.0000,False,False,False
47751,1.0000,0.0000,False,False,False
47752,0.0000,1.0000,False,False,False
47753,1.0000,0.0000,False,False,False
47754,1.0000,0.0000,False,False,False
47755,1.0000,0.0000,False,False,False
47756,1.0000,0.0000,False,False,False
47757,1.0000,0.0000,False,False,False
47758,1.0000,0.0000,False,False,False
47759,0.0000,1.0000,False,False,False
47760,1.0000,0.0000,False,False,False
47761,0.0000,1.0000,False,False,False
47762,1.0000,0.0000,False,False,False
47763,1.0000,0.0000,False,False,False
47764,1.0000,0.0000,False,False,False
47765,1.0000,0.0000,False,False,False
47766,1.0000,0.0000,False,False,False
47767,1.0000,0.0000,False,False,False
47768,1.0000,0.0000,False,False,False
47769,0.0000,1.0000,False,False,False
47770,0.0000,1.0000,False,False,False
47771,1.0000,0.0000,False,False,False
47772,1.0000,0.0000,False,False,False
47773,1.0000,0.0000,False,False,False
47774,1.0000,0.0000,False,False,False
47775,1.0000,0.0000,False,False,False
47776,1.0000,0.0000,False,False,False
47777,1.0000,0.0000,False,False,False
47778,1.0000,0.0000,False,False,False
47779,1.0000,0.0000,False,False,False
47780,1.0000,0.0000,False,False,False
47781,1.0000,0.0000,False,False,False
47782,1.0000,0.0000,False,False,False
47783,1.0000,0.0000,False,False,False
47784,0.0000,1.0000,False,False,False
47785,1.0000,0.0000,False,False,False
47786,1.0000,0.0000,False,False,False
47787,1.0000,0.0000,False,False,False
47788,0.0000,1.0000,False,False,False
47789,1.0000,0.0000,False,False,False
47790,1.0000,0.0000,False,False,False
47791,1.0000,0.0000,False,False,False
47792,1.0000,0.0000,False,False,False
47793,0.0000,1.0000,False,False,False
47794,1.0000,0.0000,False,False,False
47795,1.0000,0.0000,False,False,False
47796,1.0000,0.0000,False,False,False
47797,1.0000,0.0000,False,False,False
47798,1.0000,0.0000,False,False,False
47799,0.0000,1.0000,False,False,False
47800,0.0000,1.0000,False,False,False
47801,1.0000,0.0000,False,False,False
47802,1.0000,0.0000,False,False,False
47803,0.0000,1.0000,False,False,False
47804,1.0000,0.0000,False,False,False
47805,1.0000,0.0000,False,False,False
47806,1.0000,0.0000,False,False,False
47807,1.0000,0.0000,False,False,False
47808,1.0000,0.0000,False,False,False
47809,0.0000,1.0000,False,False,False
47810,0.0000,1.0000,False,False,False
47811,0.0000,1.0000,False,False,False
47812,0.0000,1.0000,False,False,False
47813,0.0000,1.0000,False,False,False
47814,1.0000,0.0000,False,False,False
47815,0.0000,1.0000,False,False,False
47816,1.0000,0.0000,False,False,False
47817,0.0000,1.0000,False,False,False
47818,1.0000,0.0000,False,False,False
47819,1.0000,0.0000,False,False,False
47820,1.0000,0.0000,False,False,False
47821,1.0000,0.0000,False,False,False
47822,0.0000,1.0000,False,False,False
47823,0.0000,1.0000,False,False,False
47824,0.0000,1.0000,False,False,False
47825,1.0000,0.0000,False,False,False
47826,0.0000,1.0000,False,False,False
47827,0.0000,1.0000,False,False,False
47828,0.0000,1.0000,False,False,False
47829,1.0000,0.0000,False,False,False
47830,1.0000,0.0000,False,False,False
47831,1.0000,0.0000,False,False,False
47832,1.0000,0.0000,False,False,False
47833,1.0000,0.0000,False,False,False
47834,1.0000,0.0000,False,False,False
47835,0.0000,1.0000,False,False,False
47836,0.0000,1.0000,False,False,False
47837,0.0000,1.0000,False,False,False
47838,1.0000,0.0000,False,False,False
47839,1.0000,0.0000,False,False,False
47840,1.0000,0.0000,False,False,False
47841,1.0000,0.0000,False,False,False
47842,1.0000,0.0000,False,False,False
47843,0.0000,1.0000,False,False,False
47844,0.0000,1.0000,False,False,False
47845,1.0000,0.0000,False,False,False
47846,1.0000,0.0000,False,False,False
47847,1.0000,0.0000,False,False,False
47848,1.0000,0.0000,False,False,False
47849,0.0000,1.0000,False,False,False
47850,1.0000,0.0000,False,False,False
47851,1.0000,0.0000,False,False,False
47852,1.0000,0.0000,False,False,False
47853,1.0000,0.0000,False,False,False
47854,0.0000,1.0000,False,False,False
47855,1.0000,0.0000,False,False,False
47856,1.0000,0.0000,False,False,False
47857,0.0000,1.0000,False,False,False
47858,1.0000,0.0000,False,False,False
47859,1.0000,0.0000,False,False,False
47860,1.0000,0.0000,False,False,False
47861,1.0000,0.0000,False,False,False
47862,1.0000,0.0000,False,False,False
47863,1.0000,0.0000,False,False,False
47864,0.0000,1.0000,False,False,False
47865,1.0000,0.0000,False,False,False
47866,1.0000,0.0000,False,False,False
47867,1.0000,0.0000,False,False,False
47868,1.0000,0.0000,False,False,False
47869,0.0000,1.0000,False,False,False
47870,1.0000,0.0000,False,False,False
47871,1.0000,0.0000,False,False,False
47872,1.0000,0.0000,False,False,False
47873,1.0000,0.0000,False,False,False
47874,1.0000,0.0000,False,False,False
47875,0.0000,1.0000,False,False,False
47876,0.0000,1.0000,False,False,False
47877,1.0000,0.0000,False,False,False
47878,0.0000,1.0000,False,False,False
47879,1.0000,0.0000,False,False,False
47880,0.0000,1.0000,False,False,False
47881,0.0000,1.0000,False,False,False
47882,1.0000,0.0000,False,False,False
47883,0.0000,1.0000,False,False,False
47884,0.0000,1.0000,False,False,False
47885,1.0000,0.0000,False,False,False
47886,1.0000,0.0000,False,False,False
47887,1.0000,0.0000,False,False,False
47888,1.0000,0.0000,False,False,False
47889,1.0000,0.0000,False,False,False
47890,0.0000,1.0000,False,False,False
47891,0.0000,1.0000,False,False,False
47892,0.0000,1.0000,False,False,False
47893,1.0000,0.0000,False,False,False
47894,1.0000,0.0000,False,False,False
47895,0.0000,1.0000,False,False,False
47896,1.0000,0.0000,False,False,False
47897,1.0000,0.0000,False,False,False
47898,1.0000,0.0000,False,False,False
47899,1.0000,0.0000,False,False,False
47900,0.0000,1.0000,False,False,False
47901,0.0000,1.0000,False,False,False
47902,0.0000,1.0000,False,False,False
47903,1.0000,0.0000,False,False,False
47904,1.0000,0.0000,False,False,False
47905,1.0000,0.0000,False,False,False
47906,1.0000,0.0000,False,False,False
47907,1.0000,0.0000,False,False,False
47908,0.0000,1.0000,False,False,False
47909,1.0000,0.0000,False,False,False
47910,1.0000,0.0000,False,False,False
47911,1.0000,0.0000,False,False,False
47912,1.0000,0.0000,False,False,False
47913,1.0000,0.0000,False,False,False
47914,1.0000,0.0000,False,False,False
47915,1.0000,0.0000,False,False,False
47916,0.0000,1.0000,False,False,False
47917,1.0000,0.0000,False,False,False
47918,1.0000,0.0000,False,False,False
47919,1.0000,0.0000,False,False,False
47920,1.0000,0.0000,False,False,False
47921,1.0000,0.0000,False,False,False
47922,1.0000,0.0000,False,False,False
47923,1.0000,0.0000,False,False,False
47924,0.0000,1.0000,False,False,False
47925,1.0000,0.0000,False,False,False
47926,1.0000,0.0000,False,False,False
47927,1.0000,0.0000,False,False,False
47928,1.0000,0.0000,False,False,False
47929,1.0000,0.0000,False,False,False
47930,1.0000,0.0000,False,False,False
47931,1.0000,0.0000,False,False,False
47932,1.0000,0.0000,False,False,False
47933,1.0000,0.0000,False,False,False
47934,1.0000,0.0000,False,False,False
47935,1.0000,0.0000,False,False,False
47936,1.0000,0.0000,False,False,False
47937,0.0000,1.0000,False,False,False
47938,1.0000,0.0000,False,False,False
47939,1.0000,0.0000,False,False,False
47940,1.0000,0.0000,False,False,False
47941,1.0000,0.0000,False,False,False
47942,1.0000,0.0000,False,False,False
47943,1.0000,0.0000,False,False,False
47944,1.0000,0.0000,False,False,False
47945,0.0000,1.0000,False,False,False
47946,1.0000,0.0000,False,False,False
47947,1.0000,0.0000,False,False,False
47948,1.0000,0.0000,False,False,False
47949,1.0000,0.0000,False,False,False
47950,0.0000,1.0000,False,False,False
47951,1.0000,0.0000,False,False,False
47952,1.0000,0.0000,False,False,False
47953,0.0000,1.0000,False,False,False
47954,0.0000,1.0000,False,False,False
47955,1.0000,0.0000,False,False,False
47956,0.0000,1.0000,False,False,False
47957,1.0000,0.0000,False,False,False
47958,0.0000,1.0000,False,False,False
47959,1.0000,0.0000,False,False,False
47960,1.0000,0.0000,False,False,False
47961,1.0000,0.0000,False,False,False
47962,0.0000,1.0000,False,False,False
47963,1.0000,0.0000,False,False,False
47964,0.0000,1.0000,False,False,False
47965,1.0000,0.0000,False,False,False
47966,1.0000,0.0000,False,False,False
47967,1.0000,0.0000,False,False,False
47968,1.0000,0.0000,False,False,False
47969,1.0000,0.0000,False,False,False
47970,1.0000,0.0000,False,False,False
47971,1.0000,0.0000,False,False,False
47972,0.0000,1.0000,False,False,False
47973,1.0000,0.0000,False,False,False
47974,1.0000,0.0000,False,False,False
47975,1.0000,0.0000,False,False,False
47976,1.0000,0.0000,False,False,False
47977,0.0000,1.0000,False,False,False
47978,1.0000,0.0000,False,False,False
47979,1.0000,0.0000,False,False,False
47980,1.0000,0.0000,False,False,False
47981,0.0000,1.0000,False,False,False
47982,1.0000,0.0000,False,False,False
47983,1.0000,0.0000,False,False,False
47984,1.0000,0.0000,False,False,False
47985,1.0000,0.0000,False,False,False
47986,1.0000,0.0000,False,False,False
47987,1.0000,0.0000,False,False,False
47988,1.0000,0.0000,False,False,False
47989,1.0000,0.0000,False,False,False
47990,1.0000,0.0000,False,False,False
47991,0.0000,1.0000,False,False,False
47992,1.0000,0.0000,False,False,False
47993,1.0000,0.0000,False,False,False
47994,0.0000,1.0000,False,False,False
47995,1.0000,0.0000,False,False,False
47996,0.0000,1.0000,False,False,False
47997,1.0000,0.0000,False,False,False
47998,1.0000,0.0000,False,False,False
47999,1.0000,0.0000,False,False,False
48000,0.0000,1.0000,False,False,False
48001,1.0000,0.0000,False,False,False
48002,1.0000,0.0000,False,False,False
48003,1.0000,0.0000,False,False,False
48004,1.0000,0.0000,False,False,False
48005,0.0000,1.0000,False,False,False
48006,1.0000,0.0000,False,False,False
48007,0.0000,1.0000,False,False,False
48008,1.0000,0.0000,False,False,False
48009,1.0000,0.0000,False,False,False
48010,1.0000,0.0000,False,False,False
48011,1.0000,0.0000,False,False,False
48012,1.0000,0.0000,False,False,False
48013,0.0000,1.0000,False,False,False
48014,0.0000,1.0000,False,False,False
48015,1.0000,0.0000,False,False,False
48016,1.0000,0.0000,False,False,False
48017,0.0000,1.0000,False,False,False
48018,1.0000,0.0000,False,False,False
48019,0.0000,1.0000,False,False,False
48020,1.0000,0.0000,False,False,False
48021,1.0000,0.0000,False,False,False
48022,1.0000,0.0000,False,False,False
48023,1.0000,0.0000,False,False,False
48024,0.0000,1.0000,False,False,False
48025,0.0000,1.0000,False,False,False
48026,1.0000,0.0000,False,False,False
48027,1.0000,0.0000,False,False,False
48028,1.0000,0.0000,False,False,False
48029,1.0000,0.0000,False,False,False
48030,1.0000,0.0000,False,False,False
48031,1.0000,0.0000,False,False,False
48032,1.0000,0.0000,False,False,False
48033,1.0000,0.0000,False,False,False
48034,1.0000,0.0000,False,False,False
48035,0.0000,1.0000,False,False,False
48036,1.0000,0.0000,False,False,False
48037,0.0000,1.0000,False,False,False
48038,1.0000,0.0000,False,False,False
48039,1.0000,0.0000,False,False,False
48040,1.0000,0.0000,False,False,False
48041,1.0000,0.0000,False,False,False
48042,1.0000,0.0000,False,False,False
48043,1.0000,0.0000,False,False,False
48044,1.0000,0.0000,False,False,False
48045,1.0000,0.0000,False,False,False
48046,1.0000,0.0000,False,False,False
48047,1.0000,0.0000,False,False,False
48048,1.0000,0.0000,False,False,False
48049,1.0000,0.0000,False,False,False
48050,0.0000,1.0000,False,False,False
48051,1.0000,0.0000,False,False,False
48052,1.0000,0.0000,False,False,False
48053,1.0000,0.0000,False,False,False
48054,1.0000,0.0000,False,False,False
48055,1.0000,0.0000,False,False,False
48056,0.0000,1.0000,False,False,False
48057,0.0000,1.0000,False,False,False
48058,1.0000,0.0000,False,False,False
48059,1.0000,0.0000,False,False,False
48060,1.0000,0.0000,False,False,False
48061,0.0000,1.0000,False,False,False
48062,1.0000,0.0000,False,False,False
48063,1.0000,0.0000,False,False,False
48064,1.0000,0.0000,False,False,False
48065,1.0000,0.0000,False,False,False
48066,0.0000,1.0000,False,False,False
48067,1.0000,0.0000,False,False,False
48068,1.0000,0.0000,False,False,False
48069,1.0000,0.0000,False,False,False
48070,1.0000,0.0000,False,False,False
48071,0.0000,1.0000,False,False,False
48072,1.0000,0.0000,False,False,False
48073,1.0000,0.0000,False,False,False
48074,1.0000,0.0000,False,False,False
48075,1.0000,0.0000,False,False,False
48076,1.0000,0.0000,False,False,False
48077,1.0000,0.0000,False,False,False
48078,1.0000,0.0000,False,False,False
48079,1.0000,0.0000,False,False,False
48080,1.0000,0.0000,False,False,False
48081,0.0000,1.0000,False,False,False
48082,1.0000,0.0000,False,False,False
48083,1.0000,0.0000,False,False,False
48084,1.0000,0.0000,False,False,False
48085,0.0000,1.0000,False,False,False
48086,1.0000,0.0000,False,False,False
48087,1.0000,0.0000,False,False,False
48088,1.0000,0.0000,False,False,False
48089,0.0000,1.0000,False,False,False
48090,1.0000,0.0000,False,False,False
48091,1.0000,0.0000,False,False,False
48092,1.0000,0.0000,False,False,False
48093,1.0000,0.0000,False,False,False
48094,1.0000,0.0000,False,False,False
48095,1.0000,0.0000,False,False,False
48096,1.0000,0.0000,False,False,False
48097,1.0000,0.0000,False,False,False
48098,1.0000,0.0000,False,False,False
48099,1.0000,0.0000,False,False,False
48100,0.0000,1.0000,False,False,False
48101,1.0000,0.0000,False,False,False
48102,1.0000,0.0000,False,False,False
48103,1.0000,0.0000,False,False,False
48104,1.0000,0.0000,False,False,False
48105,0.0000,1.0000,False,False,False
48106,0.0000,1.0000,False,False,False
48107,0.0000,1.0000,False,False,False
48108,1.0000,0.0000,False,False,False
48109,0.0000,1.0000,False,False,False
48110,1.0000,0.0000,False,False,False
48111,1.0000,0.0000,False,False,False
48112,1.0000,0.0000,False,False,False
48113,1.0000,0.0000,False,False,False
48114,0.0000,1.0000,False,False,False
48115,0.0000,1.0000,False,False,False
48116,1.0000,0.0000,False,False,False
48117,0.0000,1.0000,False,False,False
48118,1.0000,0.0000,False,False,False
48119,1.0000,0.0000,False,False,False
48120,0.0000,1.0000,False,False,False
48121,1.0000,0.0000,False,False,False
48122,1.0000,0.0000,False,False,False
48123,1.0000,0.0000,False,False,False
48124,1.0000,0.0000,False,False,False
48125,1.0000,0.0000,False,False,False
48126,1.0000,0.0000,False,False,False
48127,1.0000,0.0000,False,False,False
48128,0.0000,1.0000,False,False,False
48129,1.0000,0.0000,False,False,False
48130,1.0000,0.0000,False,False,False
48131,1.0000,0.0000,False,False,False
48132,0.0000,1.0000,False,False,False
48133,0.0000,1.0000,False,False,False
48134,1.0000,0.0000,False,False,False
48135,1.0000,0.0000,False,False,False
48136,0.0000,1.0000,False,False,False
48137,1.0000,0.0000,False,False,False
48138,1.0000,0.0000,False,False,False
48139,1.0000,0.0000,False,False,False
48140,0.0000,1.0000,False,False,False
48141,1.0000,0.0000,False,False,False
48142,0.0000,1.0000,False,False,False
48143,0.0000,1.0000,False,False,False
48144,1.0000,0.0000,False,False,False
48145,1.0000,0.0000,False,False,False
48146,1.0000,0.0000,False,False,False
48147,1.0000,0.0000,False,False,False
48148,1.0000,0.0000,False,False,False
48149,1.0000,0.0000,False,False,False
48150,1.0000,0.0000,False,False,False
48151,0.0000,1.0000,False,False,False
48152,1.0000,0.0000,False,False,False
48153,0.0000,1.0000,False,False,False
48154,0.0000,1.0000,False,False,False
48155,1.0000,0.0000,False,False,False
48156,1.0000,0.0000,False,False,False
48157,1.0000,0.0000,False,False,False
48158,1.0000,0.0000,False,False,False
48159,1.0000,0.0000,False,False,False
48160,1.0000,0.0000,False,False,False
48161,1.0000,0.0000,False,False,False
48162,1.0000,0.0000,False,False,False
48163,1.0000,0.0000,False,False,False
48164,0.0000,1.0000,False,False,False
48165,1.0000,0.0000,False,False,False
48166,1.0000,0.0000,False,False,False
48167,1.0000,0.0000,False,False,False
48168,1.0000,0.0000,False,False,False
48169,0.0000,1.0000,False,False,False
48170,0.0000,1.0000,False,False,False
48171,1.0000,0.0000,False,False,False
48172,1.0000,0.0000,False,False,False
48173,1.0000,0.0000,False,False,False
48174,0.0000,1.0000,False,False,False
48175,1.0000,0.0000,False,False,False
48176,1.0000,0.0000,False,False,False
48177,1.0000,0.0000,False,False,False
48178,1.0000,0.0000,False,False,False
48179,1.0000,0.0000,False,False,False
48180,0.0000,1.0000,False,False,False
48181,1.0000,0.0000,False,False,False
48182,0.0000,1.0000,False,False,False
48183,0.0000,1.0000,False,False,False
48184,1.0000,0.0000,False,False,False
48185,0.0000,1.0000,False,False,False
48186,1.0000,0.0000,False,False,False
48187,1.0000,0.0000,False,False,False
48188,0.0000,1.0000,False,False,False
48189,0.0000,1.0000,False,False,False
48190,1.0000,0.0000,False,False,False
48191,1.0000,0.0000,False,False,False
48192,0.0000,1.0000,False,False,False
48193,1.0000,0.0000,False,False,False
48194,0.0000,1.0000,False,False,False
48195,1.0000,0.0000,False,False,False
48196,1.0000,0.0000,False,False,False
48197,1.0000,0.0000,False,False,False
48198,0.0000,1.0000,False,False,False
48199,1.0000,0.0000,False,False,False
48200,1.0000,0.0000,False,False,False
48201,0.0000,1.0000,False,False,False
48202,1.0000,0.0000,False,False,False
48203,1.0000,0.0000,False,False,False
48204,1.0000,0.0000,False,False,False
48205,1.0000,0.0000,False,False,False
48206,1.0000,0.0000,False,False,False
48207,1.0000,0.0000,False,False,False
48208,1.0000,0.0000,False,False,False
48209,1.0000,0.0000,False,False,False
48210,1.0000,0.0000,False,False,False
48211,0.0000,1.0000,False,False,False
48212,1.0000,0.0000,False,False,False
48213,1.0000,0.0000,False,False,False
48214,1.0000,0.0000,False,False,False
48215,1.0000,0.0000,False,False,False
48216,0.0000,1.0000,False,False,False
48217,0.0000,1.0000,False,False,False
48218,1.0000,0.0000,False,False,False
48219,1.0000,0.0000,False,False,False
48220,1.0000,0.0000,False,False,False
48221,1.0000,0.0000,False,False,False
48222,1.0000,0.0000,False,False,False
48223,0.0000,1.0000,False,False,False
48224,1.0000,0.0000,False,False,False
48225,1.0000,0.0000,False,False,False
48226,1.0000,0.0000,False,False,False
48227,1.0000,0.0000,False,False,False
48228,0.0000,1.0000,False,False,False
48229,0.0000,1.0000,False,False,False
48230,0.0000,1.0000,False,False,False
48231,1.0000,0.0000,False,False,False
48232,1.0000,0.0000,False,False,False
48233,0.0000,1.0000,False,False,False
48234,0.0000,1.0000,False,False,False
48235,0.0000,1.0000,False,False,False
48236,1.0000,0.0000,False,False,False
48237,1.0000,0.0000,False,False,False
48238,0.0000,1.0000,False,False,False
48239,1.0000,0.0000,False,False,False
48240,1.0000,0.0000,False,False,False
48241,1.0000,0.0000,False,False,False
48242,0.0000,1.0000,False,False,False
48243,1.0000,0.0000,False,False,False
48244,1.0000,0.0000,False,False,False
48245,1.0000,0.0000,False,False,False
48246,1.0000,0.0000,False,False,False
48247,1.0000,0.0000,False,False,False
48248,1.0000,0.0000,False,False,False
48249,1.0000,0.0000,False,False,False
48250,0.0000,1.0000,False,False,False
48251,0.0000,1.0000,False,False,False
48252,1.0000,0.0000,False,False,False
48253,1.0000,0.0000,False,False,False
48254,1.0000,0.0000,False,False,False
48255,1.0000,0.0000,False,False,False
48256,1.0000,0.0000,False,False,False
48257,1.0000,0.0000,False,False,False
48258,0.0000,1.0000,False,False,False
48259,1.0000,0.0000,False,False,False
48260,1.0000,0.0000,False,False,False
48261,0.0000,1.0000,False,False,False
48262,1.0000,0.0000,False,False,False
48263,0.0000,1.0000,False,False,False
48264,1.0000,0.0000,False,False,False
48265,1.0000,0.0000,False,False,False
48266,0.0000,1.0000,False,False,False
48267,1.0000,0.0000,False,False,False
48268,1.0000,0.0000,False,False,False
48269,1.0000,0.0000,False,False,False
48270,1.0000,0.0000,False,False,False
48271,1.0000,0.0000,False,False,False
48272,1.0000,0.0000,False,False,False
48273,1.0000,0.0000,False,False,False
48274,1.0000,0.0000,False,False,False
48275,1.0000,0.0000,False,False,False
48276,1.0000,0.0000,False,False,False
48277,1.0000,0.0000,False,False,False
48278,1.0000,0.0000,False,False,False
48279,1.0000,0.0000,False,False,False
48280,1.0000,0.0000,False,False,False
48281,1.0000,0.0000,False,False,False
48282,1.0000,0.0000,False,False,False
48283,1.0000,0.0000,False,False,False
48284,1.0000,0.0000,False,False,False
48285,1.0000,0.0000,False,False,False
48286,1.0000,0.0000,False,False,False
48287,0.0000,1.0000,False,False,False
48288,1.0000,0.0000,False,False,False
48289,1.0000,0.0000,False,False,False
48290,1.0000,0.0000,False,False,False
48291,1.0000,0.0000,False,False,False
48292,1.0000,0.0000,False,False,False
48293,1.0000,0.0000,False,False,False
48294,1.0000,0.0000,False,False,False
48295,1.0000,0.0000,False,False,False
48296,1.0000,0.0000,False,False,False
48297,1.0000,0.0000,False,False,False
48298,1.0000,0.0000,False,False,False
48299,1.0000,0.0000,False,False,False
48300,1.0000,0.0000,False,False,False
48301,1.0000,0.0000,False,False,False
48302,1.0000,0.0000,False,False,False
48303,1.0000,0.0000,False,False,False
48304,0.0000,1.0000,False,False,False
48305,1.0000,0.0000,False,False,False
48306,0.0000,1.0000,False,False,False
48307,1.0000,0.0000,False,False,False
48308,1.0000,0.0000,False,False,False
48309,0.0000,1.0000,False,False,False
48310,1.0000,0.0000,False,False,False
48311,1.0000,0.0000,False,False,False
48312,1.0000,0.0000,False,False,False
48313,1.0000,0.0000,False,False,False
48314,1.0000,0.0000,False,False,False
48315,0.0000,1.0000,False,False,False
48316,1.0000,0.0000,False,False,False
48317,1.0000,0.0000,False,False,False
48318,1.0000,0.0000,False,False,False
48319,1.0000,0.0000,False,False,False
48320,1.0000,0.0000,False,False,False
48321,1.0000,0.0000,False,False,False
48322,1.0000,0.0000,False,False,False
48323,1.0000,0.0000,False,False,False
48324,1.0000,0.0000,False,False,False
48325,1.0000,0.0000,False,False,False
48326,0.0000,1.0000,False,False,False
48327,1.0000,0.0000,False,False,False
48328,1.0000,0.0000,False,False,False
48329,0.0000,1.0000,False,False,False
48330,1.0000,0.0000,False,False,False
48331,1.0000,0.0000,False,False,False
48332,1.0000,0.0000,False,False,False
48333,1.0000,0.0000,False,False,False
48334,0.0000,1.0000,False,False,False
48335,1.0000,0.0000,False,False,False
48336,1.0000,0.0000,False,False,False
48337,1.0000,0.0000,False,False,False
48338,1.0000,0.0000,False,False,False
48339,1.0000,0.0000,False,False,False
48340,0.0000,1.0000,False,False,False
48341,1.0000,0.0000,False,False,False
48342,1.0000,0.0000,False,False,False
48343,1.0000,0.0000,False,False,False
48344,1.0000,0.0000,False,False,False
48345,1.0000,0.0000,False,False,False
48346,0.0000,1.0000,False,False,False
48347,1.0000,0.0000,False,False,False
48348,1.0000,0.0000,False,False,False
48349,1.0000,0.0000,False,False,False
48350,1.0000,0.0000,False,False,False
48351,1.0000,0.0000,False,False,False
48352,1.0000,0.0000,False,False,False
48353,1.0000,0.0000,False,False,False
48354,1.0000,0.0000,False,False,False
48355,1.0000,0.0000,False,False,False
48356,1.0000,0.0000,False,False,False
48357,1.0000,0.0000,False,False,False
48358,1.0000,0.0000,False,False,False
48359,1.0000,0.0000,False,False,False
48360,1.0000,0.0000,False,False,False
48361,1.0000,0.0000,False,False,False
48362,1.0000,0.0000,False,False,False
48363,1.0000,0.0000,False,False,False
48364,0.0000,1.0000,False,False,False
48365,1.0000,0.0000,False,False,False
48366,0.0000,1.0000,False,False,False
48367,1.0000,0.0000,False,False,False
48368,1.0000,0.0000,False,False,False
48369,0.0000,1.0000,False,False,False
48370,1.0000,0.0000,False,False,False
48371,1.0000,0.0000,False,False,False
48372,1.0000,0.0000,False,False,False
48373,1.0000,0.0000,False,False,False
48374,1.0000,0.0000,False,False,False
48375,0.0000,1.0000,False,False,False
48376,1.0000,0.0000,False,False,False
48377,0.0000,1.0000,False,False,False
48378,1.0000,0.0000,False,False,False
48379,1.0000,0.0000,False,False,False
48380,1.0000,0.0000,False,False,False
48381,0.0000,1.0000,False,False,False
48382,0.0000,1.0000,False,False,False
48383,1.0000,0.0000,False,False,False
48384,1.0000,0.0000,False,False,False
48385,1.0000,0.0000,False,False,False
48386,1.0000,0.0000,False,False,False
48387,1.0000,0.0000,False,False,False
48388,1.0000,0.0000,False,False,False
48389,1.0000,0.0000,False,False,False
48390,1.0000,0.0000,False,False,False
48391,1.0000,0.0000,False,False,False
48392,1.0000,0.0000,False,False,False
48393,0.0000,1.0000,False,False,False
48394,1.0000,0.0000,False,False,False
48395,0.0000,1.0000,False,False,False
48396,0.0000,1.0000,False,False,False
48397,1.0000,0.0000,False,False,False
48398,1.0000,0.0000,False,False,False
48399,1.0000,0.0000,False,False,False
48400,1.0000,0.0000,False,False,False
48401,1.0000,0.0000,False,False,False
48402,0.0000,1.0000,False,False,False
48403,1.0000,0.0000,False,False,False
48404,0.0000,1.0000,False,False,False
48405,1.0000,0.0000,False,False,False
48406,0.0000,1.0000,False,False,False
48407,1.0000,0.0000,False,False,False
48408,1.0000,0.0000,False,False,False
48409,1.0000,0.0000,False,False,False
48410,1.0000,0.0000,False,False,False
48411,1.0000,0.0000,False,False,False
48412,1.0000,0.0000,False,False,False
48413,1.0000,0.0000,False,False,False
48414,1.0000,0.0000,False,False,False
48415,1.0000,0.0000,False,False,False
48416,1.0000,0.0000,False,False,False
48417,1.0000,0.0000,False,False,False
48418,0.0000,1.0000,False,False,False
48419,1.0000,0.0000,False,False,False
48420,1.0000,0.0000,False,False,False
48421,0.0000,1.0000,False,False,False
48422,1.0000,0.0000,False,False,False
48423,1.0000,0.0000,False,False,False
48424,0.0000,1.0000,False,False,False
48425,1.0000,0.0000,False,False,False
48426,1.0000,0.0000,False,False,False
48427,1.0000,0.0000,False,False,False
48428,1.0000,0.0000,False,False,False
48429,1.0000,0.0000,False,False,False
48430,1.0000,0.0000,False,False,False
48431,0.0000,1.0000,False,False,False
48432,0.0000,1.0000,False,False,False
48433,1.0000,0.0000,False,False,False
48434,0.0000,1.0000,False,False,False
48435,1.0000,0.0000,False,False,False
48436,0.0000,1.0000,False,False,False
48437,1.0000,0.0000,False,False,False
48438,0.0000,1.0000,False,False,False
48439,0.0000,1.0000,False,False,False
48440,1.0000,0.0000,False,False,False
48441,0.0000,1.0000,False,False,False
48442,1.0000,0.0000,False,False,False
48443,1.0000,0.0000,False,False,False
48444,1.0000,0.0000,False,False,False
48445,1.0000,0.0000,False,False,False
48446,1.0000,0.0000,False,False,False
48447,0.0000,1.0000,False,False,False
48448,1.0000,0.0000,False,False,False
48449,1.0000,0.0000,False,False,False
48450,1.0000,0.0000,False,False,False
48451,1.0000,0.0000,False,False,False
48452,1.0000,0.0000,False,False,False
48453,0.0000,1.0000,False,False,False
48454,1.0000,0.0000,False,False,False
48455,1.0000,0.0000,False,False,False
48456,1.0000,0.0000,False,False,False
48457,1.0000,0.0000,False,False,False
48458,1.0000,0.0000,False,False,False
48459,0.0000,1.0000,False,False,False
48460,0.0000,1.0000,False,False,False
48461,1.0000,0.0000,False,False,False
48462,1.0000,0.0000,False,False,False
48463,1.0000,0.0000,False,False,False
48464,0.0000,1.0000,False,False,False
48465,1.0000,0.0000,False,False,False
48466,0.0000,1.0000,False,False,False
48467,1.0000,0.0000,False,False,False
48468,1.0000,0.0000,False,False,False
48469,0.0000,1.0000,False,False,False
48470,1.0000,0.0000,False,False,False
48471,1.0000,0.0000,False,False,False
48472,1.0000,0.0000,False,False,False
48473,1.0000,0.0000,False,False,False
48474,1.0000,0.0000,False,False,False
48475,1.0000,0.0000,False,False,False
48476,1.0000,0.0000,False,False,False
48477,1.0000,0.0000,False,False,False
48478,1.0000,0.0000,False,False,False
48479,1.0000,0.0000,False,False,False
48480,1.0000,0.0000,False,False,False
48481,1.0000,0.0000,False,False,False
48482,1.0000,0.0000,False,False,False
48483,1.0000,0.0000,False,False,False
48484,1.0000,0.0000,False,False,False
48485,1.0000,0.0000,False,False,False
48486,1.0000,0.0000,False,False,False
48487,1.0000,0.0000,False,False,False
48488,1.0000,0.0000,False,False,False
48489,1.0000,0.0000,False,False,False
48490,1.0000,0.0000,False,False,False
48491,1.0000,0.0000,False,False,False
48492,1.0000,0.0000,False,False,False
48493,1.0000,0.0000,False,False,False
48494,0.0000,1.0000,False,False,False
48495,1.0000,0.0000,False,False,False
48496,1.0000,0.0000,False,False,False
48497,1.0000,0.0000,False,False,False
48498,1.0000,0.0000,False,False,False
48499,1.0000,0.0000,False,False,False
48500,1.0000,0.0000,False,False,False
48501,1.0000,0.0000,False,False,False
48502,1.0000,0.0000,False,False,False
48503,1.0000,0.0000,False,False,False
48504,1.0000,0.0000,False,False,False
48505,1.0000,0.0000,False,False,False
48506,0.0000,1.0000,False,False,False
48507,1.0000,0.0000,False,False,False
48508,1.0000,0.0000,False,False,False
48509,0.0000,1.0000,False,False,False
48510,0.0000,1.0000,False,False,False
48511,1.0000,0.0000,False,False,False
48512,1.0000,0.0000,False,False,False
48513,1.0000,0.0000,False,False,False
48514,1.0000,0.0000,False,False,False
48515,1.0000,0.0000,False,False,False
48516,1.0000,0.0000,False,False,False
48517,0.0000,1.0000,False,False,False
48518,1.0000,0.0000,False,False,False
48519,1.0000,0.0000,False,False,False
48520,0.0000,1.0000,False,False,False
48521,1.0000,0.0000,False,False,False
48522,1.0000,0.0000,False,False,False
48523,1.0000,0.0000,False,False,False
48524,0.0000,1.0000,False,False,False
48525,1.0000,0.0000,False,False,False
48526,1.0000,0.0000,False,False,False
48527,1.0000,0.0000,False,False,False
48528,1.0000,0.0000,False,False,False
48529,1.0000,0.0000,False,False,False
48530,1.0000,0.0000,False,False,False
48531,1.0000,0.0000,False,False,False
48532,1.0000,0.0000,False,False,False
48533,1.0000,0.0000,False,False,False
48534,1.0000,0.0000,False,False,False
48535,1.0000,0.0000,False,False,False
48536,1.0000,0.0000,False,False,False
48537,1.0000,0.0000,False,False,False
48538,1.0000,0.0000,False,False,False
48539,1.0000,0.0000,False,False,False
48540,1.0000,0.0000,False,False,False
48541,1.0000,0.0000,False,False,False
48542,0.0000,1.0000,False,False,False
48543,1.0000,0.0000,False,False,False
48544,1.0000,0.0000,False,False,False
48545,1.0000,0.0000,False,False,False
48546,0.0000,1.0000,False,False,False
48547,0.0000,1.0000,False,False,False
48548,1.0000,0.0000,False,False,False
48549,1.0000,0.0000,False,False,False
48550,1.0000,0.0000,False,False,False
48551,1.0000,0.0000,False,False,False
48552,0.0000,1.0000,False,False,False
48553,1.0000,0.0000,False,False,False
48554,1.0000,0.0000,False,False,False
48555,1.0000,0.0000,False,False,False
48556,1.0000,0.0000,False,False,False
48557,0.0000,1.0000,False,False,False
48558,0.0000,1.0000,False,False,False
48559,1.0000,0.0000,False,False,False
48560,1.0000,0.0000,False,False,False
48561,0.0000,1.0000,False,False,False
48562,0.0000,1.0000,False,False,False
48563,0.0000,1.0000,False,False,False
48564,1.0000,0.0000,False,False,False
48565,1.0000,0.0000,False,False,False
48566,1.0000,0.0000,False,False,False
48567,1.0000,0.0000,False,False,False
48568,0.0000,1.0000,False,False,False
48569,1.0000,0.0000,False,False,False
48570,0.0000,1.0000,False,False,False
48571,1.0000,0.0000,False,False,False
48572,1.0000,0.0000,False,False,False
48573,1.0000,0.0000,False,False,False
48574,1.0000,0.0000,False,False,False
48575,1.0000,0.0000,False,False,False
48576,0.0000,1.0000,False,False,False
48577,0.0000,1.0000,False,False,False
48578,0.0000,1.0000,False,False,False
48579,1.0000,0.0000,False,False,False
48580,1.0000,0.0000,False,False,False
48581,0.0000,1.0000,False,False,False
48582,1.0000,0.0000,False,False,False
48583,1.0000,0.0000,False,False,False
48584,0.0000,1.0000,False,False,False
48585,0.0000,1.0000,False,False,False
48586,1.0000,0.0000,False,False,False
48587,1.0000,0.0000,False,False,False
48588,1.0000,0.0000,False,False,False
48589,1.0000,0.0000,False,False,False
48590,1.0000,0.0000,False,False,False
48591,1.0000,0.0000,False,False,False
48592,0.0000,1.0000,False,False,False
48593,1.0000,0.0000,False,False,False
48594,1.0000,0.0000,False,False,False
48595,1.0000,0.0000,False,False,False
48596,1.0000,0.0000,False,False,False
48597,1.0000,0.0000,False,False,False
48598,1.0000,0.0000,False,False,False
48599,0.0000,1.0000,False,False,False
48600,1.0000,0.0000,False,False,False
48601,1.0000,0.0000,False,False,False
48602,1.0000,0.0000,False,False,False
48603,1.0000,0.0000,False,False,False
48604,1.0000,0.0000,False,False,False
48605,0.0000,1.0000,False,False,False
48606,0.0000,1.0000,False,False,False
48607,0.0000,1.0000,False,False,False
48608,0.0000,1.0000,False,False,False
48609,0.0000,1.0000,False,False,False
48610,0.0000,1.0000,False,False,False
48611,1.0000,0.0000,False,False,False
48612,1.0000,0.0000,False,False,False
48613,1.0000,0.0000,False,False,False
48614,1.0000,0.0000,False,False,False
48615,1.0000,0.0000,False,False,False
48616,1.0000,0.0000,False,False,False
48617,0.0000,1.0000,False,False,False
48618,1.0000,0.0000,False,False,False
48619,1.0000,0.0000,False,False,False
48620,0.0000,1.0000,False,False,False
48621,1.0000,0.0000,False,False,False
48622,1.0000,0.0000,False,False,False
48623,0.0000,1.0000,False,False,False
48624,1.0000,0.0000,False,False,False
48625,1.0000,0.0000,False,False,False
48626,0.0000,1.0000,False,False,False
48627,0.0000,1.0000,False,False,False
48628,0.0000,1.0000,False,False,False
48629,1.0000,0.0000,False,False,False
48630,0.0000,1.0000,False,False,False
48631,1.0000,0.0000,False,False,False
48632,0.0000,1.0000,False,False,False
48633,0.0000,1.0000,False,False,False
48634,0.0000,1.0000,False,False,False
48635,1.0000,0.0000,False,False,False
48636,1.0000,0.0000,False,False,False
48637,0.0000,1.0000,False,False,False
48638,1.0000,0.0000,False,False,False
48639,1.0000,0.0000,False,False,False
48640,0.0000,1.0000,False,False,False
48641,1.0000,0.0000,False,False,False
48642,1.0000,0.0000,False,False,False
48643,1.0000,0.0000,False,False,False
48644,1.0000,0.0000,False,False,False
48645,1.0000,0.0000,False,False,False
48646,1.0000,0.0000,False,False,False
48647,1.0000,0.0000,False,False,False
48648,1.0000,0.0000,False,False,False
48649,1.0000,0.0000,False,False,False
48650,1.0000,0.0000,False,False,False
48651,0.0000,1.0000,False,False,False
48652,0.0000,1.0000,False,False,False
48653,1.0000,0.0000,False,False,False
48654,1.0000,0.0000,False,False,False
48655,1.0000,0.0000,False,False,False
48656,0.0000,1.0000,False,False,False
48657,0.0000,1.0000,False,False,False
48658,1.0000,0.0000,False,False,False
48659,1.0000,0.0000,False,False,False
48660,1.0000,0.0000,False,False,False
48661,1.0000,0.0000,False,False,False
48662,1.0000,0.0000,False,False,False
48663,1.0000,0.0000,False,False,False
48664,0.0000,1.0000,False,False,False
48665,1.0000,0.0000,False,False,False
48666,1.0000,0.0000,False,False,False
48667,1.0000,0.0000,False,False,False
48668,0.0000,1.0000,False,False,False
48669,1.0000,0.0000,False,False,False
48670,1.0000,0.0000,False,False,False
48671,1.0000,0.0000,False,False,False
48672,1.0000,0.0000,False,False,False
48673,1.0000,0.0000,False,False,False
48674,1.0000,0.0000,False,False,False
48675,1.0000,0.0000,False,False,False
48676,0.0000,1.0000,False,False,False
48677,1.0000,0.0000,False,False,False
48678,1.0000,0.0000,False,False,False
48679,0.0000,1.0000,False,False,False
48680,1.0000,0.0000,False,False,False
48681,1.0000,0.0000,False,False,False
48682,1.0000,0.0000,False,False,False
48683,0.0000,1.0000,False,False,False
48684,0.0000,1.0000,False,False,False
48685,1.0000,0.0000,False,False,False
48686,1.0000,0.0000,False,False,False
48687,1.0000,0.0000,False,False,False
48688,1.0000,0.0000,False,False,False
48689,1.0000,0.0000,False,False,False
48690,1.0000,0.0000,False,False,False
48691,1.0000,0.0000,False,False,False
48692,1.0000,0.0000,False,False,False
48693,1.0000,0.0000,False,False,False
48694,1.0000,0.0000,False,False,False
48695,1.0000,0.0000,False,False,False
48696,0.0000,1.0000,False,False,False
48697,1.0000,0.0000,False,False,False
48698,1.0000,0.0000,False,False,False
48699,1.0000,0.0000,False,False,False
48700,1.0000,0.0000,False,False,False
48701,0.0000,1.0000,False,False,False
48702,1.0000,0.0000,False,False,False
48703,1.0000,0.0000,False,False,False
48704,0.0000,1.0000,False,False,False
48705,1.0000,0.0000,False,False,False
48706,1.0000,0.0000,False,False,False
48707,1.0000,0.0000,False,False,False
48708,1.0000,0.0000,False,False,False
48709,1.0000,0.0000,False,False,False
48710,1.0000,0.0000,False,False,False
48711,0.0000,1.0000,False,False,False
48712,1.0000,0.0000,False,False,False
48713,1.0000,0.0000,False,False,False
48714,0.0000,1.0000,False,False,False
48715,0.0000,1.0000,False,False,False
48716,1.0000,0.0000,False,False,False
48717,0.0000,1.0000,False,False,False
48718,1.0000,0.0000,False,False,False
48719,0.0000,1.0000,False,False,False
48720,1.0000,0.0000,False,False,False
48721,1.0000,0.0000,False,False,False
48722,1.0000,0.0000,False,False,False
48723,1.0000,0.0000,False,False,False
48724,1.0000,0.0000,False,False,False
48725,0.0000,1.0000,False,False,False
48726,1.0000,0.0000,False,False,False
48727,1.0000,0.0000,False,False,False
48728,1.0000,0.0000,False,False,False
48729,0.0000,1.0000,False,False,False
48730,1.0000,0.0000,False,False,False
48731,1.0000,0.0000,False,False,False
48732,0.0000,1.0000,False,False,False
48733,1.0000,0.0000,False,False,False
48734,0.0000,1.0000,False,False,False
48735,1.0000,0.0000,False,False,False
48736,1.0000,0.0000,False,False,False
48737,1.0000,0.0000,False,False,False
48738,0.0000,1.0000,False,False,False
48739,1.0000,0.0000,False,False,False
48740,1.0000,0.0000,False,False,False
48741,1.0000,0.0000,False,False,False
48742,1.0000,0.0000,False,False,False
48743,0.0000,1.0000,False,False,False
48744,1.0000,0.0000,False,False,False
48745,1.0000,0.0000,False,False,False
48746,0.0000,1.0000,False,False,False
48747,1.0000,0.0000,False,False,False
48748,1.0000,0.0000,False,False,False
48749,0.0000,1.0000,False,False,False
48750,0.0000,1.0000,False,False,False
48751,1.0000,0.0000,False,False,False
48752,1.0000,0.0000,False,False,False
48753,1.0000,0.0000,False,False,False
48754,1.0000,0.0000,False,False,False
48755,1.0000,0.0000,False,False,False
48756,1.0000,0.0000,False,False,False
48757,1.0000,0.0000,False,False,False
48758,1.0000,0.0000,False,False,False
48759,1.0000,0.0000,False,False,False
48760,1.0000,0.0000,False,False,False
48761,0.0000,1.0000,False,False,False
48762,1.0000,0.0000,False,False,False
48763,1.0000,0.0000,False,False,False
48764,1.0000,0.0000,False,False,False
48765,1.0000,0.0000,False,False,False
48766,1.0000,0.0000,False,False,False
48767,1.0000,0.0000,False,False,False
48768,1.0000,0.0000,False,False,False
48769,1.0000,0.0000,False,False,False
48770,1.0000,0.0000,False,False,False
48771,0.0000,1.0000,False,False,False
48772,0.0000,1.0000,False,False,False
48773,1.0000,0.0000,False,False,False
48774,1.0000,0.0000,False,False,False
48775,1.0000,0.0000,False,False,False
48776,1.0000,0.0000,False,False,False
48777,0.0000,1.0000,False,False,False
48778,0.0000,1.0000,False,False,False
48779,0.0000,1.0000,False,False,False
48780,1.0000,0.0000,False,False,False
48781,1.0000,0.0000,False,False,False
48782,1.0000,0.0000,False,False,False
48783,1.0000,0.0000,False,False,False
48784,0.0000,1.0000,False,False,False
48785,1.0000,0.0000,False,False,False
48786,1.0000,0.0000,False,False,False
48787,0.0000,1.0000,False,False,False
48788,1.0000,0.0000,False,False,False
48789,0.0000,1.0000,False,False,False
48790,1.0000,0.0000,False,False,False
48791,1.0000,0.0000,False,False,False
48792,1.0000,0.0000,False,False,False
48793,1.0000,0.0000,False,False,False
48794,1.0000,0.0000,False,False,False
48795,0.0000,1.0000,False,False,False
48796,1.0000,0.0000,False,False,False
48797,1.0000,0.0000,False,False,False
48798,1.0000,0.0000,False,False,False
48799,1.0000,0.0000,False,False,False
48800,0.0000,1.0000,False,False,False
48801,1.0000,0.0000,False,False,False
48802,1.0000,0.0000,False,False,False
48803,1.0000,0.0000,False,False,False
48804,1.0000,0.0000,False,False,False
48805,1.0000,0.0000,False,False,False
48806,1.0000,0.0000,False,False,False
48807,1.0000,0.0000,False,False,False
48808,1.0000,0.0000,False,False,False
48809,1.0000,0.0000,False,False,False
48810,1.0000,0.0000,False,False,False
48811,0.0000,1.0000,False,False,False
48812,0.0000,1.0000,False,False,False
48813,1.0000,0.0000,False,False,False
48814,0.0000,1.0000,False,False,False
48815,0.0000,1.0000,False,False,False
48816,1.0000,0.0000,False,False,False
48817,1.0000,0.0000,False,False,False
48818,1.0000,0.0000,False,False,False
48819,1.0000,0.0000,False,False,False
48820,0.0000,1.0000,False,False,False
48821,1.0000,0.0000,False,False,False
48822,0.0000,1.0000,False,False,False
48823,1.0000,0.0000,False,False,False
48824,0.0000,1.0000,False,False,False
48825,0.0000,1.0000,False,False,False
48826,0.0000,1.0000,False,False,False
48827,1.0000,0.0000,False,False,False
48828,1.0000,0.0000,False,False,False
48829,1.0000,0.0000,False,False,False
48830,1.0000,0.0000,False,False,False
48831,1.0000,0.0000,False,False,False
48832,0.0000,1.0000,False,False,False
48833,1.0000,0.0000,False,False,False
48834,0.0000,1.0000,False,False,False
48835,1.0000,0.0000,False,False,False
48836,1.0000,0.0000,False,False,False
48837,1.0000,0.0000,False,False,False
48838,1.0000,0.0000,False,False,False
48839,1.0000,0.0000,False,False,False
48840,1.0000,0.0000,False,False,False
48841,1.0000,0.0000,False,False,False
48842,1.0000,0.0000,False,False,False
48843,1.0000,0.0000,False,False,False
48844,1.0000,0.0000,False,False,False
48845,1.0000,0.0000,False,False,False
48846,1.0000,0.0000,False,False,False
48847,1.0000,0.0000,False,False,False
48848,1.0000,0.0000,False,False,False
48849,1.0000,0.0000,False,False,False
48850,0.0000,1.0000,False,False,False
48851,1.0000,0.0000,False,False,False
48852,0.0000,1.0000,False,False,False
48853,1.0000,0.0000,False,False,False
48854,1.0000,0.0000,False,False,False
48855,0.0000,1.0000,False,False,False
48856,1.0000,0.0000,False,False,False
48857,1.0000,0.0000,False,False,False
48858,1.0000,0.0000,False,False,False
48859,1.0000,0.0000,False,False,False
48860,1.0000,0.0000,False,False,False
48861,1.0000,0.0000,False,False,False
48862,1.0000,0.0000,False,False,False
48863,1.0000,0.0000,False,False,False
48864,0.0000,1.0000,False,False,False
48865,0.0000,1.0000,False,False,False
48866,1.0000,0.0000,False,False,False
48867,1.0000,0.0000,False,False,False
48868,0.0000,1.0000,False,False,False
48869,0.0000,1.0000,False,False,False
48870,0.0000,1.0000,False,False,False
48871,1.0000,0.0000,False,False,False
48872,1.0000,0.0000,False,False,False
48873,1.0000,0.0000,False,False,False
48874,0.0000,1.0000,False,False,False
48875,0.0000,1.0000,False,False,False
48876,0.0000,1.0000,False,False,False
48877,1.0000,0.0000,False,False,False
48878,0.0000,1.0000,False,False,False
48879,1.0000,0.0000,False,False,False
48880,1.0000,0.0000,False,False,False
48881,1.0000,0.0000,False,False,False
48882,1.0000,0.0000,False,False,False
48883,1.0000,0.0000,False,False,False
48884,1.0000,0.0000,False,False,False
48885,1.0000,0.0000,False,False,False
48886,1.0000,0.0000,False,False,False
48887,1.0000,0.0000,False,False,False
48888,0.0000,1.0000,False,False,False
48889,1.0000,0.0000,False,False,False
48890,1.0000,0.0000,False,False,False
48891,1.0000,0.0000,False,False,False
48892,1.0000,0.0000,False,False,False
48893,1.0000,0.0000,False,False,False
48894,1.0000,0.0000,False,False,False
48895,1.0000,0.0000,False,False,False
48896,1.0000,0.0000,False,False,False
48897,1.0000,0.0000,False,False,False
48898,1.0000,0.0000,False,False,False
48899,1.0000,0.0000,False,False,False
48900,1.0000,0.0000,False,False,False
48901,1.0000,0.0000,False,False,False
48902,1.0000,0.0000,False,False,False
48903,1.0000,0.0000,False,False,False
48904,1.0000,0.0000,False,False,False
48905,1.0000,0.0000,False,False,False
48906,1.0000,0.0000,False,False,False
48907,1.0000,0.0000,False,False,False
48908,1.0000,0.0000,False,False,False
48909,0.0000,1.0000,False,False,False
48910,0.0000,1.0000,False,False,False
48911,1.0000,0.0000,False,False,False
48912,1.0000,0.0000,False,False,False
48913,1.0000,0.0000,False,False,False
48914,1.0000,0.0000,False,False,False
48915,0.0000,1.0000,False,False,False
48916,0.0000,1.0000,False,False,False
48917,1.0000,0.0000,False,False,False
48918,1.0000,0.0000,False,False,False
48919,0.0000,1.0000,False,False,False
48920,1.0000,0.0000,False,False,False
48921,1.0000,0.0000,False,False,False
48922,1.0000,0.0000,False,False,False
48923,1.0000,0.0000,False,False,False
48924,0.0000,1.0000,False,False,False
48925,1.0000,0.0000,False,False,False
48926,1.0000,0.0000,False,False,False
48927,1.0000,0.0000,False,False,False
48928,0.0000,1.0000,False,False,False
48929,1.0000,0.0000,False,False,False
48930,1.0000,0.0000,False,False,False
48931,1.0000,0.0000,False,False,False
48932,1.0000,0.0000,False,False,False
48933,0.0000,1.0000,False,False,False
48934,0.0000,1.0000,False,False,False
48935,0.0000,1.0000,False,False,False
48936,1.0000,0.0000,False,False,False
48937,0.0000,1.0000,False,False,False
48938,1.0000,0.0000,False,False,False
48939,1.0000,0.0000,False,False,False
48940,1.0000,0.0000,False,False,False
48941,1.0000,0.0000,False,False,False
48942,1.0000,0.0000,False,False,False
48943,0.0000,1.0000,False,False,False
48944,1.0000,0.0000,False,False,False
48945,1.0000,0.0000,False,False,False
48946,0.0000,1.0000,False,False,False
48947,1.0000,0.0000,False,False,False
48948,1.0000,0.0000,False,False,False
48949,1.0000,0.0000,False,False,False
48950,1.0000,0.0000,False,False,False
48951,1.0000,0.0000,False,False,False
48952,1.0000,0.0000,False,False,False
48953,1.0000,0.0000,False,False,False
48954,1.0000,0.0000,False,False,False
48955,1.0000,0.0000,False,False,False
48956,1.0000,0.0000,False,False,False
48957,1.0000,0.0000,False,False,False
48958,1.0000,0.0000,False,False,False
48959,1.0000,0.0000,False,False,False
48960,1.0000,0.0000,False,False,False
48961,1.0000,0.0000,False,False,False
48962,1.0000,0.0000,False,False,False
48963,1.0000,0.0000,False,False,False
48964,1.0000,0.0000,False,False,False
48965,1.0000,0.0000,False,False,False
48966,1.0000,0.0000,False,False,False
48967,1.0000,0.0000,False,False,False
48968,1.0000,0.0000,False,False,False
48969,1.0000,0.0000,False,False,False
48970,1.0000,0.0000,False,False,False
48971,1.0000,0.0000,False,False,False
48972,0.0000,1.0000,False,False,False
48973,1.0000,0.0000,False,False,False
48974,1.0000,0.0000,False,False,False
48975,1.0000,0.0000,False,False,False
48976,1.0000,0.0000,False,False,False
48977,1.0000,0.0000,False,False,False
48978,0.0000,1.0000,False,False,False
48979,1.0000,0.0000,False,False,False
48980,1.0000,0.0000,False,False,False
48981,1.0000,0.0000,False,False,False
48982,1.0000,0.0000,False,False,False
48983,0.0000,1.0000,False,False,False
48984,1.0000,0.0000,False,False,False
48985,1.0000,0.0000,False,False,False
48986,0.0000,1.0000,False,False,False
48987,0.0000,1.0000,False,False,False
48988,1.0000,0.0000,False,False,False
48989,1.0000,0.0000,False,False,False
48990,0.0000,1.0000,False,False,False
48991,1.0000,0.0000,False,False,False
48992,1.0000,0.0000,False,False,False
48993,1.0000,0.0000,False,False,False
48994,1.0000,0.0000,False,False,False
48995,0.0000,1.0000,False,False,False
48996,1.0000,0.0000,False,False,False
48997,1.0000,0.0000,False,False,False
48998,1.0000,0.0000,False,False,False
48999,1.0000,0.0000,False,False,False
49000,0.0000,1.0000,False,False,False
49001,1.0000,0.0000,False,False,False
49002,1.0000,0.0000,False,False,False
49003,1.0000,0.0000,False,False,False
49004,1.0000,0.0000,False,False,False
49005,0.0000,1.0000,False,False,False
49006,0.0000,1.0000,False,False,False
49007,1.0000,0.0000,False,False,False
49008,1.0000,0.0000,False,False,False
49009,0.0000,1.0000,False,False,False
49010,1.0000,0.0000,False,False,False
49011,0.0000,1.0000,False,False,False
49012,0.0000,1.0000,False,False,False
49013,1.0000,0.0000,False,False,False
49014,1.0000,0.0000,False,False,False
49015,0.0000,1.0000,False,False,False
49016,1.0000,0.0000,False,False,False
49017,1.0000,0.0000,False,False,False
49018,1.0000,0.0000,False,False,False
49019,0.0000,1.0000,False,False,False
49020,1.0000,0.0000,False,False,False
49021,0.0000,1.0000,False,False,False
49022,0.0000,1.0000,False,False,False
49023,0.0000,1.0000,False,False,False
49024,1.0000,0.0000,False,False,False
49025,0.0000,1.0000,False,False,False
49026,1.0000,0.0000,False,False,False
49027,1.0000,0.0000,False,False,False
49028,0.0000,1.0000,False,False,False
49029,0.0000,1.0000,False,False,False
49030,1.0000,0.0000,False,False,False
49031,1.0000,0.0000,False,False,False
49032,1.0000,0.0000,False,False,False
49033,0.0000,1.0000,False,False,False
49034,0.0000,1.0000,False,False,False
49035,1.0000,0.0000,False,False,False
49036,1.0000,0.0000,False,False,False
49037,1.0000,0.0000,False,False,False
49038,0.0000,1.0000,False,False,False
49039,0.0000,1.0000,False,False,False
49040,1.0000,0.0000,False,False,False
49041,0.0000,1.0000,False,False,False
49042,1.0000,0.0000,False,False,False
49043,1.0000,0.0000,False,False,False
49044,1.0000,0.0000,False,False,False
49045,1.0000,0.0000,False,False,False
49046,0.0000,1.0000,False,False,False
49047,1.0000,0.0000,False,False,False
49048,1.0000,0.0000,False,False,False
49049,1.0000,0.0000,False,False,False
49050,1.0000,0.0000,False,False,False
49051,1.0000,0.0000,False,False,False
49052,1.0000,0.0000,False,False,False
49053,1.0000,0.0000,False,False,False
49054,1.0000,0.0000,False,False,False
49055,1.0000,0.0000,False,False,False
49056,1.0000,0.0000,False,False,False
49057,1.0000,0.0000,False,False,False
49058,1.0000,0.0000,False,False,False
49059,0.0000,1.0000,False,False,False
49060,1.0000,0.0000,False,False,False
49061,0.0000,1.0000,False,False,False
49062,1.0000,0.0000,False,False,False
49063,1.0000,0.0000,False,False,False
49064,0.0000,1.0000,False,False,False
49065,1.0000,0.0000,False,False,False
49066,1.0000,0.0000,False,False,False
49067,1.0000,0.0000,False,False,False
49068,1.0000,0.0000,False,False,False
49069,0.0000,1.0000,False,False,False
49070,1.0000,0.0000,False,False,False
49071,1.0000,0.0000,False,False,False
49072,0.0000,1.0000,False,False,False
49073,1.0000,0.0000,False,False,False
49074,1.0000,0.0000,False,False,False
49075,0.0000,1.0000,False,False,False
49076,0.0000,1.0000,False,False,False
49077,1.0000,0.0000,False,False,False
49078,1.0000,0.0000,False,False,False
49079,0.0000,1.0000,False,False,False
49080,1.0000,0.0000,False,False,False
49081,0.0000,1.0000,False,False,False
49082,1.0000,0.0000,False,False,False
49083,0.0000,1.0000,False,False,False
49084,1.0000,0.0000,False,False,False
49085,1.0000,0.0000,False,False,False
49086,1.0000,0.0000,False,False,False
49087,1.0000,0.0000,False,False,False
49088,1.0000,0.0000,False,False,False
49089,1.0000,0.0000,False,False,False
49090,0.0000,1.0000,False,False,False
49091,1.0000,0.0000,False,False,False
49092,0.0000,1.0000,False,False,False
49093,1.0000,0.0000,False,False,False
49094,0.0000,1.0000,False,False,False
49095,1.0000,0.0000,False,False,False
49096,1.0000,0.0000,False,False,False
49097,1.0000,0.0000,False,False,False
49098,1.0000,0.0000,False,False,False
49099,1.0000,0.0000,False,False,False
49100,1.0000,0.0000,False,False,False
49101,1.0000,0.0000,False,False,False
49102,0.0000,1.0000,False,False,False
49103,1.0000,0.0000,False,False,False
49104,1.0000,0.0000,False,False,False
49105,0.0000,1.0000,False,False,False
49106,1.0000,0.0000,False,False,False
49107,0.0000,1.0000,False,False,False
49108,1.0000,0.0000,False,False,False
49109,1.0000,0.0000,False,False,False
49110,1.0000,0.0000,False,False,False
49111,1.0000,0.0000,False,False,False
49112,1.0000,0.0000,False,False,False
49113,1.0000,0.0000,False,False,False
49114,0.0000,1.0000,False,False,False
49115,1.0000,0.0000,False,False,False
49116,1.0000,0.0000,False,False,False
49117,0.0000,1.0000,False,False,False
49118,1.0000,0.0000,False,False,False
49119,1.0000,0.0000,False,False,False
49120,1.0000,0.0000,False,False,False
49121,1.0000,0.0000,False,False,False
49122,1.0000,0.0000,False,False,False
49123,1.0000,0.0000,False,False,False
49124,0.0000,1.0000,False,False,False
49125,1.0000,0.0000,False,False,False
49126,0.0000,1.0000,False,False,False
49127,1.0000,0.0000,False,False,False
49128,1.0000,0.0000,False,False,False
49129,0.0000,1.0000,False,False,False
49130,0.0000,1.0000,False,False,False
49131,1.0000,0.0000,False,False,False
49132,1.0000,0.0000,False,False,False
49133,0.0000,1.0000,False,False,False
49134,0.0000,1.0000,False,False,False
49135,0.0000,1.0000,False,False,False
49136,0.0000,1.0000,False,False,False
49137,0.0000,1.0000,False,False,False
49138,1.0000,0.0000,False,False,False
49139,0.0000,1.0000,False,False,False
49140,1.0000,0.0000,False,False,False
49141,0.0000,1.0000,False,False,False
49142,1.0000,0.0000,False,False,False
49143,1.0000,0.0000,False,False,False
49144,1.0000,0.0000,False,False,False
49145,1.0000,0.0000,False,False,False
49146,0.0000,1.0000,False,False,False
49147,1.0000,0.0000,False,False,False
49148,1.0000,0.0000,False,False,False
49149,1.0000,0.0000,False,False,False
49150,1.0000,0.0000,False,False,False
49151,1.0000,0.0000,False,False,False
49152,0.0000,1.0000,False,False,False
49153,0.0000,1.0000,False,False,False
49154,0.0000,1.0000,False,False,False
49155,1.0000,0.0000,False,False,False
49156,0.0000,1.0000,False,False,False
49157,1.0000,0.0000,False,False,False
49158,0.0000,1.0000,False,False,False
49159,1.0000,0.0000,False,False,False
49160,1.0000,0.0000,False,False,False
49161,0.0000,1.0000,False,False,False
49162,1.0000,0.0000,False,False,False
49163,1.0000,0.0000,False,False,False
49164,1.0000,0.0000,False,False,False
49165,1.0000,0.0000,False,False,False
49166,1.0000,0.0000,False,False,False
49167,1.0000,0.0000,False,False,False
49168,1.0000,0.0000,False,False,False
49169,1.0000,0.0000,False,False,False
49170,0.0000,1.0000,False,False,False
49171,0.0000,1.0000,False,False,False
49172,1.0000,0.0000,False,False,False
49173,0.0000,1.0000,False,False,False
49174,0.0000,1.0000,False,False,False
49175,1.0000,0.0000,False,False,False
49176,1.0000,0.0000,False,False,False
49177,1.0000,0.0000,False,False,False
49178,1.0000,0.0000,False,False,False
49179,1.0000,0.0000,False,False,False
49180,0.0000,1.0000,False,False,False
49181,0.0000,1.0000,False,False,False
49182,1.0000,0.0000,False,False,False
49183,0.0000,1.0000,False,False,False
49184,1.0000,0.0000,False,False,False
49185,1.0000,0.0000,False,False,False
49186,1.0000,0.0000,False,False,False
49187,1.0000,0.0000,False,False,False
49188,0.0000,1.0000,False,False,False
49189,0.0000,1.0000,False,False,False
49190,1.0000,0.0000,False,False,False
49191,1.0000,0.0000,False,False,False
49192,1.0000,0.0000,False,False,False
49193,1.0000,0.0000,False,False,False
49194,1.0000,0.0000,False,False,False
49195,0.0000,1.0000,False,False,False
49196,1.0000,0.0000,False,False,False
49197,1.0000,0.0000,False,False,False
49198,1.0000,0.0000,False,False,False
49199,1.0000,0.0000,False,False,False
49200,0.0000,1.0000,False,False,False
49201,1.0000,0.0000,False,False,False
49202,1.0000,0.0000,False,False,False
49203,0.0000,1.0000,False,False,False
49204,1.0000,0.0000,False,False,False
49205,1.0000,0.0000,False,False,False
49206,1.0000,0.0000,False,False,False
49207,0.0000,1.0000,False,False,False
49208,0.0000,1.0000,False,False,False
49209,0.0000,1.0000,False,False,False
49210,1.0000,0.0000,False,False,False
49211,1.0000,0.0000,False,False,False
49212,1.0000,0.0000,False,False,False
49213,1.0000,0.0000,False,False,False
49214,1.0000,0.0000,False,False,False
49215,0.0000,1.0000,False,False,False
49216,1.0000,0.0000,False,False,False
49217,1.0000,0.0000,False,False,False
49218,1.0000,0.0000,False,False,False
49219,1.0000,0.0000,False,False,False
49220,1.0000,0.0000,False,False,False
49221,0.0000,1.0000,False,False,False
49222,1.0000,0.0000,False,False,False
49223,1.0000,0.0000,False,False,False
49224,0.0000,1.0000,False,False,False
49225,1.0000,0.0000,False,False,False
49226,1.0000,0.0000,False,False,False
49227,1.0000,0.0000,False,False,False
49228,1.0000,0.0000,False,False,False
49229,1.0000,0.0000,False,False,False
49230,1.0000,0.0000,False,False,False
49231,1.0000,0.0000,False,False,False
49232,0.0000,1.0000,False,False,False
49233,1.0000,0.0000,False,False,False
49234,0.0000,1.0000,False,False,False
49235,1.0000,0.0000,False,False,False
49236,0.0000,1.0000,False,False,False
49237,0.0000,1.0000,False,False,False
49238,0.0000,1.0000,False,False,False
49239,1.0000,0.0000,False,False,False
49240,1.0000,0.0000,False,False,False
49241,1.0000,0.0000,False,False,False
49242,1.0000,0.0000,False,False,False
49243,1.0000,0.0000,False,False,False
49244,1.0000,0.0000,False,False,False
49245,0.0000,1.0000,False,False,False
49246,0.0000,1.0000,False,False,False
49247,1.0000,0.0000,False,False,False
49248,1.0000,0.0000,False,False,False
49249,1.0000,0.0000,False,False,False
49250,1.0000,0.0000,False,False,False
49251,1.0000,0.0000,False,False,False
49252,1.0000,0.0000,False,False,False
49253,1.0000,0.0000,False,False,False
49254,1.0000,0.0000,False,False,False
49255,1.0000,0.0000,False,False,False
49256,0.0000,1.0000,False,False,False
49257,1.0000,0.0000,False,False,False
49258,1.0000,0.0000,False,False,False
49259,1.0000,0.0000,False,False,False
49260,1.0000,0.0000,False,False,False
49261,1.0000,0.0000,False,False,False
49262,1.0000,0.0000,False,False,False
49263,1.0000,0.0000,False,False,False
49264,1.0000,0.0000,False,False,False
49265,1.0000,0.0000,False,False,False
49266,0.0000,1.0000,False,False,False
49267,1.0000,0.0000,False,False,False
49268,1.0000,0.0000,False,False,False
49269,0.0000,1.0000,False,False,False
49270,1.0000,0.0000,False,False,False
49271,1.0000,0.0000,False,False,False
49272,0.0000,1.0000,False,False,False
49273,1.0000,0.0000,False,False,False
49274,0.0000,1.0000,False,False,False
49275,1.0000,0.0000,False,False,False
49276,0.0000,1.0000,False,False,False
49277,0.0000,1.0000,False,False,False
49278,0.0000,1.0000,False,False,False
49279,1.0000,0.0000,False,False,False
49280,1.0000,0.0000,False,False,False
49281,1.0000,0.0000,False,False,False
49282,1.0000,0.0000,False,False,False
49283,1.0000,0.0000,False,False,False
49284,1.0000,0.0000,False,False,False
49285,1.0000,0.0000,False,False,False
49286,1.0000,0.0000,False,False,False
49287,0.0000,1.0000,False,False,False
49288,0.0000,1.0000,False,False,False
49289,0.0000,1.0000,False,False,False
49290,1.0000,0.0000,False,False,False
49291,0.0000,1.0000,False,False,False
49292,1.0000,0.0000,False,False,False
49293,1.0000,0.0000,False,False,False
49294,1.0000,0.0000,False,False,False
49295,1.0000,0.0000,False,False,False
49296,1.0000,0.0000,False,False,False
49297,1.0000,0.0000,False,False,False
49298,0.0000,1.0000,False,False,False
49299,1.0000,0.0000,False,False,False
49300,1.0000,0.0000,False,False,False
49301,1.0000,0.0000,False,False,False
49302,1.0000,0.0000,False,False,False
49303,1.0000,0.0000,False,False,False
49304,1.0000,0.0000,False,False,False
49305,1.0000,0.0000,False,False,False
49306,1.0000,0.0000,False,False,False
49307,1.0000,0.0000,False,False,False
49308,1.0000,0.0000,False,False,False
49309,1.0000,0.0000,False,False,False
49310,1.0000,0.0000,False,False,False
49311,1.0000,0.0000,False,False,False
49312,1.0000,0.0000,False,False,False
49313,1.0000,0.0000,False,False,False
49314,1.0000,0.0000,False,False,False
49315,1.0000,0.0000,False,False,False
49316,1.0000,0.0000,False,False,False
49317,0.0000,1.0000,False,False,False
49318,1.0000,0.0000,False,False,False
49319,1.0000,0.0000,False,False,False
49320,1.0000,0.0000,False,False,False
49321,1.0000,0.0000,False,False,False
49322,1.0000,0.0000,False,False,False
49323,1.0000,0.0000,False,False,False
49324,1.0000,0.0000,False,False,False
49325,1.0000,0.0000,False,False,False
49326,1.0000,0.0000,False,False,False
49327,0.0000,1.0000,False,False,False
49328,1.0000,0.0000,False,False,False
49329,1.0000,0.0000,False,False,False
49330,1.0000,0.0000,False,False,False
49331,1.0000,0.0000,False,False,False
49332,0.0000,1.0000,False,False,False
49333,1.0000,0.0000,False,False,False
49334,1.0000,0.0000,False,False,False
49335,0.0000,1.0000,False,False,False
49336,0.0000,1.0000,False,False,False
49337,0.0000,1.0000,False,False,False
49338,0.0000,1.0000,False,False,False
49339,0.0000,1.0000,False,False,False
49340,1.0000,0.0000,False,False,False
49341,0.0000,1.0000,False,False,False
49342,0.0000,1.0000,False,False,False
49343,1.0000,0.0000,False,False,False
49344,0.0000,1.0000,False,False,False
49345,1.0000,0.0000,False,False,False
49346,0.0000,1.0000,False,False,False
49347,1.0000,0.0000,False,False,False
49348,0.0000,1.0000,False,False,False
49349,1.0000,0.0000,False,False,False
49350,1.0000,0.0000,False,False,False
49351,1.0000,0.0000,False,False,False
49352,0.0000,1.0000,False,False,False
49353,1.0000,0.0000,False,False,False
49354,0.0000,1.0000,False,False,False
49355,1.0000,0.0000,False,False,False
49356,1.0000,0.0000,False,False,False
49357,0.0000,1.0000,False,False,False
49358,1.0000,0.0000,False,False,False
49359,1.0000,0.0000,False,False,False
49360,1.0000,0.0000,False,False,False
49361,1.0000,0.0000,False,False,False
49362,0.0000,1.0000,False,False,False
49363,1.0000,0.0000,False,False,False
49364,1.0000,0.0000,False,False,False
49365,1.0000,0.0000,False,False,False
49366,0.0000,1.0000,False,False,False
49367,1.0000,0.0000,False,False,False
49368,1.0000,0.0000,False,False,False
49369,0.0000,1.0000,False,False,False
49370,1.0000,0.0000,False,False,False
49371,0.0000,1.0000,False,False,False
49372,0.0000,1.0000,False,False,False
49373,1.0000,0.0000,False,False,False
49374,0.0000,1.0000,False,False,False
49375,0.0000,1.0000,False,False,False
49376,1.0000,0.0000,False,False,False
49377,1.0000,0.0000,False,False,False
49378,1.0000,0.0000,False,False,False
49379,0.0000,1.0000,False,False,False
49380,1.0000,0.0000,False,False,False
49381,1.0000,0.0000,False,False,False
49382,1.0000,0.0000,False,False,False
49383,1.0000,0.0000,False,False,False
49384,1.0000,0.0000,False,False,False
49385,0.0000,1.0000,False,False,False
49386,1.0000,0.0000,False,False,False
49387,1.0000,0.0000,False,False,False
49388,1.0000,0.0000,False,False,False
49389,1.0000,0.0000,False,False,False
49390,1.0000,0.0000,False,False,False
49391,1.0000,0.0000,False,False,False
49392,1.0000,0.0000,False,False,False
49393,0.0000,1.0000,False,False,False
49394,1.0000,0.0000,False,False,False
49395,1.0000,0.0000,False,False,False
49396,1.0000,0.0000,False,False,False
49397,1.0000,0.0000,False,False,False
49398,1.0000,0.0000,False,False,False
49399,1.0000,0.0000,False,False,False
49400,1.0000,0.0000,False,False,False
49401,1.0000,0.0000,False,False,False
49402,0.0000,1.0000,False,False,False
49403,1.0000,0.0000,False,False,False
49404,0.0000,1.0000,False,False,False
49405,1.0000,0.0000,False,False,False
49406,0.0000,1.0000,False,False,False
49407,0.0000,1.0000,False,False,False
49408,1.0000,0.0000,False,False,False
49409,1.0000,0.0000,False,False,False
49410,1.0000,0.0000,False,False,False
49411,1.0000,0.0000,False,False,False
49412,1.0000,0.0000,False,False,False
49413,0.0000,1.0000,False,False,False
49414,1.0000,0.0000,False,False,False
49415,1.0000,0.0000,False,False,False
49416,1.0000,0.0000,False,False,False
49417,1.0000,0.0000,False,False,False
49418,1.0000,0.0000,False,False,False
49419,0.0000,1.0000,False,False,False
49420,0.0000,1.0000,False,False,False
49421,1.0000,0.0000,False,False,False
49422,1.0000,0.0000,False,False,False
49423,1.0000,0.0000,False,False,False
49424,1.0000,0.0000,False,False,False
49425,1.0000,0.0000,False,False,False
49426,1.0000,0.0000,False,False,False
49427,0.0000,1.0000,False,False,False
49428,1.0000,0.0000,False,False,False
49429,0.0000,1.0000,False,False,False
49430,1.0000,0.0000,False,False,False
49431,1.0000,0.0000,False,False,False
49432,1.0000,0.0000,False,False,False
49433,0.0000,1.0000,False,False,False
49434,1.0000,0.0000,False,False,False
49435,1.0000,0.0000,False,False,False
49436,1.0000,0.0000,False,False,False
49437,1.0000,0.0000,False,False,False
49438,0.0000,1.0000,False,False,False
49439,1.0000,0.0000,False,False,False
49440,1.0000,0.0000,False,False,False
49441,0.0000,1.0000,False,False,False
49442,1.0000,0.0000,False,False,False
49443,0.0000,1.0000,False,False,False
49444,1.0000,0.0000,False,False,False
49445,1.0000,0.0000,False,False,False
49446,1.0000,0.0000,False,False,False
49447,0.0000,1.0000,False,False,False
49448,1.0000,0.0000,False,False,False
49449,1.0000,0.0000,False,False,False
49450,1.0000,0.0000,False,False,False
49451,0.0000,1.0000,False,False,False
49452,1.0000,0.0000,False,False,False
49453,1.0000,0.0000,False,False,False
49454,1.0000,0.0000,False,False,False
49455,1.0000,0.0000,False,False,False
49456,0.0000,1.0000,False,False,False
49457,1.0000,0.0000,False,False,False
49458,1.0000,0.0000,False,False,False
49459,1.0000,0.0000,False,False,False
49460,1.0000,0.0000,False,False,False
49461,1.0000,0.0000,False,False,False
49462,1.0000,0.0000,False,False,False
49463,0.0000,1.0000,False,False,False
49464,0.0000,1.0000,False,False,False
49465,0.0000,1.0000,False,False,False
49466,1.0000,0.0000,False,False,False
49467,1.0000,0.0000,False,False,False
49468,1.0000,0.0000,False,False,False
49469,1.0000,0.0000,False,False,False
49470,1.0000,0.0000,False,False,False
49471,1.0000,0.0000,False,False,False
49472,1.0000,0.0000,False,False,False
49473,0.0000,1.0000,False,False,False
49474,1.0000,0.0000,False,False,False
49475,1.0000,0.0000,False,False,False
49476,1.0000,0.0000,False,False,False
49477,1.0000,0.0000,False,False,False
49478,0.0000,1.0000,False,False,False
49479,1.0000,0.0000,False,False,False
49480,1.0000,0.0000,False,False,False
49481,1.0000,0.0000,False,False,False
49482,1.0000,0.0000,False,False,False
49483,0.0000,1.0000,False,False,False
49484,1.0000,0.0000,False,False,False
49485,1.0000,0.0000,False,False,False
49486,1.0000,0.0000,False,False,False
49487,1.0000,0.0000,False,False,False
49488,0.0000,1.0000,False,False,False
49489,0.0000,1.0000,False,False,False
49490,1.0000,0.0000,False,False,False
49491,1.0000,0.0000,False,False,False
49492,1.0000,0.0000,False,False,False
49493,1.0000,0.0000,False,False,False
49494,1.0000,0.0000,False,False,False
49495,1.0000,0.0000,False,False,False
49496,1.0000,0.0000,False,False,False
49497,1.0000,0.0000,False,False,False
49498,1.0000,0.0000,False,False,False
49499,1.0000,0.0000,False,False,False
49500,0.0000,1.0000,False,False,False
49501,1.0000,0.0000,False,False,False
49502,1.0000,0.0000,False,False,False
49503,1.0000,0.0000,False,False,False
49504,1.0000,0.0000,False,False,False
49505,1.0000,0.0000,False,False,False
49506,1.0000,0.0000,False,False,False
49507,0.0000,1.0000,False,False,False
49508,0.0000,1.0000,False,False,False
49509,1.0000,0.0000,False,False,False
49510,1.0000,0.0000,False,False,False
49511,1.0000,0.0000,False,False,False
49512,1.0000,0.0000,False,False,False
49513,1.0000,0.0000,False,False,False
49514,1.0000,0.0000,False,False,False
49515,0.0000,1.0000,False,False,False
49516,0.0000,1.0000,False,False,False
49517,0.0000,1.0000,False,False,False
49518,0.0000,1.0000,False,False,False
49519,1.0000,0.0000,False,False,False
49520,1.0000,0.0000,False,False,False
49521,0.0000,1.0000,False,False,False
49522,0.0000,1.0000,False,False,False
49523,0.0000,1.0000,False,False,False
49524,1.0000,0.0000,False,False,False
49525,0.0000,1.0000,False,False,False
49526,1.0000,0.0000,False,False,False
49527,0.0000,1.0000,False,False,False
49528,1.0000,0.0000,False,False,False
49529,1.0000,0.0000,False,False,False
49530,1.0000,0.0000,False,False,False
49531,1.0000,0.0000,False,False,False
49532,0.0000,1.0000,False,False,False
49533,1.0000,0.0000,False,False,False
49534,1.0000,0.0000,False,False,False
49535,1.0000,0.0000,False,False,False
49536,1.0000,0.0000,False,False,False
49537,1.0000,0.0000,False,False,False
49538,1.0000,0.0000,False,False,False
49539,1.0000,0.0000,False,False,False
49540,1.0000,0.0000,False,False,False
49541,1.0000,0.0000,False,False,False
49542,1.0000,0.0000,False,False,False
49543,0.0000,1.0000,False,False,False
49544,1.0000,0.0000,False,False,False
49545,1.0000,0.0000,False,False,False
49546,1.0000,0.0000,False,False,False
49547,0.0000,1.0000,False,False,False
49548,1.0000,0.0000,False,False,False
49549,1.0000,0.0000,False,False,False
49550,1.0000,0.0000,False,False,False
49551,1.0000,0.0000,False,False,False
49552,1.0000,0.0000,False,False,False
49553,1.0000,0.0000,False,False,False
49554,0.0000,1.0000,False,False,False
49555,0.0000,1.0000,False,False,False
49556,1.0000,0.0000,False,False,False
49557,0.0000,1.0000,False,False,False
49558,1.0000,0.0000,False,False,False
49559,1.0000,0.0000,False,False,False
49560,0.0000,1.0000,False,False,False
49561,0.0000,1.0000,False,False,False
49562,0.0000,1.0000,False,False,False
49563,1.0000,0.0000,False,False,False
49564,0.0000,1.0000,False,False,False
49565,1.0000,0.0000,False,False,False
49566,1.0000,0.0000,False,False,False
49567,1.0000,0.0000,False,False,False
49568,1.0000,0.0000,False,False,False
49569,1.0000,0.0000,False,False,False
49570,1.0000,0.0000,False,False,False
49571,1.0000,0.0000,False,False,False
49572,0.0000,1.0000,False,False,False
49573,1.0000,0.0000,False,False,False
49574,1.0000,0.0000,False,False,False
49575,1.0000,0.0000,False,False,False
49576,1.0000,0.0000,False,False,False
49577,0.0000,1.0000,False,False,False
49578,0.0000,1.0000,False,False,False
49579,0.0000,1.0000,False,False,False
49580,0.0000,1.0000,False,False,False
49581,1.0000,0.0000,False,False,False
49582,0.0000,1.0000,False,False,False
49583,0.0000,1.0000,False,False,False
49584,1.0000,0.0000,False,False,False
49585,1.0000,0.0000,False,False,False
49586,1.0000,0.0000,False,False,False
49587,1.0000,0.0000,False,False,False
49588,0.0000,1.0000,False,False,False
49589,1.0000,0.0000,False,False,False
49590,1.0000,0.0000,False,False,False
49591,1.0000,0.0000,False,False,False
49592,1.0000,0.0000,False,False,False
49593,1.0000,0.0000,False,False,False
49594,1.0000,0.0000,False,False,False
49595,0.0000,1.0000,False,False,False
49596,1.0000,0.0000,False,False,False
49597,1.0000,0.0000,False,False,False
49598,0.0000,1.0000,False,False,False
49599,1.0000,0.0000,False,False,False
49600,1.0000,0.0000,False,False,False
49601,1.0000,0.0000,False,False,False
49602,1.0000,0.0000,False,False,False
49603,0.0000,1.0000,False,False,False
49604,1.0000,0.0000,False,False,False
49605,1.0000,0.0000,False,False,False
49606,0.0000,1.0000,False,False,False
49607,1.0000,0.0000,False,False,False
49608,1.0000,0.0000,False,False,False
49609,1.0000,0.0000,False,False,False
49610,1.0000,0.0000,False,False,False
49611,1.0000,0.0000,False,False,False
49612,1.0000,0.0000,False,False,False
49613,1.0000,0.0000,False,False,False
49614,1.0000,0.0000,False,False,False
49615,1.0000,0.0000,False,False,False
49616,1.0000,0.0000,False,False,False
49617,1.0000,0.0000,False,False,False
49618,1.0000,0.0000,False,False,False
49619,1.0000,0.0000,False,False,False
49620,1.0000,0.0000,False,False,False
49621,1.0000,0.0000,False,False,False
49622,0.0000,1.0000,False,False,False
49623,1.0000,0.0000,False,False,False
49624,1.0000,0.0000,False,False,False
49625,1.0000,0.0000,False,False,False
49626,1.0000,0.0000,False,False,False
49627,0.0000,1.0000,False,False,False
49628,1.0000,0.0000,False,False,False
49629,0.0000,1.0000,False,False,False
49630,1.0000,0.0000,False,False,False
49631,1.0000,0.0000,False,False,False
49632,0.0000,1.0000,False,False,False
49633,1.0000,0.0000,False,False,False
49634,1.0000,0.0000,False,False,False
49635,0.0000,1.0000,False,False,False
49636,0.0000,1.0000,False,False,False
49637,1.0000,0.0000,False,False,False
49638,1.0000,0.0000,False,False,False
49639,1.0000,0.0000,False,False,False
49640,1.0000,0.0000,False,False,False
49641,1.0000,0.0000,False,False,False
49642,0.0000,1.0000,False,False,False
49643,0.0000,1.0000,False,False,False
49644,1.0000,0.0000,False,False,False
49645,1.0000,0.0000,False,False,False
49646,1.0000,0.0000,False,False,False
49647,1.0000,0.0000,False,False,False
49648,1.0000,0.0000,False,False,False
49649,1.0000,0.0000,False,False,False
49650,1.0000,0.0000,False,False,False
49651,0.0000,1.0000,False,False,False
49652,0.0000,1.0000,False,False,False
49653,1.0000,0.0000,False,False,False
49654,0.0000,1.0000,False,False,False
49655,1.0000,0.0000,False,False,False
49656,0.0000,1.0000,False,False,False
49657,1.0000,0.0000,False,False,False
49658,1.0000,0.0000,False,False,False
49659,1.0000,0.0000,False,False,False
49660,1.0000,0.0000,False,False,False
49661,0.0000,1.0000,False,False,False
49662,0.0000,1.0000,False,False,False
49663,1.0000,0.0000,False,False,False
49664,0.0000,1.0000,False,False,False
49665,0.0000,1.0000,False,False,False
49666,1.0000,0.0000,False,False,False
49667,1.0000,0.0000,False,False,False
49668,0.0000,1.0000,False,False,False
49669,1.0000,0.0000,False,False,False
49670,0.0000,1.0000,False,False,False
49671,1.0000,0.0000,False,False,False
49672,1.0000,0.0000,False,False,False
49673,1.0000,0.0000,False,False,False
49674,1.0000,0.0000,False,False,False
49675,1.0000,0.0000,False,False,False
49676,1.0000,0.0000,False,False,False
49677,1.0000,0.0000,False,False,False
49678,1.0000,0.0000,False,False,False
49679,1.0000,0.0000,False,False,False
49680,1.0000,0.0000,False,False,False
49681,1.0000,0.0000,False,False,False
49682,1.0000,0.0000,False,False,False
49683,1.0000,0.0000,False,False,False
49684,1.0000,0.0000,False,False,False
49685,0.0000,1.0000,False,False,False
49686,1.0000,0.0000,False,False,False
49687,0.0000,1.0000,False,False,False
49688,1.0000,0.0000,False,False,False
49689,0.0000,1.0000,False,False,False
49690,0.0000,1.0000,False,False,False
49691,1.0000,0.0000,False,False,False
49692,1.0000,0.0000,False,False,False
49693,0.0000,1.0000,False,False,False
49694,0.0000,1.0000,False,False,False
49695,1.0000,0.0000,False,False,False
49696,1.0000,0.0000,False,False,False
49697,0.0000,1.0000,False,False,False
49698,1.0000,0.0000,False,False,False
49699,0.0000,1.0000,False,False,False
49700,1.0000,0.0000,False,False,False
49701,1.0000,0.0000,False,False,False
49702,1.0000,0.0000,False,False,False
49703,1.0000,0.0000,False,False,False
49704,1.0000,0.0000,False,False,False
49705,1.0000,0.0000,False,False,False
49706,0.0000,1.0000,False,False,False
49707,1.0000,0.0000,False,False,False
49708,1.0000,0.0000,False,False,False
49709,1.0000,0.0000,False,False,False
49710,1.0000,0.0000,False,False,False
49711,1.0000,0.0000,False,False,False
49712,1.0000,0.0000,False,False,False
49713,1.0000,0.0000,False,False,False
49714,1.0000,0.0000,False,False,False
49715,1.0000,0.0000,False,False,False
49716,1.0000,0.0000,False,False,False
49717,0.0000,1.0000,False,False,False
49718,1.0000,0.0000,False,False,False
49719,1.0000,0.0000,False,False,False
49720,1.0000,0.0000,False,False,False
49721,1.0000,0.0000,False,False,False
49722,1.0000,0.0000,False,False,False
49723,1.0000,0.0000,False,False,False
49724,0.0000,1.0000,False,False,False
49725,0.0000,1.0000,False,False,False
49726,1.0000,0.0000,False,False,False
49727,1.0000,0.0000,False,False,False
49728,0.0000,1.0000,False,False,False
49729,0.0000,1.0000,False,False,False
49730,1.0000,0.0000,False,False,False
49731,1.0000,0.0000,False,False,False
49732,1.0000,0.0000,False,False,False
49733,1.0000,0.0000,False,False,False
49734,0.0000,1.0000,False,False,False
49735,1.0000,0.0000,False,False,False
49736,1.0000,0.0000,False,False,False
49737,0.0000,1.0000,False,False,False
49738,0.0000,1.0000,False,False,False
49739,0.0000,1.0000,False,False,False
49740,0.0000,1.0000,False,False,False
49741,1.0000,0.0000,False,False,False
49742,1.0000,0.0000,False,False,False
49743,1.0000,0.0000,False,False,False
49744,1.0000,0.0000,False,False,False
49745,1.0000,0.0000,False,False,False
49746,0.0000,1.0000,False,False,False
49747,0.0000,1.0000,False,False,False
49748,0.0000,1.0000,False,False,False
49749,1.0000,0.0000,False,False,False
49750,0.0000,1.0000,False,False,False
49751,1.0000,0.0000,False,False,False
49752,0.0000,1.0000,False,False,False
49753,1.0000,0.0000,False,False,False
49754,0.0000,1.0000,False,False,False
49755,1.0000,0.0000,False,False,False
49756,1.0000,0.0000,False,False,False
49757,1.0000,0.0000,False,False,False
49758,1.0000,0.0000,False,False,False
49759,1.0000,0.0000,False,False,False
49760,1.0000,0.0000,False,False,False
49761,1.0000,0.0000,False,False,False
49762,1.0000,0.0000,False,False,False
49763,1.0000,0.0000,False,False,False
49764,1.0000,0.0000,False,False,False
49765,1.0000,0.0000,False,False,False
49766,1.0000,0.0000,False,False,False
49767,0.0000,1.0000,False,False,False
49768,1.0000,0.0000,False,False,False
49769,1.0000,0.0000,False,False,False
49770,0.0000,1.0000,False,False,False
49771,1.0000,0.0000,False,False,False
49772,1.0000,0.0000,False,False,False
49773,0.0000,1.0000,False,False,False
49774,1.0000,0.0000,False,False,False
49775,1.0000,0.0000,False,False,False
49776,1.0000,0.0000,False,False,False
49777,0.0000,1.0000,False,False,False
49778,1.0000,0.0000,False,False,False
49779,1.0000,0.0000,False,False,False
49780,0.0000,1.0000,False,False,False
49781,0.0000,1.0000,False,False,False
49782,0.0000,1.0000,False,False,False
49783,1.0000,0.0000,False,False,False
49784,1.0000,0.0000,False,False,False
49785,0.0000,1.0000,False,False,False
49786,1.0000,0.0000,False,False,False
49787,1.0000,0.0000,False,False,False
49788,1.0000,0.0000,False,False,False
49789,1.0000,0.0000,False,False,False
49790,1.0000,0.0000,False,False,False
49791,0.0000,1.0000,False,False,False
49792,1.0000,0.0000,False,False,False
49793,1.0000,0.0000,False,False,False
49794,0.0000,1.0000,False,False,False
49795,1.0000,0.0000,False,False,False
49796,1.0000,0.0000,False,False,False
49797,1.0000,0.0000,False,False,False
49798,1.0000,0.0000,False,False,False
49799,1.0000,0.0000,False,False,False
49800,1.0000,0.0000,False,False,False
49801,0.0000,1.0000,False,False,False
49802,0.0000,1.0000,False,False,False
49803,1.0000,0.0000,False,False,False
49804,1.0000,0.0000,False,False,False
49805,1.0000,0.0000,False,False,False
49806,1.0000,0.0000,False,False,False
49807,1.0000,0.0000,False,False,False
49808,1.0000,0.0000,False,False,False
49809,1.0000,0.0000,False,False,False
49810,0.0000,1.0000,False,False,False
49811,1.0000,0.0000,False,False,False
49812,1.0000,0.0000,False,False,False
49813,1.0000,0.0000,False,False,False
49814,1.0000,0.0000,False,False,False
49815,0.0000,1.0000,False,False,False
49816,1.0000,0.0000,False,False,False
49817,1.0000,0.0000,False,False,False
49818,1.0000,0.0000,False,False,False
49819,1.0000,0.0000,False,False,False
49820,0.0000,1.0000,False,False,False
49821,0.0000,1.0000,False,False,False
49822,1.0000,0.0000,False,False,False
49823,1.0000,0.0000,False,False,False
49824,1.0000,0.0000,False,False,False
49825,1.0000,0.0000,False,False,False
49826,1.0000,0.0000,False,False,False
49827,1.0000,0.0000,False,False,False
49828,1.0000,0.0000,False,False,False
49829,1.0000,0.0000,False,False,False
49830,1.0000,0.0000,False,False,False
49831,1.0000,0.0000,False,False,False
49832,0.0000,1.0000,False,False,False
49833,1.0000,0.0000,False,False,False
49834,1.0000,0.0000,False,False,False
49835,1.0000,0.0000,False,False,False
49836,1.0000,0.0000,False,False,False
49837,1.0000,0.0000,False,False,False
49838,1.0000,0.0000,False,False,False
49839,1.0000,0.0000,False,False,False
49840,1.0000,0.0000,False,False,False
49841,1.0000,0.0000,False,False,False
49842,1.0000,0.0000,False,False,False
49843,1.0000,0.0000,False,False,False
49844,1.0000,0.0000,False,False,False
49845,1.0000,0.0000,False,False,False
49846,1.0000,0.0000,False,False,False
49847,1.0000,0.0000,False,False,False
49848,0.0000,1.0000,False,False,False
49849,1.0000,0.0000,False,False,False
49850,1.0000,0.0000,False,False,False
49851,1.0000,0.0000,False,False,False
49852,0.0000,1.0000,False,False,False
49853,1.0000,0.0000,False,False,False
49854,0.0000,1.0000,False,False,False
49855,1.0000,0.0000,False,False,False
49856,1.0000,0.0000,False,False,False
49857,0.0000,1.0000,False,False,False
49858,1.0000,0.0000,False,False,False
49859,1.0000,0.0000,False,False,False
49860,1.0000,0.0000,False,False,False
49861,0.0000,1.0000,False,False,False
49862,1.0000,0.0000,False,False,False
49863,1.0000,0.0000,False,False,False
49864,1.0000,0.0000,False,False,False
49865,1.0000,0.0000,False,False,False
49866,1.0000,0.0000,False,False,False
49867,1.0000,0.0000,False,False,False
49868,1.0000,0.0000,False,False,False
49869,1.0000,0.0000,False,False,False
49870,1.0000,0.0000,False,False,False
49871,1.0000,0.0000,False,False,False
49872,1.0000,0.0000,False,False,False
49873,1.0000,0.0000,False,False,False
49874,1.0000,0.0000,False,False,False
49875,1.0000,0.0000,False,False,False
49876,0.0000,1.0000,False,False,False
49877,0.0000,1.0000,False,False,False
49878,1.0000,0.0000,False,False,False
49879,0.0000,1.0000,False,False,False
49880,0.0000,1.0000,False,False,False
49881,1.0000,0.0000,False,False,False
49882,0.0000,1.0000,False,False,False
49883,0.0000,1.0000,False,False,False
49884,1.0000,0.0000,False,False,False
49885,0.0000,1.0000,False,False,False
49886,1.0000,0.0000,False,False,False
49887,1.0000,0.0000,False,False,False
49888,0.0000,1.0000,False,False,False
49889,1.0000,0.0000,False,False,False
49890,0.0000,1.0000,False,False,False
49891,1.0000,0.0000,False,False,False
49892,0.0000,1.0000,False,False,False
49893,1.0000,0.0000,False,False,False
49894,0.0000,1.0000,False,False,False
49895,1.0000,0.0000,False,False,False
49896,1.0000,0.0000,False,False,False
49897,1.0000,0.0000,False,False,False
49898,1.0000,0.0000,False,False,False
49899,1.0000,0.0000,False,False,False
49900,1.0000,0.0000,False,False,False
49901,0.0000,1.0000,False,False,False
49902,1.0000,0.0000,False,False,False
49903,1.0000,0.0000,False,False,False
49904,1.0000,0.0000,False,False,False
49905,1.0000,0.0000,False,False,False
49906,1.0000,0.0000,False,False,False
49907,0.0000,1.0000,False,False,False
49908,1.0000,0.0000,False,False,False
49909,0.0000,1.0000,False,False,False
49910,1.0000,0.0000,False,False,False
49911,1.0000,0.0000,False,False,False
49912,0.0000,1.0000,False,False,False
49913,1.0000,0.0000,False,False,False
49914,0.0000,1.0000,False,False,False
49915,1.0000,0.0000,False,False,False
49916,0.0000,1.0000,False,False,False
49917,0.0000,1.0000,False,False,False
49918,1.0000,0.0000,False,False,False
49919,1.0000,0.0000,False,False,False
49920,0.0000,1.0000,False,False,False
49921,1.0000,0.0000,False,False,False
49922,1.0000,0.0000,False,False,False
49923,1.0000,0.0000,False,False,False
49924,1.0000,0.0000,False,False,False
49925,1.0000,0.0000,False,False,False
49926,1.0000,0.0000,False,False,False
49927,1.0000,0.0000,False,False,False
49928,1.0000,0.0000,False,False,False
49929,1.0000,0.0000,False,False,False
49930,0.0000,1.0000,False,False,False
49931,1.0000,0.0000,False,False,False
49932,0.0000,1.0000,False,False,False
49933,1.0000,0.0000,False,False,False
49934,0.0000,1.0000,False,False,False
49935,0.0000,1.0000,False,False,False
49936,1.0000,0.0000,False,False,False
49937,0.0000,1.0000,False,False,False
49938,0.0000,1.0000,False,False,False
49939,1.0000,0.0000,False,False,False
49940,0.0000,1.0000,False,False,False
49941,1.0000,0.0000,False,False,False
49942,1.0000,0.0000,False,False,False
49943,0.0000,1.0000,False,False,False
49944,1.0000,0.0000,False,False,False
49945,1.0000,0.0000,False,False,False
49946,1.0000,0.0000,False,False,False
49947,1.0000,0.0000,False,False,False
49948,1.0000,0.0000,False,False,False
49949,0.0000,1.0000,False,False,False
49950,0.0000,1.0000,False,False,False
49951,1.0000,0.0000,False,False,False
49952,1.0000,0.0000,False,False,False
49953,0.0000,1.0000,False,False,False
49954,1.0000,0.0000,False,False,False
49955,0.0000,1.0000,False,False,False
49956,1.0000,0.0000,False,False,False
49957,1.0000,0.0000,False,False,False
49958,1.0000,0.0000,False,False,False
49959,1.0000,0.0000,False,False,False
49960,1.0000,0.0000,False,False,False
49961,1.0000,0.0000,False,False,False
49962,1.0000,0.0000,False,False,False
49963,0.0000,1.0000,False,False,False
49964,0.0000,1.0000,False,False,False
49965,0.0000,1.0000,False,False,False
49966,0.0000,1.0000,False,False,False
49967,1.0000,0.0000,False,False,False
49968,1.0000,0.0000,False,False,False
49969,1.0000,0.0000,False,False,False
49970,1.0000,0.0000,False,False,False
49971,1.0000,0.0000,False,False,False
49972,1.0000,0.0000,False,False,False
49973,0.0000,1.0000,False,False,False
49974,1.0000,0.0000,False,False,False
49975,0.0000,1.0000,False,False,False
49976,0.0000,1.0000,False,False,False
49977,1.0000,0.0000,False,False,False
49978,1.0000,0.0000,False,False,False
49979,1.0000,0.0000,False,False,False
49980,1.0000,0.0000,False,False,False
49981,0.0000,1.0000,False,False,False
49982,0.0000,1.0000,False,False,False
49983,0.0000,1.0000,False,False,False
49984,0.0000,1.0000,False,False,False
49985,1.0000,0.0000,False,False,False
49986,1.0000,0.0000,False,False,False
49987,0.0000,1.0000,False,False,False
49988,1.0000,0.0000,False,False,False
49989,1.0000,0.0000,False,False,False
49990,1.0000,0.0000,False,False,False
49991,1.0000,0.0000,False,False,False
49992,1.0000,0.0000,False,False,False
49993,0.0000,1.0000,False,False,False
49994,1.0000,0.0000,False,False,False
49995,1.0000,0.0000,False,False,False
49996,1.0000,0.0000,False,False,False
49997,1.0000,0.0000,False,False,False
49998,1.0000,0.0000,False,False,False
49999,1.0000,0.0000,False,False,False
